PersonID,EventID,SpaceID,StartDateTime,EndDateTime
149,-1,0,2020-05-12 00:00:00,2020-05-12 09:43:22
144,-1,0,2020-05-12 00:00:00,2020-05-12 10:16:13
75,-1,0,2020-05-12 00:00:00,2020-05-12 08:11:34
114,-1,0,2020-05-12 00:00:00,2020-05-12 08:34:17
7,-1,0,2020-05-12 00:00:00,2020-05-12 09:04:45
141,-1,0,2020-05-12 00:00:00,2020-05-12 13:14:54
22,-1,0,2020-05-12 00:00:00,2020-05-12 08:58:19
125,-1,0,2020-05-12 00:00:00,2020-05-12 10:55:48
106,-1,0,2020-05-12 00:00:00,2020-05-12 11:28:55
124,-1,0,2020-05-12 00:00:00,2020-05-12 09:55:05
46,-1,0,2020-05-12 00:00:00,2020-05-12 08:43:49
63,-1,0,2020-05-12 00:00:00,2020-05-12 09:06:44
17,-1,0,2020-05-12 00:00:00,2020-05-12 07:44:51
88,-1,0,2020-05-12 00:00:00,2020-05-12 10:15:56
73,-1,0,2020-05-12 00:00:00,2020-05-12 09:30:35
61,-1,0,2020-05-12 00:00:00,2020-05-12 07:56:34
72,-1,0,2020-05-12 00:00:00,2020-05-12 09:00:44
66,-1,0,2020-05-12 00:00:00,2020-05-12 08:29:55
110,-1,0,2020-05-12 00:00:00,2020-05-12 09:54:10
19,-1,0,2020-05-12 00:00:00,2020-05-12 09:42:11
82,-1,0,2020-05-12 00:00:00,2020-05-12 09:15:27
147,-1,0,2020-05-12 00:00:00,2020-05-12 10:39:56
52,-1,0,2020-05-12 00:00:00,2020-05-12 09:56:10
14,-1,0,2020-05-12 00:00:00,2020-05-12 10:01:13
87,-1,0,2020-05-12 00:00:00,2020-05-12 09:59:59
157,-1,0,2020-05-12 00:00:00,2020-05-12 08:54:35
32,-1,0,2020-05-12 00:00:00,2020-05-12 09:53:32
59,-1,0,2020-05-12 00:00:00,2020-05-12 09:24:42
11,-1,0,2020-05-12 00:00:00,2020-05-12 10:03:40
113,-1,0,2020-05-12 00:00:00,2020-05-12 10:20:12
108,-1,0,2020-05-12 00:00:00,2020-05-12 09:46:33
79,-1,0,2020-05-12 00:00:00,2020-05-12 08:52:41
153,-1,0,2020-05-12 00:00:00,2020-05-12 10:05:01
26,-1,0,2020-05-12 00:00:00,2020-05-12 08:38:33
91,-1,0,2020-05-12 00:00:00,2020-05-12 07:52:34
6,-1,0,2020-05-12 00:00:00,2020-05-12 09:34:01
57,-1,0,2020-05-12 00:00:00,2020-05-12 09:20:58
34,-1,0,2020-05-12 00:00:00,2020-05-12 07:56:24
1,-1,0,2020-05-12 00:00:00,2020-05-12 09:06:58
54,-1,0,2020-05-12 00:00:00,2020-05-12 09:07:08
10,-1,0,2020-05-12 00:00:00,2020-05-12 08:40:26
36,-1,0,2020-05-12 00:00:00,2020-05-12 07:56:02
129,-1,0,2020-05-12 00:00:00,2020-05-12 11:03:36
90,-1,0,2020-05-12 00:00:00,2020-05-12 08:05:17
15,-1,0,2020-05-12 00:00:00,2020-05-12 09:16:09
145,-1,0,2020-05-12 00:00:00,2020-05-12 10:27:35
160,-1,0,2020-05-12 00:00:00,2020-05-12 10:34:53
155,-1,0,2020-05-12 00:00:00,2020-05-12 09:51:57
116,-1,0,2020-05-12 00:00:00,2020-05-12 12:37:25
77,-1,0,2020-05-12 00:00:00,2020-05-12 10:51:25
111,-1,0,2020-05-12 00:00:00,2020-05-12 10:35:13
40,-1,0,2020-05-12 00:00:00,2020-05-12 09:17:43
58,-1,0,2020-05-12 00:00:00,2020-05-12 09:34:39
101,-1,0,2020-05-12 00:00:00,2020-05-12 09:40:57
122,-1,0,2020-05-12 00:00:00,2020-05-12 10:09:16
41,-1,0,2020-05-12 00:00:00,2020-05-12 10:04:19
13,-1,0,2020-05-12 00:00:00,2020-05-12 09:40:47
89,-1,0,2020-05-12 00:00:00,2020-05-12 08:02:56
67,-1,0,2020-05-12 00:00:00,2020-05-12 08:19:34
80,-1,0,2020-05-12 00:00:00,2020-05-12 08:28:56
120,-1,0,2020-05-12 00:00:00,2020-05-12 09:00:44
84,-1,0,2020-05-12 00:00:00,2020-05-12 08:48:14
156,-1,0,2020-05-12 00:00:00,2020-05-12 09:09:32
55,-1,0,2020-05-12 00:00:00,2020-05-12 08:26:08
123,-1,0,2020-05-12 00:00:00,2020-05-12 11:51:57
9,-1,0,2020-05-12 00:00:00,2020-05-12 09:26:10
98,-1,0,2020-05-12 00:00:00,2020-05-12 09:16:45
35,-1,0,2020-05-12 00:00:00,2020-05-12 09:44:53
24,-1,0,2020-05-12 00:00:00,2020-05-12 09:39:17
2,-1,0,2020-05-12 00:00:00,2020-05-12 09:20:47
148,-1,0,2020-05-12 00:00:00,2020-05-12 12:54:10
142,-1,0,2020-05-12 00:00:00,2020-05-12 10:34:45
3,-1,0,2020-05-12 00:00:00,2020-05-12 09:04:42
131,-1,0,2020-05-12 00:00:00,2020-05-12 12:30:10
70,-1,0,2020-05-12 00:00:00,2020-05-12 09:40:41
152,-1,0,2020-05-12 00:00:00,2020-05-12 09:44:52
103,-1,0,2020-05-12 00:00:00,2020-05-12 09:35:27
49,-1,0,2020-05-12 00:00:00,2020-05-12 11:03:37
42,-1,0,2020-05-12 00:00:00,2020-05-12 10:10:25
150,-1,0,2020-05-12 00:00:00,2020-05-12 10:13:22
99,-1,0,2020-05-12 00:00:00,2020-05-12 10:18:11
112,-1,0,2020-05-12 00:00:00,2020-05-12 11:03:31
60,-1,0,2020-05-12 00:00:00,2020-05-12 08:12:40
37,-1,0,2020-05-12 00:00:00,2020-05-12 10:33:56
8,-1,0,2020-05-12 00:00:00,2020-05-12 09:36:36
85,-1,0,2020-05-12 00:00:00,2020-05-12 10:16:43
43,-1,0,2020-05-12 00:00:00,2020-05-12 09:10:24
50,-1,0,2020-05-12 00:00:00,2020-05-12 09:24:11
127,-1,0,2020-05-12 00:00:00,2020-05-12 08:00:27
51,-1,0,2020-05-12 00:00:00,2020-05-12 08:14:04
18,-1,0,2020-05-12 00:00:00,2020-05-12 09:52:59
102,-1,0,2020-05-12 00:00:00,2020-05-12 11:44:37
159,-1,0,2020-05-12 00:00:00,2020-05-12 08:52:08
121,-1,0,2020-05-12 00:00:00,2020-05-12 10:08:15
68,-1,0,2020-05-12 00:00:00,2020-05-12 07:45:54
97,-1,0,2020-05-12 00:00:00,2020-05-12 10:32:21
100,-1,0,2020-05-12 00:00:00,2020-05-12 11:05:59
109,-1,0,2020-05-12 00:00:00,2020-05-12 10:15:54
44,-1,0,2020-05-12 00:00:00,2020-05-12 09:16:58
118,-1,0,2020-05-12 00:00:00,2020-05-12 10:37:13
92,-1,0,2020-05-12 00:00:00,2020-05-12 08:08:06
28,-1,0,2020-05-12 00:00:00,2020-05-12 08:10:15
137,-1,0,2020-05-12 00:00:00,2020-05-12 12:11:08
115,-1,0,2020-05-12 00:00:00,2020-05-12 07:29:12
132,-1,0,2020-05-12 00:00:00,2020-05-12 08:30:52
20,-1,0,2020-05-12 00:00:00,2020-05-12 09:48:58
133,-1,0,2020-05-12 00:00:00,2020-05-12 10:31:00
33,-1,0,2020-05-12 00:00:00,2020-05-12 09:55:09
71,-1,0,2020-05-12 00:00:00,2020-05-12 09:32:29
31,-1,0,2020-05-12 00:00:00,2020-05-12 08:07:24
27,-1,0,2020-05-12 00:00:00,2020-05-12 09:59:56
151,-1,0,2020-05-12 00:00:00,2020-05-12 14:12:07
94,-1,0,2020-05-12 00:00:00,2020-05-12 07:47:12
139,-1,0,2020-05-12 00:00:00,2020-05-12 09:54:52
143,-1,0,2020-05-12 00:00:00,2020-05-12 10:41:15
117,-1,0,2020-05-12 00:00:00,2020-05-12 09:35:14
56,-1,0,2020-05-12 00:00:00,2020-05-12 09:10:46
134,-1,0,2020-05-12 00:00:00,2020-05-12 10:31:54
65,-1,0,2020-05-12 00:00:00,2020-05-12 10:33:35
74,-1,0,2020-05-12 00:00:00,2020-05-12 10:31:52
16,-1,0,2020-05-12 00:00:00,2020-05-12 11:27:45
12,-1,0,2020-05-12 00:00:00,2020-05-12 09:19:59
136,-1,0,2020-05-12 00:00:00,2020-05-12 10:53:47
105,-1,0,2020-05-12 00:00:00,2020-05-12 08:55:38
93,-1,0,2020-05-12 00:00:00,2020-05-12 10:10:47
126,-1,0,2020-05-12 00:00:00,2020-05-12 09:17:20
21,-1,0,2020-05-12 00:00:00,2020-05-12 08:55:38
104,-1,0,2020-05-12 00:00:00,2020-05-12 10:18:18
39,-1,0,2020-05-12 00:00:00,2020-05-12 09:31:32
76,-1,0,2020-05-12 00:00:00,2020-05-12 10:08:43
78,-1,0,2020-05-12 00:00:00,2020-05-12 09:49:01
53,-1,0,2020-05-12 00:00:00,2020-05-12 10:08:40
64,-1,0,2020-05-12 00:00:00,2020-05-12 09:53:09
146,-1,0,2020-05-12 00:00:00,2020-05-12 10:21:19
135,-1,0,2020-05-12 00:00:00,2020-05-12 08:40:15
138,-1,0,2020-05-12 00:00:00,2020-05-12 10:33:11
107,-1,0,2020-05-12 00:00:00,2020-05-12 08:57:51
29,-1,0,2020-05-12 00:00:00,2020-05-12 07:55:42
69,-1,0,2020-05-12 00:00:00,2020-05-12 08:05:07
119,-1,0,2020-05-12 00:00:00,2020-05-12 11:35:19
30,-1,0,2020-05-12 00:00:00,2020-05-12 08:25:07
154,-1,0,2020-05-12 00:00:00,2020-05-12 12:34:05
81,-1,0,2020-05-12 00:00:00,2020-05-12 10:06:52
128,-1,0,2020-05-12 00:00:00,2020-05-12 10:44:13
130,-1,0,2020-05-12 00:00:00,2020-05-12 10:34:26
158,-1,0,2020-05-12 00:00:00,2020-05-12 10:21:34
48,-1,0,2020-05-12 00:00:00,2020-05-12 09:02:11
62,-1,0,2020-05-12 00:00:00,2020-05-12 08:57:36
86,-1,0,2020-05-12 00:00:00,2020-05-12 09:35:26
95,-1,0,2020-05-12 00:00:00,2020-05-12 09:18:00
140,-1,0,2020-05-12 00:00:00,2020-05-12 07:31:15
5,-1,0,2020-05-12 00:00:00,2020-05-12 08:02:58
115,0,0,2020-05-12 07:29:12,2020-05-12 07:41:14
140,0,0,2020-05-12 07:31:15,2020-05-12 07:42:27
115,0,0,2020-05-12 07:41:14,2020-05-12 07:51:21
140,0,0,2020-05-12 07:42:27,2020-05-12 07:52:24
17,35,0,2020-05-12 07:44:51,2020-05-12 07:48:55
68,0,0,2020-05-12 07:45:54,2020-05-12 07:55:13
94,0,0,2020-05-12 07:47:12,2020-05-12 07:56:50
61,0,147,2020-05-12 07:48:32,2020-05-12 07:49:09
17,35,301,2020-05-12 07:48:55,2020-05-12 07:49:09
61,0,307,2020-05-12 07:49:09,2020-05-12 07:56:44
17,35,120,2020-05-12 07:49:09,2020-05-12 08:34:04
115,0,0,2020-05-12 07:51:21,2020-05-12 08:00:53
140,0,0,2020-05-12 07:52:24,2020-05-12 08:02:51
91,0,0,2020-05-12 07:52:34,2020-05-12 08:01:32
68,0,0,2020-05-12 07:55:13,2020-05-12 08:07:19
29,0,0,2020-05-12 07:55:42,2020-05-12 08:06:06
36,0,0,2020-05-12 07:56:02,2020-05-12 08:05:44
34,0,0,2020-05-12 07:56:24,2020-05-12 08:08:49
61,0,0,2020-05-12 07:56:34,2020-05-12 08:06:32
61,0,0,2020-05-12 07:56:44,2020-05-12 07:57:04
94,0,0,2020-05-12 07:56:50,2020-05-12 08:06:08
61,0,0,2020-05-12 07:57:04,2020-05-12 08:08:31
127,0,0,2020-05-12 08:00:27,2020-05-12 08:11:14
115,0,0,2020-05-12 08:00:53,2020-05-12 08:09:12
91,0,0,2020-05-12 08:01:32,2020-05-12 08:12:37
140,0,0,2020-05-12 08:02:51,2020-05-12 08:13:48
89,0,0,2020-05-12 08:02:56,2020-05-12 08:13:23
5,0,0,2020-05-12 08:02:58,2020-05-12 08:13:09
69,85,0,2020-05-12 08:05:07,2020-05-12 08:06:06
90,0,0,2020-05-12 08:05:17,2020-05-12 08:15:27
36,0,0,2020-05-12 08:05:44,2020-05-12 08:16:55
29,0,0,2020-05-12 08:06:06,2020-05-12 08:16:26
69,85,326,2020-05-12 08:06:06,2020-05-12 08:06:28
94,0,0,2020-05-12 08:06:08,2020-05-12 08:15:26
69,85,320,2020-05-12 08:06:28,2020-05-12 08:07:43
61,17,0,2020-05-12 08:06:32,2020-05-12 08:12:30
68,0,0,2020-05-12 08:07:19,2020-05-12 08:18:37
31,0,0,2020-05-12 08:07:24,2020-05-12 08:18:06
69,85,315,2020-05-12 08:07:43,2020-05-12 08:09:01
92,0,0,2020-05-12 08:08:06,2020-05-12 08:18:24
61,0,0,2020-05-12 08:08:31,2020-05-12 08:16:24
34,0,0,2020-05-12 08:08:49,2020-05-12 08:19:51
69,85,303,2020-05-12 08:09:01,2020-05-12 08:09:25
115,0,0,2020-05-12 08:09:12,2020-05-12 08:18:55
69,85,304,2020-05-12 08:09:25,2020-05-12 08:09:38
69,85,125,2020-05-12 08:09:38,2020-05-12 08:47:01
28,59,0,2020-05-12 08:10:15,2020-05-12 08:18:30
127,140,0,2020-05-12 08:11:14,2020-05-12 08:21:53
75,0,0,2020-05-12 08:11:34,2020-05-12 08:21:51
61,17,307,2020-05-12 08:12:30,2020-05-12 08:12:56
91,0,0,2020-05-12 08:12:37,2020-05-12 08:21:39
60,0,0,2020-05-12 08:12:40,2020-05-12 08:24:10
61,17,147,2020-05-12 08:12:56,2020-05-12 07:48:32
5,0,0,2020-05-12 08:13:09,2020-05-12 08:22:30
89,0,0,2020-05-12 08:13:23,2020-05-12 08:23:22
140,0,0,2020-05-12 08:13:48,2020-05-12 08:24:51
51,0,0,2020-05-12 08:14:04,2020-05-12 08:24:10
94,0,0,2020-05-12 08:15:26,2020-05-12 08:26:40
90,0,0,2020-05-12 08:15:27,2020-05-12 08:27:40
61,0,0,2020-05-12 08:16:24,2020-05-12 08:26:35
29,0,0,2020-05-12 08:16:26,2020-05-12 08:27:14
36,0,0,2020-05-12 08:16:55,2020-05-12 08:27:31
31,0,0,2020-05-12 08:18:06,2020-05-12 08:29:02
92,0,0,2020-05-12 08:18:24,2020-05-12 08:29:07
28,59,324,2020-05-12 08:18:30,2020-05-12 08:19:33
68,140,0,2020-05-12 08:18:37,2020-05-12 08:29:15
115,0,0,2020-05-12 08:18:55,2020-05-12 08:28:51
28,59,175,2020-05-12 08:19:33,2020-05-12 12:01:11
67,0,0,2020-05-12 08:19:34,2020-05-12 08:30:33
34,0,0,2020-05-12 08:19:51,2020-05-12 08:31:40
91,0,0,2020-05-12 08:21:39,2020-05-12 08:31:41
75,0,0,2020-05-12 08:21:51,2020-05-12 08:30:19
127,140,313,2020-05-12 08:21:53,2020-05-12 08:22:05
127,140,410,2020-05-12 08:22:05,2020-05-12 08:22:35
5,73,0,2020-05-12 08:22:30,2020-05-12 08:25:28
127,140,215,2020-05-12 08:22:35,2020-05-12 10:37:34
89,0,0,2020-05-12 08:23:22,2020-05-12 08:35:53
51,33,0,2020-05-12 08:24:10,2020-05-12 08:25:07
60,0,0,2020-05-12 08:24:10,2020-05-12 08:34:41
140,0,0,2020-05-12 08:24:51,2020-05-12 08:34:55
51,33,326,2020-05-12 08:25:07,2020-05-12 08:25:26
30,0,0,2020-05-12 08:25:07,2020-05-12 08:34:43
51,33,320,2020-05-12 08:25:26,2020-05-12 08:26:32
5,73,301,2020-05-12 08:25:28,2020-05-12 08:25:37
5,73,401,2020-05-12 08:25:37,2020-05-12 08:25:52
5,73,402,2020-05-12 08:25:52,2020-05-12 08:26:16
55,0,0,2020-05-12 08:26:08,2020-05-12 08:36:09
5,73,403,2020-05-12 08:26:16,2020-05-12 08:26:58
51,33,315,2020-05-12 08:26:32,2020-05-12 08:27:57
61,0,0,2020-05-12 08:26:35,2020-05-12 08:34:36
94,0,0,2020-05-12 08:26:40,2020-05-12 08:36:41
5,73,404,2020-05-12 08:26:58,2020-05-12 08:27:22
29,61,0,2020-05-12 08:27:14,2020-05-12 08:30:14
5,73,405,2020-05-12 08:27:22,2020-05-12 08:27:39
36,68,0,2020-05-12 08:27:31,2020-05-12 08:29:24
5,73,225,2020-05-12 08:27:39,2020-05-12 11:45:44
90,55,0,2020-05-12 08:27:40,2020-05-12 08:28:17
51,33,303,2020-05-12 08:27:57,2020-05-12 08:28:24
90,55,326,2020-05-12 08:28:17,2020-05-12 08:28:42
51,33,304,2020-05-12 08:28:24,2020-05-12 08:28:47
90,55,102,2020-05-12 08:28:42,2020-05-12 08:30:04
51,33,305,2020-05-12 08:28:47,2020-05-12 08:29:06
115,0,0,2020-05-12 08:28:51,2020-05-12 08:38:52
80,0,0,2020-05-12 08:28:56,2020-05-12 08:38:41
31,0,0,2020-05-12 08:29:02,2020-05-12 08:38:54
51,33,138,2020-05-12 08:29:06,2020-05-12 09:39:30
92,0,0,2020-05-12 08:29:07,2020-05-12 08:37:35
68,140,313,2020-05-12 08:29:15,2020-05-12 08:30:19
36,68,301,2020-05-12 08:29:24,2020-05-12 08:29:32
36,68,401,2020-05-12 08:29:32,2020-05-12 08:29:45
36,68,402,2020-05-12 08:29:45,2020-05-12 08:30:08
66,0,0,2020-05-12 08:29:55,2020-05-12 08:40:27
90,55,321,2020-05-12 08:30:04,2020-05-12 08:32:15
36,68,403,2020-05-12 08:30:08,2020-05-12 08:31:11
29,61,301,2020-05-12 08:30:14,2020-05-12 08:30:43
68,140,163,2020-05-12 08:30:19,2020-05-12 10:16:47
75,0,0,2020-05-12 08:30:19,2020-05-12 08:39:00
67,7,0,2020-05-12 08:30:33,2020-05-12 08:34:01
29,61,302,2020-05-12 08:30:43,2020-05-12 08:30:57
132,116,0,2020-05-12 08:30:52,2020-05-12 08:33:55
29,61,132,2020-05-12 08:30:57,2020-05-12 10:02:43
36,68,412,2020-05-12 08:31:11,2020-05-12 08:32:24
34,0,0,2020-05-12 08:31:40,2020-05-12 08:39:37
91,0,0,2020-05-12 08:31:41,2020-05-12 08:43:06
90,55,322,2020-05-12 08:32:15,2020-05-12 08:32:46
36,68,415,2020-05-12 08:32:24,2020-05-12 08:32:57
90,55,323,2020-05-12 08:32:46,2020-05-12 08:33:34
36,68,414,2020-05-12 08:32:57,2020-05-12 08:33:22
36,68,247,2020-05-12 08:33:22,2020-05-12 11:39:01
90,55,169,2020-05-12 08:33:34,2020-05-12 10:58:10
132,116,301,2020-05-12 08:33:55,2020-05-12 08:34:04
67,7,301,2020-05-12 08:34:01,2020-05-12 08:34:11
132,116,401,2020-05-12 08:34:04,2020-05-12 08:34:13
17,33,120,2020-05-12 08:34:04,2020-05-12 08:34:18
67,7,401,2020-05-12 08:34:11,2020-05-12 08:34:31
132,116,402,2020-05-12 08:34:13,2020-05-12 08:34:34
114,0,0,2020-05-12 08:34:17,2020-05-12 08:45:31
17,33,301,2020-05-12 08:34:18,2020-05-12 08:34:28
17,33,401,2020-05-12 08:34:28,2020-05-12 08:34:43
67,7,402,2020-05-12 08:34:31,2020-05-12 08:34:58
132,116,403,2020-05-12 08:34:34,2020-05-12 08:35:58
61,65,0,2020-05-12 08:34:36,2020-05-12 08:38:08
60,0,0,2020-05-12 08:34:41,2020-05-12 08:44:58
30,64,0,2020-05-12 08:34:43,2020-05-12 08:35:29
17,33,402,2020-05-12 08:34:43,2020-05-12 08:35:04
140,0,0,2020-05-12 08:34:55,2020-05-12 08:45:43
67,7,403,2020-05-12 08:34:58,2020-05-12 08:35:32
17,33,403,2020-05-12 08:35:04,2020-05-12 08:36:26
30,64,326,2020-05-12 08:35:29,2020-05-12 08:35:47
67,7,404,2020-05-12 08:35:32,2020-05-12 08:35:55
30,64,320,2020-05-12 08:35:47,2020-05-12 08:36:37
89,140,0,2020-05-12 08:35:53,2020-05-12 08:46:32
67,7,405,2020-05-12 08:35:55,2020-05-12 08:36:11
132,116,412,2020-05-12 08:35:58,2020-05-12 08:37:21
55,0,0,2020-05-12 08:36:09,2020-05-12 08:44:46
67,7,209,2020-05-12 08:36:11,2020-05-12 09:08:30
17,33,412,2020-05-12 08:36:26,2020-05-12 08:37:41
30,64,315,2020-05-12 08:36:37,2020-05-12 08:37:15
94,11,0,2020-05-12 08:36:41,2020-05-12 08:37:43
30,64,316,2020-05-12 08:37:15,2020-05-12 08:37:55
132,116,415,2020-05-12 08:37:21,2020-05-12 08:37:40
92,0,0,2020-05-12 08:37:35,2020-05-12 08:47:42
132,116,414,2020-05-12 08:37:40,2020-05-12 08:38:01
17,33,415,2020-05-12 08:37:41,2020-05-12 08:38:13
94,11,326,2020-05-12 08:37:43,2020-05-12 08:38:25
30,64,317,2020-05-12 08:37:55,2020-05-12 08:38:21
132,116,245,2020-05-12 08:38:01,2020-05-12 10:20:50
61,65,306,2020-05-12 08:38:08,2020-05-12 08:38:41
17,33,416,2020-05-12 08:38:13,2020-05-12 08:38:27
30,64,110,2020-05-12 08:38:21,2020-05-12 09:02:04
94,11,102,2020-05-12 08:38:25,2020-05-12 08:39:39
17,33,250,2020-05-12 08:38:27,2020-05-12 09:02:46
26,0,0,2020-05-12 08:38:33,2020-05-12 08:47:31
80,20,0,2020-05-12 08:38:41,2020-05-12 08:39:38
61,65,128,2020-05-12 08:38:41,2020-05-12 11:33:00
115,0,0,2020-05-12 08:38:52,2020-05-12 08:48:54
31,0,0,2020-05-12 08:38:54,2020-05-12 08:49:06
75,3,0,2020-05-12 08:39:00,2020-05-12 08:42:16
34,0,0,2020-05-12 08:39:37,2020-05-12 08:48:22
80,20,326,2020-05-12 08:39:38,2020-05-12 08:39:57
94,11,321,2020-05-12 08:39:39,2020-05-12 08:40:36
80,20,320,2020-05-12 08:39:57,2020-05-12 08:41:03
135,92,0,2020-05-12 08:40:15,2020-05-12 08:47:14
10,33,0,2020-05-12 08:40:26,2020-05-12 08:43:49
66,0,0,2020-05-12 08:40:27,2020-05-12 08:52:44
94,11,178,2020-05-12 08:40:36,2020-05-12 11:39:25
80,20,315,2020-05-12 08:41:03,2020-05-12 08:42:28
75,3,312,2020-05-12 08:42:16,2020-05-12 08:43:13
80,20,303,2020-05-12 08:42:28,2020-05-12 08:42:55
80,20,304,2020-05-12 08:42:55,2020-05-12 08:43:18
91,0,0,2020-05-12 08:43:06,2020-05-12 08:52:17
75,3,308,2020-05-12 08:43:13,2020-05-12 08:43:40
80,20,305,2020-05-12 08:43:18,2020-05-12 08:43:37
80,20,138,2020-05-12 08:43:37,2020-05-12 08:45:40
75,3,309,2020-05-12 08:43:40,2020-05-12 08:43:50
10,33,301,2020-05-12 08:43:49,2020-05-12 08:44:15
46,81,0,2020-05-12 08:43:49,2020-05-12 08:48:33
75,3,310,2020-05-12 08:43:50,2020-05-12 08:44:45
10,33,302,2020-05-12 08:44:15,2020-05-12 08:44:34
10,33,133,2020-05-12 08:44:34,2020-05-12 12:19:15
75,3,161,2020-05-12 08:44:45,2020-05-12 09:23:23
55,0,0,2020-05-12 08:44:46,2020-05-12 08:55:37
60,0,0,2020-05-12 08:44:58,2020-05-12 08:56:07
114,0,0,2020-05-12 08:45:31,2020-05-12 08:54:59
80,77,138,2020-05-12 08:45:40,2020-05-12 08:46:26
140,0,0,2020-05-12 08:45:43,2020-05-12 08:54:41
80,77,306,2020-05-12 08:46:26,2020-05-12 08:47:08
89,140,313,2020-05-12 08:46:32,2020-05-12 08:46:44
89,140,410,2020-05-12 08:46:44,2020-05-12 08:47:14
69,0,125,2020-05-12 08:47:01,2020-05-12 08:47:18
80,77,307,2020-05-12 08:47:08,2020-05-12 08:47:28
135,92,162,2020-05-12 08:47:14,2020-05-12 11:53:32
135,92,313,2020-05-12 08:47:14,2020-05-12 08:47:14
89,140,215,2020-05-12 08:47:14,2020-05-12 09:31:40
69,0,304,2020-05-12 08:47:18,2020-05-12 08:47:44
80,77,312,2020-05-12 08:47:28,2020-05-12 08:47:39
26,0,0,2020-05-12 08:47:31,2020-05-12 08:57:46
80,77,409,2020-05-12 08:47:39,2020-05-12 08:49:31
92,0,0,2020-05-12 08:47:42,2020-05-12 08:58:13
69,0,303,2020-05-12 08:47:44,2020-05-12 08:49:03
84,0,0,2020-05-12 08:48:14,2020-05-12 08:58:48
34,0,0,2020-05-12 08:48:22,2020-05-12 08:58:09
46,81,325,2020-05-12 08:48:33,2020-05-12 08:49:46
115,0,0,2020-05-12 08:48:54,2020-05-12 08:57:37
69,0,315,2020-05-12 08:49:03,2020-05-12 08:50:47
31,0,0,2020-05-12 08:49:06,2020-05-12 08:59:19
80,77,418,2020-05-12 08:49:31,2020-05-12 08:49:41
80,77,419,2020-05-12 08:49:41,2020-05-12 08:50:01
46,81,421,2020-05-12 08:49:46,2020-05-12 08:50:09
80,77,421,2020-05-12 08:50:01,2020-05-12 08:51:10
46,81,419,2020-05-12 08:50:09,2020-05-12 08:50:53
69,0,320,2020-05-12 08:50:47,2020-05-12 08:51:07
46,81,253,2020-05-12 08:50:53,2020-05-12 10:42:53
69,0,326,2020-05-12 08:51:07,2020-05-12 08:51:48
80,77,417,2020-05-12 08:51:10,2020-05-12 08:51:21
80,77,251,2020-05-12 08:51:21,2020-05-12 10:54:57
69,0,0,2020-05-12 08:51:48,2020-05-12 08:57:32
159,0,0,2020-05-12 08:52:08,2020-05-12 09:02:05
91,0,0,2020-05-12 08:52:17,2020-05-12 09:02:54
79,0,0,2020-05-12 08:52:41,2020-05-12 09:03:33
66,64,0,2020-05-12 08:52:44,2020-05-12 08:55:19
157,0,0,2020-05-12 08:54:35,2020-05-12 09:03:36
140,0,0,2020-05-12 08:54:41,2020-05-12 09:04:12
114,0,0,2020-05-12 08:54:59,2020-05-12 09:04:32
66,64,301,2020-05-12 08:55:19,2020-05-12 08:55:31
66,64,401,2020-05-12 08:55:31,2020-05-12 08:55:46
55,77,0,2020-05-12 08:55:37,2020-05-12 09:02:54
21,4,0,2020-05-12 08:55:38,2020-05-12 08:59:45
105,0,0,2020-05-12 08:55:38,2020-05-12 09:05:45
66,64,402,2020-05-12 08:55:46,2020-05-12 08:56:12
60,0,0,2020-05-12 08:56:07,2020-05-12 09:05:33
66,64,403,2020-05-12 08:56:12,2020-05-12 08:56:58
66,64,404,2020-05-12 08:56:58,2020-05-12 08:57:36
69,0,0,2020-05-12 08:57:32,2020-05-12 09:07:16
62,0,0,2020-05-12 08:57:36,2020-05-12 09:06:24
66,64,405,2020-05-12 08:57:36,2020-05-12 08:58:22
115,113,0,2020-05-12 08:57:37,2020-05-12 09:00:02
26,0,0,2020-05-12 08:57:46,2020-05-12 09:07:58
107,108,0,2020-05-12 08:57:51,2020-05-12 08:58:30
34,0,0,2020-05-12 08:58:09,2020-05-12 09:07:22
92,0,0,2020-05-12 08:58:13,2020-05-12 09:09:24
22,36,0,2020-05-12 08:58:19,2020-05-12 09:03:22
66,64,406,2020-05-12 08:58:22,2020-05-12 08:58:36
107,108,326,2020-05-12 08:58:30,2020-05-12 08:58:52
66,64,212,2020-05-12 08:58:36,2020-05-12 11:30:28
84,35,0,2020-05-12 08:58:48,2020-05-12 09:03:32
107,108,320,2020-05-12 08:58:52,2020-05-12 09:00:14
31,0,0,2020-05-12 08:59:19,2020-05-12 09:08:28
21,4,301,2020-05-12 08:59:45,2020-05-12 08:59:57
21,4,401,2020-05-12 08:59:57,2020-05-12 09:00:14
115,113,325,2020-05-12 09:00:02,2020-05-12 09:01:32
107,108,315,2020-05-12 09:00:14,2020-05-12 09:01:37
21,4,402,2020-05-12 09:00:14,2020-05-12 09:00:30
21,4,403,2020-05-12 09:00:30,2020-05-12 09:01:32
120,102,0,2020-05-12 09:00:44,2020-05-12 09:03:21
72,0,0,2020-05-12 09:00:44,2020-05-12 09:08:43
115,113,421,2020-05-12 09:01:32,2020-05-12 09:01:55
21,4,412,2020-05-12 09:01:32,2020-05-12 09:02:02
107,108,303,2020-05-12 09:01:37,2020-05-12 09:02:04
115,113,419,2020-05-12 09:01:55,2020-05-12 09:02:02
115,113,418,2020-05-12 09:02:02,2020-05-12 09:02:37
21,4,411,2020-05-12 09:02:02,2020-05-12 09:02:24
30,0,110,2020-05-12 09:02:04,2020-05-12 09:02:26
107,108,304,2020-05-12 09:02:04,2020-05-12 09:02:23
159,0,0,2020-05-12 09:02:05,2020-05-12 09:11:48
48,0,0,2020-05-12 09:02:11,2020-05-12 09:12:42
107,108,305,2020-05-12 09:02:23,2020-05-12 09:02:40
21,4,234,2020-05-12 09:02:24,2020-05-12 10:57:26
30,0,317,2020-05-12 09:02:26,2020-05-12 09:02:59
115,113,254,2020-05-12 09:02:37,2020-05-12 11:39:41
107,108,126,2020-05-12 09:02:40,2020-05-12 11:35:35
17,0,250,2020-05-12 09:02:46,2020-05-12 09:03:06
91,0,0,2020-05-12 09:02:54,2020-05-12 09:12:55
55,77,312,2020-05-12 09:02:54,2020-05-12 09:03:37
30,0,316,2020-05-12 09:02:59,2020-05-12 09:03:41
17,0,416,2020-05-12 09:03:06,2020-05-12 09:03:50
120,102,301,2020-05-12 09:03:21,2020-05-12 09:03:32
22,36,306,2020-05-12 09:03:22,2020-05-12 09:03:52
120,102,401,2020-05-12 09:03:32,2020-05-12 09:03:48
84,35,325,2020-05-12 09:03:32,2020-05-12 09:04:45
79,0,0,2020-05-12 09:03:33,2020-05-12 09:12:54
157,0,0,2020-05-12 09:03:36,2020-05-12 09:11:58
55,77,308,2020-05-12 09:03:37,2020-05-12 09:04:02
30,0,315,2020-05-12 09:03:41,2020-05-12 09:04:21
120,102,402,2020-05-12 09:03:48,2020-05-12 09:04:09
17,0,415,2020-05-12 09:03:50,2020-05-12 09:04:58
22,36,130,2020-05-12 09:03:52,2020-05-12 10:53:51
55,77,309,2020-05-12 09:04:02,2020-05-12 09:04:18
120,102,403,2020-05-12 09:04:09,2020-05-12 09:05:00
140,0,0,2020-05-12 09:04:12,2020-05-12 09:14:58
55,77,158,2020-05-12 09:04:18,2020-05-12 11:32:21
30,0,320,2020-05-12 09:04:21,2020-05-12 09:04:36
114,93,0,2020-05-12 09:04:32,2020-05-12 09:05:13
30,0,326,2020-05-12 09:04:36,2020-05-12 09:05:17
3,14,0,2020-05-12 09:04:42,2020-05-12 09:09:54
84,35,421,2020-05-12 09:04:45,2020-05-12 09:05:08
7,0,0,2020-05-12 09:04:45,2020-05-12 09:14:59
17,0,412,2020-05-12 09:04:58,2020-05-12 09:06:12
120,102,404,2020-05-12 09:05:00,2020-05-12 09:05:34
84,35,419,2020-05-12 09:05:08,2020-05-12 09:05:52
114,93,326,2020-05-12 09:05:13,2020-05-12 09:05:31
30,0,0,2020-05-12 09:05:17,2020-05-12 09:11:55
114,93,320,2020-05-12 09:05:31,2020-05-12 09:06:51
60,0,0,2020-05-12 09:05:33,2020-05-12 09:15:33
120,102,405,2020-05-12 09:05:34,2020-05-12 09:06:07
105,0,0,2020-05-12 09:05:45,2020-05-12 09:15:09
84,35,253,2020-05-12 09:05:52,2020-05-12 12:58:38
120,102,406,2020-05-12 09:06:07,2020-05-12 09:06:23
17,0,403,2020-05-12 09:06:12,2020-05-12 09:06:45
120,102,228,2020-05-12 09:06:23,2020-05-12 12:19:23
62,0,0,2020-05-12 09:06:24,2020-05-12 09:16:03
63,0,0,2020-05-12 09:06:44,2020-05-12 09:16:47
17,0,402,2020-05-12 09:06:45,2020-05-12 09:07:02
114,93,315,2020-05-12 09:06:51,2020-05-12 09:08:43
1,0,0,2020-05-12 09:06:58,2020-05-12 09:16:50
17,0,401,2020-05-12 09:07:02,2020-05-12 09:07:11
54,16,0,2020-05-12 09:07:08,2020-05-12 09:07:40
17,0,301,2020-05-12 09:07:11,2020-05-12 09:09:26
69,0,0,2020-05-12 09:07:16,2020-05-12 09:17:42
34,0,0,2020-05-12 09:07:22,2020-05-12 09:16:28
54,16,326,2020-05-12 09:07:40,2020-05-12 09:08:24
26,0,0,2020-05-12 09:07:58,2020-05-12 09:16:57
54,16,102,2020-05-12 09:08:24,2020-05-12 09:10:04
31,11,0,2020-05-12 09:08:28,2020-05-12 09:09:17
67,0,209,2020-05-12 09:08:30,2020-05-12 09:08:45
114,93,303,2020-05-12 09:08:43,2020-05-12 09:09:12
72,0,0,2020-05-12 09:08:43,2020-05-12 09:19:45
67,0,405,2020-05-12 09:08:45,2020-05-12 09:09:21
114,93,304,2020-05-12 09:09:12,2020-05-12 09:09:30
31,11,326,2020-05-12 09:09:17,2020-05-12 09:09:37
67,0,404,2020-05-12 09:09:21,2020-05-12 09:09:52
92,0,0,2020-05-12 09:09:24,2020-05-12 09:18:33
17,0,0,2020-05-12 09:09:26,2020-05-12 09:13:13
114,93,136,2020-05-12 09:09:30,2020-05-12 10:54:26
156,0,0,2020-05-12 09:09:32,2020-05-12 09:18:55
31,11,320,2020-05-12 09:09:37,2020-05-12 09:10:54
67,0,403,2020-05-12 09:09:52,2020-05-12 09:10:22
3,14,306,2020-05-12 09:09:54,2020-05-12 09:10:16
54,16,321,2020-05-12 09:10:04,2020-05-12 09:12:41
3,14,141,2020-05-12 09:10:16,2020-05-12 11:15:11
67,0,402,2020-05-12 09:10:22,2020-05-12 09:10:37
43,0,0,2020-05-12 09:10:24,2020-05-12 09:19:40
67,0,401,2020-05-12 09:10:37,2020-05-12 09:10:45
67,0,301,2020-05-12 09:10:45,2020-05-12 09:14:07
56,0,0,2020-05-12 09:10:46,2020-05-12 09:21:23
31,11,315,2020-05-12 09:10:54,2020-05-12 09:11:38
31,11,316,2020-05-12 09:11:38,2020-05-12 09:12:07
159,0,0,2020-05-12 09:11:48,2020-05-12 09:22:55
30,32,0,2020-05-12 09:11:55,2020-05-12 09:15:20
157,0,0,2020-05-12 09:11:58,2020-05-12 09:21:56
31,11,317,2020-05-12 09:12:07,2020-05-12 09:14:10
54,16,322,2020-05-12 09:12:41,2020-05-12 09:13:10
48,0,0,2020-05-12 09:12:42,2020-05-12 09:21:17
79,0,0,2020-05-12 09:12:54,2020-05-12 09:23:00
91,0,0,2020-05-12 09:12:55,2020-05-12 09:24:22
54,16,168,2020-05-12 09:13:10,2020-05-12 11:07:53
17,0,0,2020-05-12 09:13:13,2020-05-12 09:22:11
67,0,0,2020-05-12 09:14:07,2020-05-12 09:19:05
31,11,319,2020-05-12 09:14:10,2020-05-12 09:14:51
31,11,318,2020-05-12 09:14:51,2020-05-12 09:15:31
140,0,0,2020-05-12 09:14:58,2020-05-12 09:23:45
7,0,0,2020-05-12 09:14:59,2020-05-12 09:23:54
105,0,0,2020-05-12 09:15:09,2020-05-12 09:24:47
30,32,301,2020-05-12 09:15:20,2020-05-12 09:15:32
82,38,0,2020-05-12 09:15:27,2020-05-12 09:18:11
31,11,154,2020-05-12 09:15:31,2020-05-12 09:50:36
30,32,131,2020-05-12 09:15:32,2020-05-12 10:40:12
60,0,0,2020-05-12 09:15:33,2020-05-12 09:25:55
62,0,0,2020-05-12 09:16:03,2020-05-12 09:26:16
15,22,0,2020-05-12 09:16:09,2020-05-12 09:18:46
34,0,0,2020-05-12 09:16:28,2020-05-12 09:25:27
98,0,0,2020-05-12 09:16:45,2020-05-12 09:27:40
63,0,0,2020-05-12 09:16:47,2020-05-12 09:26:20
1,0,0,2020-05-12 09:16:50,2020-05-12 09:27:14
26,0,0,2020-05-12 09:16:57,2020-05-12 09:27:02
44,57,0,2020-05-12 09:16:58,2020-05-12 09:22:24
126,109,0,2020-05-12 09:17:20,2020-05-12 09:20:30
69,0,0,2020-05-12 09:17:42,2020-05-12 09:27:17
40,0,0,2020-05-12 09:17:43,2020-05-12 09:29:06
95,0,0,2020-05-12 09:18:00,2020-05-12 09:29:03
82,38,301,2020-05-12 09:18:11,2020-05-12 09:18:25
82,38,401,2020-05-12 09:18:25,2020-05-12 09:18:44
92,0,0,2020-05-12 09:18:33,2020-05-12 09:25:29
82,38,402,2020-05-12 09:18:44,2020-05-12 09:19:09
15,22,301,2020-05-12 09:18:46,2020-05-12 09:18:58
156,0,0,2020-05-12 09:18:55,2020-05-12 09:29:29
15,22,401,2020-05-12 09:18:58,2020-05-12 09:19:12
67,0,0,2020-05-12 09:19:05,2020-05-12 09:30:47
82,38,403,2020-05-12 09:19:09,2020-05-12 09:20:29
15,22,201,2020-05-12 09:19:12,2020-05-12 11:05:24
43,17,0,2020-05-12 09:19:40,2020-05-12 09:20:22
72,0,0,2020-05-12 09:19:45,2020-05-12 09:29:58
12,13,0,2020-05-12 09:19:59,2020-05-12 09:22:26
43,17,326,2020-05-12 09:20:22,2020-05-12 09:20:42
82,38,412,2020-05-12 09:20:29,2020-05-12 09:21:30
126,109,325,2020-05-12 09:20:30,2020-05-12 09:22:00
43,17,320,2020-05-12 09:20:42,2020-05-12 09:21:51
2,0,0,2020-05-12 09:20:47,2020-05-12 09:28:57
57,0,0,2020-05-12 09:20:58,2020-05-12 09:32:13
48,0,0,2020-05-12 09:21:17,2020-05-12 09:30:46
56,56,0,2020-05-12 09:21:23,2020-05-12 09:24:47
82,38,415,2020-05-12 09:21:30,2020-05-12 09:22:11
43,17,143,2020-05-12 09:21:51,2020-05-12 11:23:17
157,0,0,2020-05-12 09:21:56,2020-05-12 09:31:54
126,109,421,2020-05-12 09:22:00,2020-05-12 09:23:10
17,0,0,2020-05-12 09:22:11,2020-05-12 09:32:10
82,38,416,2020-05-12 09:22:11,2020-05-12 09:22:24
44,57,312,2020-05-12 09:22:24,2020-05-12 09:23:09
82,38,250,2020-05-12 09:22:24,2020-05-12 12:49:38
12,13,301,2020-05-12 09:22:26,2020-05-12 09:22:33
12,13,401,2020-05-12 09:22:33,2020-05-12 09:22:49
12,13,402,2020-05-12 09:22:49,2020-05-12 09:23:14
159,0,0,2020-05-12 09:22:55,2020-05-12 09:33:17
79,0,0,2020-05-12 09:23:00,2020-05-12 09:33:08
44,57,308,2020-05-12 09:23:09,2020-05-12 09:23:29
126,109,417,2020-05-12 09:23:10,2020-05-12 09:23:23
12,13,403,2020-05-12 09:23:14,2020-05-12 09:24:12
75,78,161,2020-05-12 09:23:23,2020-05-12 09:24:20
126,109,244,2020-05-12 09:23:23,2020-05-12 10:20:55
44,57,148,2020-05-12 09:23:29,2020-05-12 12:35:50
140,0,0,2020-05-12 09:23:45,2020-05-12 09:33:56
7,0,0,2020-05-12 09:23:54,2020-05-12 09:35:03
50,0,0,2020-05-12 09:24:11,2020-05-12 09:33:03
12,13,412,2020-05-12 09:24:12,2020-05-12 09:25:21
75,78,310,2020-05-12 09:24:20,2020-05-12 09:24:55
91,0,0,2020-05-12 09:24:22,2020-05-12 09:33:46
59,20,0,2020-05-12 09:24:42,2020-05-12 09:30:40
56,56,301,2020-05-12 09:24:47,2020-05-12 09:24:59
105,0,0,2020-05-12 09:24:47,2020-05-12 09:35:35
75,78,151,2020-05-12 09:24:55,2020-05-12 12:21:05
56,56,401,2020-05-12 09:24:59,2020-05-12 09:25:12
56,56,402,2020-05-12 09:25:12,2020-05-12 09:25:36
12,13,415,2020-05-12 09:25:21,2020-05-12 09:26:00
34,0,0,2020-05-12 09:25:27,2020-05-12 09:34:35
92,0,0,2020-05-12 09:25:29,2020-05-12 09:37:05
56,56,403,2020-05-12 09:25:36,2020-05-12 09:26:56
60,1,0,2020-05-12 09:25:55,2020-05-12 09:34:10
12,13,416,2020-05-12 09:26:00,2020-05-12 09:26:15
9,0,0,2020-05-12 09:26:10,2020-05-12 09:37:44
12,13,242,2020-05-12 09:26:15,2020-05-12 11:35:15
62,0,0,2020-05-12 09:26:16,2020-05-12 09:34:10
63,0,0,2020-05-12 09:26:20,2020-05-12 09:37:10
56,56,412,2020-05-12 09:26:56,2020-05-12 09:28:20
26,0,0,2020-05-12 09:27:02,2020-05-12 09:37:11
1,52,0,2020-05-12 09:27:14,2020-05-12 09:30:14
69,0,0,2020-05-12 09:27:17,2020-05-12 09:37:04
98,120,0,2020-05-12 09:27:40,2020-05-12 09:28:24
56,56,415,2020-05-12 09:28:20,2020-05-12 09:28:54
98,120,326,2020-05-12 09:28:24,2020-05-12 09:29:11
56,56,241,2020-05-12 09:28:54,2020-05-12 10:24:07
2,0,0,2020-05-12 09:28:57,2020-05-12 09:40:08
95,0,0,2020-05-12 09:29:03,2020-05-12 09:38:43
40,0,0,2020-05-12 09:29:06,2020-05-12 09:38:15
98,120,102,2020-05-12 09:29:11,2020-05-12 09:30:43
156,0,0,2020-05-12 09:29:29,2020-05-12 09:40:04
72,50,0,2020-05-12 09:29:58,2020-05-12 09:30:59
1,52,301,2020-05-12 09:30:14,2020-05-12 09:30:43
73,0,0,2020-05-12 09:30:35,2020-05-12 09:39:51
59,20,307,2020-05-12 09:30:40,2020-05-12 09:31:06
98,120,321,2020-05-12 09:30:43,2020-05-12 09:33:23
1,52,302,2020-05-12 09:30:43,2020-05-12 09:30:57
48,38,0,2020-05-12 09:30:46,2020-05-12 09:31:48
67,28,0,2020-05-12 09:30:47,2020-05-12 09:37:46
1,52,132,2020-05-12 09:30:57,2020-05-12 11:36:18
72,50,326,2020-05-12 09:30:59,2020-05-12 09:31:22
59,20,147,2020-05-12 09:31:06,2020-05-12 11:48:12
72,50,320,2020-05-12 09:31:22,2020-05-12 09:32:39
39,0,0,2020-05-12 09:31:32,2020-05-12 09:42:05
89,0,215,2020-05-12 09:31:40,2020-05-12 09:32:09
48,38,326,2020-05-12 09:31:48,2020-05-12 09:32:30
157,133,0,2020-05-12 09:31:54,2020-05-12 09:34:48
89,0,410,2020-05-12 09:32:09,2020-05-12 09:32:18
17,0,0,2020-05-12 09:32:10,2020-05-12 09:42:44
57,0,0,2020-05-12 09:32:13,2020-05-12 09:43:55
89,0,313,2020-05-12 09:32:18,2020-05-12 09:40:13
71,0,0,2020-05-12 09:32:29,2020-05-12 09:41:44
48,38,102,2020-05-12 09:32:30,2020-05-12 09:33:44
72,50,315,2020-05-12 09:32:39,2020-05-12 09:33:11
50,0,0,2020-05-12 09:33:03,2020-05-12 09:42:41
79,0,0,2020-05-12 09:33:08,2020-05-12 09:42:42
72,50,316,2020-05-12 09:33:11,2020-05-12 09:33:28
159,0,0,2020-05-12 09:33:17,2020-05-12 09:43:59
98,120,322,2020-05-12 09:33:23,2020-05-12 09:33:51
72,50,118,2020-05-12 09:33:28,2020-05-12 11:05:12
48,38,321,2020-05-12 09:33:44,2020-05-12 09:34:41
91,0,0,2020-05-12 09:33:46,2020-05-12 09:44:23
98,120,323,2020-05-12 09:33:51,2020-05-12 09:34:56
140,0,0,2020-05-12 09:33:56,2020-05-12 09:44:53
6,0,0,2020-05-12 09:34:01,2020-05-12 09:45:20
62,0,0,2020-05-12 09:34:10,2020-05-12 09:44:07
60,1,324,2020-05-12 09:34:10,2020-05-12 09:35:13
34,0,0,2020-05-12 09:34:35,2020-05-12 09:44:18
58,0,0,2020-05-12 09:34:39,2020-05-12 09:45:48
48,38,178,2020-05-12 09:34:41,2020-05-12 11:50:44
157,133,301,2020-05-12 09:34:48,2020-05-12 09:34:59
98,120,170,2020-05-12 09:34:56,2020-05-12 11:38:44
157,133,401,2020-05-12 09:34:59,2020-05-12 09:35:18
7,0,0,2020-05-12 09:35:03,2020-05-12 09:45:25
60,1,175,2020-05-12 09:35:13,2020-05-12 11:20:30
117,123,0,2020-05-12 09:35:14,2020-05-12 09:37:07
157,133,402,2020-05-12 09:35:18,2020-05-12 09:35:48
86,0,0,2020-05-12 09:35:26,2020-05-12 09:44:59
103,0,0,2020-05-12 09:35:27,2020-05-12 09:44:51
105,0,0,2020-05-12 09:35:35,2020-05-12 09:46:36
157,133,403,2020-05-12 09:35:48,2020-05-12 09:36:32
157,133,404,2020-05-12 09:36:32,2020-05-12 09:37:03
8,36,0,2020-05-12 09:36:36,2020-05-12 09:37:23
157,133,208,2020-05-12 09:37:03,2020-05-12 11:09:36
69,0,0,2020-05-12 09:37:04,2020-05-12 09:45:32
92,140,0,2020-05-12 09:37:05,2020-05-12 09:40:06
117,123,301,2020-05-12 09:37:07,2020-05-12 09:37:15
63,0,0,2020-05-12 09:37:10,2020-05-12 09:46:15
26,0,0,2020-05-12 09:37:11,2020-05-12 09:48:58
117,123,401,2020-05-12 09:37:15,2020-05-12 09:37:28
8,36,326,2020-05-12 09:37:23,2020-05-12 09:37:45
117,123,402,2020-05-12 09:37:28,2020-05-12 09:37:51
9,0,0,2020-05-12 09:37:44,2020-05-12 09:46:55
8,36,320,2020-05-12 09:37:45,2020-05-12 09:39:00
67,28,162,2020-05-12 09:37:46,2020-05-12 13:19:47
67,28,313,2020-05-12 09:37:46,2020-05-12 09:37:46
117,123,403,2020-05-12 09:37:51,2020-05-12 09:38:54
40,0,0,2020-05-12 09:38:15,2020-05-12 09:48:17
95,0,0,2020-05-12 09:38:43,2020-05-12 09:48:41
117,123,412,2020-05-12 09:38:54,2020-05-12 09:40:07
8,36,315,2020-05-12 09:39:00,2020-05-12 09:39:16
8,36,314,2020-05-12 09:39:16,2020-05-12 09:39:31
24,0,0,2020-05-12 09:39:17,2020-05-12 09:49:17
51,0,138,2020-05-12 09:39:30,2020-05-12 09:39:47
8,36,103,2020-05-12 09:39:31,2020-05-12 11:04:08
51,0,305,2020-05-12 09:39:47,2020-05-12 09:40:24
73,1,0,2020-05-12 09:39:51,2020-05-12 09:40:35
156,0,0,2020-05-12 09:40:04,2020-05-12 09:50:26
92,140,301,2020-05-12 09:40:06,2020-05-12 09:40:17
117,123,415,2020-05-12 09:40:07,2020-05-12 09:40:40
2,0,0,2020-05-12 09:40:08,2020-05-12 09:50:33
89,0,0,2020-05-12 09:40:13,2020-05-12 09:43:19
92,140,401,2020-05-12 09:40:17,2020-05-12 09:40:32
51,0,304,2020-05-12 09:40:24,2020-05-12 09:41:02
92,140,402,2020-05-12 09:40:32,2020-05-12 09:40:59
73,1,326,2020-05-12 09:40:35,2020-05-12 09:41:22
117,123,414,2020-05-12 09:40:40,2020-05-12 09:41:05
70,0,0,2020-05-12 09:40:41,2020-05-12 09:51:40
13,0,0,2020-05-12 09:40:47,2020-05-12 09:51:21
101,0,0,2020-05-12 09:40:57,2020-05-12 09:49:25
92,140,403,2020-05-12 09:40:59,2020-05-12 09:41:47
51,0,303,2020-05-12 09:41:02,2020-05-12 09:41:22
117,123,247,2020-05-12 09:41:05,2020-05-12 10:53:07
73,1,102,2020-05-12 09:41:22,2020-05-12 09:42:54
51,0,302,2020-05-12 09:41:22,2020-05-12 09:41:47
71,0,0,2020-05-12 09:41:44,2020-05-12 09:51:12
51,0,301,2020-05-12 09:41:47,2020-05-12 09:44:44
92,140,404,2020-05-12 09:41:47,2020-05-12 09:42:06
39,37,0,2020-05-12 09:42:05,2020-05-12 09:42:43
92,140,405,2020-05-12 09:42:06,2020-05-12 09:42:56
19,54,0,2020-05-12 09:42:11,2020-05-12 09:42:49
50,43,0,2020-05-12 09:42:41,2020-05-12 09:43:27
79,0,0,2020-05-12 09:42:42,2020-05-12 09:51:33
39,37,326,2020-05-12 09:42:43,2020-05-12 09:43:05
17,0,0,2020-05-12 09:42:44,2020-05-12 09:53:48
19,54,326,2020-05-12 09:42:49,2020-05-12 09:43:11
73,1,321,2020-05-12 09:42:54,2020-05-12 09:45:34
92,140,406,2020-05-12 09:42:56,2020-05-12 09:43:27
39,37,320,2020-05-12 09:43:05,2020-05-12 09:43:30
19,54,320,2020-05-12 09:43:11,2020-05-12 09:44:38
89,0,0,2020-05-12 09:43:19,2020-05-12 09:53:52
149,0,0,2020-05-12 09:43:22,2020-05-12 09:51:47
50,43,326,2020-05-12 09:43:27,2020-05-12 09:43:45
92,140,407,2020-05-12 09:43:27,2020-05-12 09:44:26
39,37,142,2020-05-12 09:43:30,2020-05-12 12:36:30
50,43,320,2020-05-12 09:43:45,2020-05-12 09:44:35
57,65,0,2020-05-12 09:43:55,2020-05-12 09:46:49
159,0,0,2020-05-12 09:43:59,2020-05-12 09:52:21
62,0,0,2020-05-12 09:44:07,2020-05-12 09:54:56
34,0,0,2020-05-12 09:44:18,2020-05-12 09:54:41
91,0,0,2020-05-12 09:44:23,2020-05-12 09:55:31
92,140,214,2020-05-12 09:44:26,2020-05-12 11:18:00
50,43,315,2020-05-12 09:44:35,2020-05-12 09:45:13
19,54,315,2020-05-12 09:44:38,2020-05-12 09:45:14
51,0,0,2020-05-12 09:44:44,2020-05-12 09:49:29
103,0,0,2020-05-12 09:44:51,2020-05-12 09:55:33
152,0,0,2020-05-12 09:44:52,2020-05-12 09:54:18
35,0,0,2020-05-12 09:44:53,2020-05-12 09:55:57
140,0,0,2020-05-12 09:44:53,2020-05-12 09:55:28
86,0,0,2020-05-12 09:44:59,2020-05-12 09:56:21
50,43,316,2020-05-12 09:45:13,2020-05-12 09:45:53
19,54,316,2020-05-12 09:45:14,2020-05-12 09:45:40
6,2,0,2020-05-12 09:45:20,2020-05-12 09:48:43
7,0,0,2020-05-12 09:45:25,2020-05-12 09:54:59
69,9,0,2020-05-12 09:45:32,2020-05-12 09:46:22
73,1,322,2020-05-12 09:45:34,2020-05-12 09:46:02
19,54,317,2020-05-12 09:45:40,2020-05-12 09:47:36
58,0,0,2020-05-12 09:45:48,2020-05-12 09:55:46
50,43,317,2020-05-12 09:45:53,2020-05-12 09:46:19
73,1,323,2020-05-12 09:46:02,2020-05-12 09:47:07
63,0,0,2020-05-12 09:46:15,2020-05-12 09:56:28
50,43,110,2020-05-12 09:46:19,2020-05-12 12:46:19
69,9,326,2020-05-12 09:46:22,2020-05-12 09:47:23
108,0,0,2020-05-12 09:46:33,2020-05-12 09:55:49
105,0,0,2020-05-12 09:46:36,2020-05-12 09:55:27
57,65,301,2020-05-12 09:46:49,2020-05-12 09:46:59
9,0,0,2020-05-12 09:46:55,2020-05-12 09:56:58
57,65,401,2020-05-12 09:46:59,2020-05-12 09:47:13
73,1,170,2020-05-12 09:47:07,2020-05-12 10:34:11
57,65,402,2020-05-12 09:47:13,2020-05-12 09:47:35
69,9,102,2020-05-12 09:47:23,2020-05-12 09:48:40
57,65,403,2020-05-12 09:47:35,2020-05-12 09:48:56
19,54,167,2020-05-12 09:47:36,2020-05-12 11:47:41
40,0,0,2020-05-12 09:48:17,2020-05-12 09:57:51
69,9,321,2020-05-12 09:48:40,2020-05-12 09:52:04
95,0,0,2020-05-12 09:48:41,2020-05-12 09:57:58
6,2,301,2020-05-12 09:48:43,2020-05-12 09:49:09
57,65,412,2020-05-12 09:48:56,2020-05-12 09:49:15
26,49,0,2020-05-12 09:48:58,2020-05-12 09:56:58
20,24,0,2020-05-12 09:48:58,2020-05-12 09:49:46
78,0,0,2020-05-12 09:49:01,2020-05-12 09:57:53
6,2,302,2020-05-12 09:49:09,2020-05-12 09:49:28
57,65,231,2020-05-12 09:49:15,2020-05-12 12:13:07
24,62,0,2020-05-12 09:49:17,2020-05-12 09:54:34
101,0,0,2020-05-12 09:49:25,2020-05-12 09:59:45
6,2,133,2020-05-12 09:49:28,2020-05-12 11:58:50
51,0,0,2020-05-12 09:49:29,2020-05-12 09:59:51
20,24,326,2020-05-12 09:49:46,2020-05-12 09:50:08
20,24,320,2020-05-12 09:50:08,2020-05-12 09:51:11
156,0,0,2020-05-12 09:50:26,2020-05-12 10:00:43
2,0,0,2020-05-12 09:50:33,2020-05-12 10:01:28
31,0,154,2020-05-12 09:50:36,2020-05-12 09:51:22
20,24,315,2020-05-12 09:51:11,2020-05-12 09:51:42
71,0,0,2020-05-12 09:51:12,2020-05-12 10:02:02
13,0,0,2020-05-12 09:51:21,2020-05-12 10:01:22
31,0,318,2020-05-12 09:51:22,2020-05-12 09:52:10
79,0,0,2020-05-12 09:51:33,2020-05-12 10:00:11
70,0,0,2020-05-12 09:51:40,2020-05-12 10:02:26
20,24,316,2020-05-12 09:51:42,2020-05-12 09:52:13
149,0,0,2020-05-12 09:51:47,2020-05-12 10:03:28
155,0,0,2020-05-12 09:51:57,2020-05-12 10:01:28
69,9,322,2020-05-12 09:52:04,2020-05-12 09:52:19
31,0,319,2020-05-12 09:52:10,2020-05-12 09:54:12
20,24,108,2020-05-12 09:52:13,2020-05-12 13:00:14
69,9,171,2020-05-12 09:52:19,2020-05-12 11:29:56
159,0,0,2020-05-12 09:52:21,2020-05-12 10:02:13
18,0,0,2020-05-12 09:52:59,2020-05-12 10:02:06
64,59,0,2020-05-12 09:53:09,2020-05-12 09:58:58
32,0,0,2020-05-12 09:53:32,2020-05-12 10:02:33
17,0,0,2020-05-12 09:53:48,2020-05-12 10:03:42
89,0,0,2020-05-12 09:53:52,2020-05-12 10:04:10
110,0,0,2020-05-12 09:54:10,2020-05-12 10:04:06
31,0,317,2020-05-12 09:54:12,2020-05-12 09:54:59
152,0,0,2020-05-12 09:54:18,2020-05-12 10:04:54
24,62,325,2020-05-12 09:54:34,2020-05-12 09:56:06
34,0,0,2020-05-12 09:54:41,2020-05-12 10:05:13
139,0,0,2020-05-12 09:54:52,2020-05-12 10:05:40
62,0,0,2020-05-12 09:54:56,2020-05-12 10:03:05
7,0,0,2020-05-12 09:54:59,2020-05-12 10:05:39
31,0,316,2020-05-12 09:54:59,2020-05-12 09:55:31
124,0,0,2020-05-12 09:55:05,2020-05-12 10:05:07
33,90,0,2020-05-12 09:55:09,2020-05-12 09:55:54
105,0,0,2020-05-12 09:55:27,2020-05-12 10:04:52
140,0,0,2020-05-12 09:55:28,2020-05-12 10:06:20
31,0,315,2020-05-12 09:55:31,2020-05-12 09:56:39
91,0,0,2020-05-12 09:55:31,2020-05-12 10:05:53
103,0,0,2020-05-12 09:55:33,2020-05-12 10:07:15
58,0,0,2020-05-12 09:55:46,2020-05-12 10:05:11
108,95,0,2020-05-12 09:55:49,2020-05-12 10:02:48
33,90,326,2020-05-12 09:55:54,2020-05-12 09:56:14
35,0,0,2020-05-12 09:55:57,2020-05-12 10:07:00
24,62,421,2020-05-12 09:56:06,2020-05-12 09:56:33
52,0,0,2020-05-12 09:56:10,2020-05-12 10:04:43
33,90,320,2020-05-12 09:56:14,2020-05-12 09:57:36
86,0,0,2020-05-12 09:56:21,2020-05-12 10:04:15
63,0,0,2020-05-12 09:56:28,2020-05-12 10:07:40
24,62,419,2020-05-12 09:56:33,2020-05-12 09:57:00
31,0,320,2020-05-12 09:56:39,2020-05-12 09:57:02
26,49,312,2020-05-12 09:56:58,2020-05-12 09:57:41
9,0,0,2020-05-12 09:56:58,2020-05-12 10:06:01
24,62,256,2020-05-12 09:57:00,2020-05-12 11:51:16
31,0,326,2020-05-12 09:57:02,2020-05-12 09:57:55
33,90,315,2020-05-12 09:57:36,2020-05-12 09:58:08
26,49,308,2020-05-12 09:57:41,2020-05-12 09:58:22
40,32,0,2020-05-12 09:57:51,2020-05-12 09:58:38
78,0,0,2020-05-12 09:57:53,2020-05-12 10:07:12
31,0,0,2020-05-12 09:57:55,2020-05-12 10:00:30
95,0,0,2020-05-12 09:57:58,2020-05-12 10:06:48
33,90,316,2020-05-12 09:58:08,2020-05-12 09:58:32
26,49,309,2020-05-12 09:58:22,2020-05-12 09:58:55
33,90,107,2020-05-12 09:58:32,2020-05-12 11:26:20
40,32,326,2020-05-12 09:58:38,2020-05-12 09:59:26
26,49,151,2020-05-12 09:58:55,2020-05-12 10:13:05
64,59,325,2020-05-12 09:58:58,2020-05-12 10:00:40
40,32,102,2020-05-12 09:59:26,2020-05-12 10:00:50
101,0,0,2020-05-12 09:59:45,2020-05-12 10:09:34
51,0,0,2020-05-12 09:59:51,2020-05-12 10:09:45
27,18,0,2020-05-12 09:59:56,2020-05-12 10:00:41
87,0,0,2020-05-12 09:59:59,2020-05-12 10:09:43
79,0,0,2020-05-12 10:00:11,2020-05-12 10:09:33
31,0,0,2020-05-12 10:00:30,2020-05-12 10:11:27
64,59,421,2020-05-12 10:00:40,2020-05-12 10:01:34
27,18,326,2020-05-12 10:00:41,2020-05-12 10:01:01
156,0,0,2020-05-12 10:00:43,2020-05-12 10:10:32
40,32,321,2020-05-12 10:00:50,2020-05-12 10:03:15
27,18,320,2020-05-12 10:01:01,2020-05-12 10:02:13
14,8,0,2020-05-12 10:01:13,2020-05-12 10:04:13
13,0,0,2020-05-12 10:01:22,2020-05-12 10:11:32
2,0,0,2020-05-12 10:01:28,2020-05-12 10:11:28
155,0,0,2020-05-12 10:01:28,2020-05-12 10:11:14
64,59,252,2020-05-12 10:01:34,2020-05-12 11:53:34
71,0,0,2020-05-12 10:02:02,2020-05-12 10:11:03
18,0,0,2020-05-12 10:02:06,2020-05-12 10:12:11
159,0,0,2020-05-12 10:02:13,2020-05-12 10:10:07
27,18,315,2020-05-12 10:02:13,2020-05-12 10:02:49
70,0,0,2020-05-12 10:02:26,2020-05-12 10:11:12
32,0,0,2020-05-12 10:02:33,2020-05-12 10:13:09
29,0,132,2020-05-12 10:02:43,2020-05-12 10:02:58
108,95,162,2020-05-12 10:02:48,2020-05-12 12:37:37
108,95,313,2020-05-12 10:02:48,2020-05-12 10:02:48
27,18,316,2020-05-12 10:02:49,2020-05-12 10:03:19
29,0,302,2020-05-12 10:02:58,2020-05-12 10:03:27
62,62,0,2020-05-12 10:03:05,2020-05-12 10:06:12
40,32,322,2020-05-12 10:03:15,2020-05-12 10:03:35
27,18,317,2020-05-12 10:03:19,2020-05-12 10:03:37
29,0,301,2020-05-12 10:03:27,2020-05-12 10:07:18
149,0,0,2020-05-12 10:03:28,2020-05-12 10:12:47
40,32,323,2020-05-12 10:03:35,2020-05-12 10:04:06
27,18,119,2020-05-12 10:03:37,2020-05-12 11:17:15
11,0,0,2020-05-12 10:03:40,2020-05-12 10:14:47
17,0,0,2020-05-12 10:03:42,2020-05-12 10:15:51
40,32,172,2020-05-12 10:04:06,2020-05-12 11:43:18
110,0,0,2020-05-12 10:04:06,2020-05-12 10:12:17
89,0,0,2020-05-12 10:04:10,2020-05-12 10:13:38
14,8,301,2020-05-12 10:04:13,2020-05-12 10:04:42
86,0,0,2020-05-12 10:04:15,2020-05-12 10:12:36
41,0,0,2020-05-12 10:04:19,2020-05-12 10:13:52
14,8,302,2020-05-12 10:04:42,2020-05-12 10:04:56
52,0,0,2020-05-12 10:04:43,2020-05-12 10:14:51
105,0,0,2020-05-12 10:04:52,2020-05-12 10:14:17
152,0,0,2020-05-12 10:04:54,2020-05-12 10:14:39
14,8,132,2020-05-12 10:04:56,2020-05-12 13:00:35
153,0,0,2020-05-12 10:05:01,2020-05-12 10:15:37
124,0,0,2020-05-12 10:05:07,2020-05-12 10:15:00
58,0,0,2020-05-12 10:05:11,2020-05-12 10:14:09
34,0,0,2020-05-12 10:05:13,2020-05-12 10:13:12
7,0,0,2020-05-12 10:05:39,2020-05-12 10:15:23
139,0,0,2020-05-12 10:05:40,2020-05-12 10:14:55
91,0,0,2020-05-12 10:05:53,2020-05-12 10:16:31
9,0,0,2020-05-12 10:06:01,2020-05-12 10:16:13
62,62,301,2020-05-12 10:06:12,2020-05-12 10:06:21
140,0,0,2020-05-12 10:06:20,2020-05-12 10:16:51
62,62,401,2020-05-12 10:06:21,2020-05-12 10:06:36
62,62,402,2020-05-12 10:06:36,2020-05-12 10:07:01
95,0,0,2020-05-12 10:06:48,2020-05-12 10:17:32
81,0,0,2020-05-12 10:06:52,2020-05-12 10:16:11
35,0,0,2020-05-12 10:07:00,2020-05-12 10:17:05
62,62,403,2020-05-12 10:07:01,2020-05-12 10:07:26
78,0,0,2020-05-12 10:07:12,2020-05-12 10:15:21
103,118,0,2020-05-12 10:07:15,2020-05-12 10:12:18
29,0,0,2020-05-12 10:07:18,2020-05-12 10:12:54
62,62,205,2020-05-12 10:07:26,2020-05-12 10:15:35
63,0,0,2020-05-12 10:07:40,2020-05-12 10:18:02
121,109,0,2020-05-12 10:08:15,2020-05-12 10:10:52
53,0,0,2020-05-12 10:08:40,2020-05-12 10:16:44
76,0,0,2020-05-12 10:08:43,2020-05-12 10:19:33
122,0,0,2020-05-12 10:09:16,2020-05-12 10:19:24
79,0,0,2020-05-12 10:09:33,2020-05-12 10:19:35
101,0,0,2020-05-12 10:09:34,2020-05-12 10:19:25
87,0,0,2020-05-12 10:09:43,2020-05-12 10:19:00
51,0,0,2020-05-12 10:09:45,2020-05-12 10:20:31
159,0,0,2020-05-12 10:10:07,2020-05-12 10:19:50
42,0,0,2020-05-12 10:10:25,2020-05-12 10:21:44
156,0,0,2020-05-12 10:10:32,2020-05-12 10:21:10
93,0,0,2020-05-12 10:10:47,2020-05-12 10:20:16
121,109,301,2020-05-12 10:10:52,2020-05-12 10:11:04
71,0,0,2020-05-12 10:11:03,2020-05-12 10:21:22
121,109,401,2020-05-12 10:11:04,2020-05-12 10:11:18
70,0,0,2020-05-12 10:11:12,2020-05-12 10:21:52
155,0,0,2020-05-12 10:11:14,2020-05-12 10:21:18
121,109,201,2020-05-12 10:11:18,2020-05-12 12:13:43
31,0,0,2020-05-12 10:11:27,2020-05-12 10:19:34
2,0,0,2020-05-12 10:11:28,2020-05-12 10:20:47
13,82,0,2020-05-12 10:11:32,2020-05-12 10:12:15
18,0,0,2020-05-12 10:12:11,2020-05-12 10:22:59
13,82,326,2020-05-12 10:12:15,2020-05-12 10:12:35
110,0,0,2020-05-12 10:12:17,2020-05-12 10:22:45
103,118,306,2020-05-12 10:12:18,2020-05-12 10:12:48
13,82,320,2020-05-12 10:12:35,2020-05-12 10:13:25
86,0,0,2020-05-12 10:12:36,2020-05-12 10:21:52
149,0,0,2020-05-12 10:12:47,2020-05-12 10:21:54
103,118,130,2020-05-12 10:12:48,2020-05-12 12:53:18
29,0,0,2020-05-12 10:12:54,2020-05-12 10:24:34
26,0,151,2020-05-12 10:13:05,2020-05-12 10:13:47
32,0,0,2020-05-12 10:13:09,2020-05-12 10:23:37
34,0,0,2020-05-12 10:13:12,2020-05-12 10:22:42
150,0,0,2020-05-12 10:13:22,2020-05-12 10:24:06
13,82,315,2020-05-12 10:13:25,2020-05-12 10:14:01
89,0,0,2020-05-12 10:13:38,2020-05-12 10:23:24
26,0,309,2020-05-12 10:13:47,2020-05-12 10:14:08
41,0,0,2020-05-12 10:13:52,2020-05-12 10:23:21
13,82,316,2020-05-12 10:14:01,2020-05-12 10:14:25
26,0,308,2020-05-12 10:14:08,2020-05-12 10:14:49
58,85,0,2020-05-12 10:14:09,2020-05-12 10:16:36
105,0,0,2020-05-12 10:14:17,2020-05-12 10:24:43
13,82,317,2020-05-12 10:14:25,2020-05-12 10:16:10
152,0,0,2020-05-12 10:14:39,2020-05-12 10:25:17
11,10,0,2020-05-12 10:14:47,2020-05-12 10:18:54
26,0,307,2020-05-12 10:14:49,2020-05-12 10:19:23
52,0,0,2020-05-12 10:14:51,2020-05-12 10:25:32
139,0,0,2020-05-12 10:14:55,2020-05-12 10:25:35
124,0,0,2020-05-12 10:15:00,2020-05-12 10:25:07
78,0,0,2020-05-12 10:15:21,2020-05-12 10:23:53
7,0,0,2020-05-12 10:15:23,2020-05-12 10:25:37
62,0,205,2020-05-12 10:15:35,2020-05-12 10:16:05
153,0,0,2020-05-12 10:15:37,2020-05-12 10:25:48
17,0,0,2020-05-12 10:15:51,2020-05-12 10:26:20
109,0,0,2020-05-12 10:15:54,2020-05-12 10:25:55
88,0,0,2020-05-12 10:15:56,2020-05-12 10:25:58
62,0,403,2020-05-12 10:16:05,2020-05-12 10:16:28
13,82,319,2020-05-12 10:16:10,2020-05-12 10:16:40
81,0,0,2020-05-12 10:16:11,2020-05-12 10:27:51
9,81,0,2020-05-12 10:16:13,2020-05-12 10:17:59
144,0,0,2020-05-12 10:16:13,2020-05-12 10:24:45
62,0,402,2020-05-12 10:16:28,2020-05-12 10:16:41
91,0,0,2020-05-12 10:16:31,2020-05-12 10:27:44
58,85,301,2020-05-12 10:16:36,2020-05-12 10:16:43
13,82,166,2020-05-12 10:16:40,2020-05-12 13:32:13
62,0,401,2020-05-12 10:16:41,2020-05-12 10:16:51
85,22,0,2020-05-12 10:16:43,2020-05-12 10:24:00
58,85,401,2020-05-12 10:16:43,2020-05-12 10:16:59
53,0,0,2020-05-12 10:16:44,2020-05-12 10:25:43
68,0,163,2020-05-12 10:16:47,2020-05-12 10:18:18
62,0,301,2020-05-12 10:16:51,2020-05-12 10:20:03
140,0,0,2020-05-12 10:16:51,2020-05-12 10:26:16
58,85,402,2020-05-12 10:16:59,2020-05-12 10:17:24
35,84,0,2020-05-12 10:17:05,2020-05-12 10:20:14
58,85,403,2020-05-12 10:17:24,2020-05-12 10:18:22
95,34,0,2020-05-12 10:17:32,2020-05-12 10:18:09
9,81,301,2020-05-12 10:17:59,2020-05-12 10:18:08
63,0,0,2020-05-12 10:18:02,2020-05-12 10:28:49
9,81,401,2020-05-12 10:18:08,2020-05-12 10:18:25
95,34,326,2020-05-12 10:18:09,2020-05-12 10:18:34
99,0,0,2020-05-12 10:18:11,2020-05-12 10:29:02
104,0,0,2020-05-12 10:18:18,2020-05-12 10:28:51
68,0,313,2020-05-12 10:18:18,2020-05-12 10:30:34
58,85,412,2020-05-12 10:18:22,2020-05-12 10:19:31
9,81,402,2020-05-12 10:18:25,2020-05-12 10:18:52
95,34,102,2020-05-12 10:18:34,2020-05-12 10:19:56
9,81,403,2020-05-12 10:18:52,2020-05-12 10:19:56
11,10,301,2020-05-12 10:18:54,2020-05-12 10:19:06
87,0,0,2020-05-12 10:19:00,2020-05-12 10:30:32
11,10,401,2020-05-12 10:19:06,2020-05-12 10:19:23
11,10,402,2020-05-12 10:19:23,2020-05-12 10:19:39
26,0,0,2020-05-12 10:19:23,2020-05-12 10:24:17
122,0,0,2020-05-12 10:19:24,2020-05-12 10:30:36
101,125,0,2020-05-12 10:19:25,2020-05-12 10:20:27
58,85,415,2020-05-12 10:19:31,2020-05-12 10:20:10
76,62,0,2020-05-12 10:19:33,2020-05-12 10:22:40
31,25,0,2020-05-12 10:19:34,2020-05-12 10:24:37
79,0,0,2020-05-12 10:19:35,2020-05-12 10:29:18
11,10,403,2020-05-12 10:19:39,2020-05-12 10:20:41
159,0,0,2020-05-12 10:19:50,2020-05-12 10:29:23
95,34,321,2020-05-12 10:19:56,2020-05-12 10:22:07
9,81,412,2020-05-12 10:19:56,2020-05-12 10:21:12
62,0,0,2020-05-12 10:20:03,2020-05-12 10:25:26
58,85,416,2020-05-12 10:20:10,2020-05-12 10:20:25
113,0,0,2020-05-12 10:20:12,2020-05-12 10:30:07
35,84,301,2020-05-12 10:20:14,2020-05-12 10:20:22
93,0,0,2020-05-12 10:20:16,2020-05-12 10:31:07
35,84,401,2020-05-12 10:20:22,2020-05-12 10:20:38
58,85,242,2020-05-12 10:20:25,2020-05-12 12:39:19
101,125,326,2020-05-12 10:20:27,2020-05-12 10:21:09
51,0,0,2020-05-12 10:20:31,2020-05-12 10:30:26
35,84,402,2020-05-12 10:20:38,2020-05-12 10:20:57
11,10,412,2020-05-12 10:20:41,2020-05-12 10:21:11
2,0,0,2020-05-12 10:20:47,2020-05-12 10:30:36
132,0,245,2020-05-12 10:20:50,2020-05-12 10:21:13
126,106,244,2020-05-12 10:20:55,2020-05-12 10:21:10
35,84,403,2020-05-12 10:20:57,2020-05-12 10:22:33
101,125,102,2020-05-12 10:21:09,2020-05-12 10:22:23
156,134,0,2020-05-12 10:21:10,2020-05-12 10:24:45
126,106,417,2020-05-12 10:21:10,2020-05-12 10:22:27
11,10,411,2020-05-12 10:21:11,2020-05-12 10:21:33
9,81,415,2020-05-12 10:21:12,2020-05-12 10:21:47
132,0,414,2020-05-12 10:21:13,2020-05-12 10:21:46
155,0,0,2020-05-12 10:21:18,2020-05-12 10:31:43
146,135,0,2020-05-12 10:21:19,2020-05-12 10:23:56
71,0,0,2020-05-12 10:21:22,2020-05-12 10:32:25
11,10,234,2020-05-12 10:21:33,2020-05-12 13:28:24
158,0,0,2020-05-12 10:21:34,2020-05-12 10:32:37
42,0,0,2020-05-12 10:21:44,2020-05-12 10:30:43
132,0,415,2020-05-12 10:21:46,2020-05-12 10:23:23
9,81,414,2020-05-12 10:21:47,2020-05-12 10:22:02
70,22,0,2020-05-12 10:21:52,2020-05-12 10:24:41
86,0,0,2020-05-12 10:21:52,2020-05-12 10:31:11
149,136,0,2020-05-12 10:21:54,2020-05-12 10:22:51
9,81,238,2020-05-12 10:22:02,2020-05-12 12:12:42
95,34,322,2020-05-12 10:22:07,2020-05-12 10:22:38
101,125,321,2020-05-12 10:22:23,2020-05-12 10:23:20
126,106,421,2020-05-12 10:22:27,2020-05-12 10:24:07
35,84,412,2020-05-12 10:22:33,2020-05-12 10:24:00
95,34,323,2020-05-12 10:22:38,2020-05-12 10:23:26
76,62,301,2020-05-12 10:22:40,2020-05-12 10:22:49
34,0,0,2020-05-12 10:22:42,2020-05-12 10:32:34
110,0,0,2020-05-12 10:22:45,2020-05-12 10:31:36
76,62,401,2020-05-12 10:22:49,2020-05-12 10:23:04
149,136,326,2020-05-12 10:22:51,2020-05-12 10:23:11
18,0,0,2020-05-12 10:22:59,2020-05-12 10:32:37
76,62,402,2020-05-12 10:23:04,2020-05-12 10:23:29
149,136,320,2020-05-12 10:23:11,2020-05-12 10:24:39
101,125,178,2020-05-12 10:23:20,2020-05-12 13:02:23
41,87,0,2020-05-12 10:23:21,2020-05-12 10:26:24
132,0,412,2020-05-12 10:23:23,2020-05-12 10:24:56
89,0,0,2020-05-12 10:23:24,2020-05-12 10:32:19
95,34,169,2020-05-12 10:23:26,2020-05-12 12:04:42
76,62,403,2020-05-12 10:23:29,2020-05-12 10:23:54
32,0,0,2020-05-12 10:23:37,2020-05-12 10:33:15
78,0,0,2020-05-12 10:23:53,2020-05-12 10:34:23
76,62,205,2020-05-12 10:23:54,2020-05-12 12:00:27
146,135,301,2020-05-12 10:23:56,2020-05-12 10:24:08
35,84,415,2020-05-12 10:24:00,2020-05-12 10:24:44
85,22,312,2020-05-12 10:24:00,2020-05-12 10:24:43
150,0,0,2020-05-12 10:24:06,2020-05-12 10:35:33
126,106,325,2020-05-12 10:24:07,2020-05-12 10:24:53
56,0,241,2020-05-12 10:24:07,2020-05-12 10:25:05
146,135,401,2020-05-12 10:24:08,2020-05-12 10:24:22
26,0,0,2020-05-12 10:24:17,2020-05-12 10:32:15
146,135,201,2020-05-12 10:24:22,2020-05-12 11:34:53
29,0,0,2020-05-12 10:24:34,2020-05-12 10:34:57
31,25,306,2020-05-12 10:24:37,2020-05-12 10:25:07
149,136,315,2020-05-12 10:24:39,2020-05-12 10:25:55
70,22,301,2020-05-12 10:24:41,2020-05-12 10:24:53
105,0,0,2020-05-12 10:24:43,2020-05-12 10:34:14
85,22,308,2020-05-12 10:24:43,2020-05-12 10:25:08
35,84,416,2020-05-12 10:24:44,2020-05-12 10:25:09
144,0,0,2020-05-12 10:24:45,2020-05-12 10:34:35
156,134,301,2020-05-12 10:24:45,2020-05-12 10:24:56
126,106,322,2020-05-12 10:24:53,2020-05-12 10:28:04
70,22,401,2020-05-12 10:24:53,2020-05-12 10:25:08
132,0,403,2020-05-12 10:24:56,2020-05-12 10:25:19
156,134,401,2020-05-12 10:24:56,2020-05-12 10:25:08
56,0,415,2020-05-12 10:25:05,2020-05-12 10:26:22
31,25,130,2020-05-12 10:25:07,2020-05-12 12:25:50
124,0,0,2020-05-12 10:25:07,2020-05-12 10:35:58
85,22,309,2020-05-12 10:25:08,2020-05-12 10:25:24
156,134,402,2020-05-12 10:25:08,2020-05-12 10:25:35
70,22,402,2020-05-12 10:25:08,2020-05-12 10:25:31
35,84,243,2020-05-12 10:25:09,2020-05-12 12:21:21
152,0,0,2020-05-12 10:25:17,2020-05-12 10:33:35
132,0,402,2020-05-12 10:25:19,2020-05-12 10:25:37
85,22,158,2020-05-12 10:25:24,2020-05-12 10:53:07
62,0,0,2020-05-12 10:25:26,2020-05-12 10:33:57
70,22,403,2020-05-12 10:25:31,2020-05-12 10:26:46
52,0,0,2020-05-12 10:25:32,2020-05-12 10:35:08
139,0,0,2020-05-12 10:25:35,2020-05-12 10:36:35
156,134,403,2020-05-12 10:25:35,2020-05-12 10:26:20
7,0,0,2020-05-12 10:25:37,2020-05-12 10:34:17
132,0,401,2020-05-12 10:25:37,2020-05-12 10:25:47
53,0,0,2020-05-12 10:25:43,2020-05-12 10:35:15
132,0,301,2020-05-12 10:25:47,2020-05-12 10:28:20
153,0,0,2020-05-12 10:25:48,2020-05-12 10:35:28
149,136,303,2020-05-12 10:25:55,2020-05-12 10:26:25
109,103,0,2020-05-12 10:25:55,2020-05-12 10:32:01
88,69,0,2020-05-12 10:25:58,2020-05-12 10:32:48
140,92,0,2020-05-12 10:26:16,2020-05-12 10:29:38
17,0,0,2020-05-12 10:26:20,2020-05-12 10:37:44
156,134,412,2020-05-12 10:26:20,2020-05-12 10:26:44
56,0,412,2020-05-12 10:26:22,2020-05-12 10:27:07
41,87,301,2020-05-12 10:26:24,2020-05-12 10:26:46
149,136,304,2020-05-12 10:26:25,2020-05-12 10:27:01
156,134,411,2020-05-12 10:26:44,2020-05-12 10:27:04
41,87,302,2020-05-12 10:26:46,2020-05-12 10:27:00
70,22,412,2020-05-12 10:26:46,2020-05-12 10:27:10
41,87,121,2020-05-12 10:27:00,2020-05-12 12:13:31
149,136,305,2020-05-12 10:27:01,2020-05-12 10:27:16
156,134,229,2020-05-12 10:27:04,2020-05-12 11:55:16
56,0,403,2020-05-12 10:27:07,2020-05-12 10:27:33
70,22,411,2020-05-12 10:27:10,2020-05-12 10:27:29
149,136,127,2020-05-12 10:27:16,2020-05-12 11:08:42
70,22,230,2020-05-12 10:27:29,2020-05-12 12:40:04
68,0,0,2020-05-12 10:27:30,2020-05-12 10:35:55
56,0,402,2020-05-12 10:27:33,2020-05-12 10:27:50
145,140,0,2020-05-12 10:27:35,2020-05-12 10:34:35
91,0,0,2020-05-12 10:27:44,2020-05-12 10:37:21
56,0,401,2020-05-12 10:27:50,2020-05-12 10:27:58
81,0,0,2020-05-12 10:27:51,2020-05-12 10:38:46
56,0,301,2020-05-12 10:27:58,2020-05-12 10:30:36
126,106,317,2020-05-12 10:28:04,2020-05-12 10:28:29
132,0,0,2020-05-12 10:28:20,2020-05-12 10:29:54
126,106,108,2020-05-12 10:28:29,2020-05-12 12:53:24
63,6,0,2020-05-12 10:28:49,2020-05-12 10:31:49
104,129,0,2020-05-12 10:28:51,2020-05-12 10:31:54
99,0,0,2020-05-12 10:29:02,2020-05-12 10:38:44
79,0,0,2020-05-12 10:29:18,2020-05-12 10:39:13
159,0,0,2020-05-12 10:29:23,2020-05-12 10:40:01
140,92,301,2020-05-12 10:29:38,2020-05-12 10:29:46
140,92,401,2020-05-12 10:29:46,2020-05-12 10:29:57
132,98,0,2020-05-12 10:29:54,2020-05-12 10:30:41
140,92,402,2020-05-12 10:29:57,2020-05-12 10:30:14
113,0,0,2020-05-12 10:30:07,2020-05-12 10:40:51
140,92,202,2020-05-12 10:30:14,2020-05-12 12:38:20
51,0,0,2020-05-12 10:30:26,2020-05-12 10:39:19
87,0,0,2020-05-12 10:30:32,2020-05-12 10:42:34
68,0,0,2020-05-12 10:30:34,2020-05-12 10:27:30
122,123,0,2020-05-12 10:30:36,2020-05-12 10:34:04
2,0,0,2020-05-12 10:30:36,2020-05-12 10:40:26
56,0,0,2020-05-12 10:30:36,2020-05-12 10:34:45
132,98,326,2020-05-12 10:30:41,2020-05-12 10:31:05
42,0,0,2020-05-12 10:30:43,2020-05-12 10:40:11
133,0,0,2020-05-12 10:31:00,2020-05-12 10:40:53
132,98,320,2020-05-12 10:31:05,2020-05-12 10:32:07
93,0,0,2020-05-12 10:31:07,2020-05-12 10:40:35
86,0,0,2020-05-12 10:31:11,2020-05-12 10:41:20
110,0,0,2020-05-12 10:31:36,2020-05-12 10:43:59
155,0,0,2020-05-12 10:31:43,2020-05-12 10:42:05
63,6,301,2020-05-12 10:31:49,2020-05-12 10:32:18
74,0,0,2020-05-12 10:31:52,2020-05-12 10:42:24
104,129,301,2020-05-12 10:31:54,2020-05-12 10:32:03
134,0,0,2020-05-12 10:31:54,2020-05-12 10:42:20
109,103,325,2020-05-12 10:32:01,2020-05-12 10:33:12
104,129,401,2020-05-12 10:32:03,2020-05-12 10:32:12
132,98,315,2020-05-12 10:32:07,2020-05-12 10:32:32
104,129,402,2020-05-12 10:32:12,2020-05-12 10:32:33
26,0,0,2020-05-12 10:32:15,2020-05-12 10:43:37
63,6,302,2020-05-12 10:32:18,2020-05-12 10:32:32
89,0,0,2020-05-12 10:32:19,2020-05-12 10:43:04
97,144,0,2020-05-12 10:32:21,2020-05-12 11:49:01
71,0,0,2020-05-12 10:32:25,2020-05-12 10:43:22
132,98,314,2020-05-12 10:32:32,2020-05-12 10:32:50
63,6,132,2020-05-12 10:32:32,2020-05-12 12:57:51
104,129,403,2020-05-12 10:32:33,2020-05-12 10:33:57
34,0,0,2020-05-12 10:32:34,2020-05-12 10:43:22
18,0,0,2020-05-12 10:32:37,2020-05-12 10:41:31
158,0,0,2020-05-12 10:32:37,2020-05-12 10:42:50
88,69,312,2020-05-12 10:32:48,2020-05-12 10:33:34
132,98,111,2020-05-12 10:32:50,2020-05-12 13:00:41
138,0,0,2020-05-12 10:33:11,2020-05-12 10:43:34
109,103,421,2020-05-12 10:33:12,2020-05-12 10:33:43
32,0,0,2020-05-12 10:33:15,2020-05-12 10:43:02
88,69,308,2020-05-12 10:33:34,2020-05-12 10:34:22
152,0,0,2020-05-12 10:33:35,2020-05-12 10:43:38
65,0,0,2020-05-12 10:33:35,2020-05-12 10:44:52
109,103,419,2020-05-12 10:33:43,2020-05-12 10:33:53
109,103,418,2020-05-12 10:33:53,2020-05-12 10:34:31
37,21,0,2020-05-12 10:33:56,2020-05-12 10:38:03
62,0,0,2020-05-12 10:33:57,2020-05-12 10:44:16
104,129,412,2020-05-12 10:33:57,2020-05-12 10:35:20
122,123,301,2020-05-12 10:34:04,2020-05-12 10:34:14
73,0,170,2020-05-12 10:34:11,2020-05-12 10:35:52
105,128,0,2020-05-12 10:34:14,2020-05-12 10:35:06
122,123,401,2020-05-12 10:34:14,2020-05-12 10:34:34
7,0,0,2020-05-12 10:34:17,2020-05-12 10:45:46
88,69,157,2020-05-12 10:34:22,2020-05-12 12:17:41
78,0,0,2020-05-12 10:34:23,2020-05-12 10:44:16
130,0,0,2020-05-12 10:34:26,2020-05-12 10:43:53
109,103,255,2020-05-12 10:34:31,2020-05-12 11:59:26
122,123,402,2020-05-12 10:34:34,2020-05-12 10:35:01
144,0,0,2020-05-12 10:34:35,2020-05-12 10:44:10
145,140,313,2020-05-12 10:34:35,2020-05-12 10:34:45
145,140,410,2020-05-12 10:34:45,2020-05-12 10:36:12
142,100,0,2020-05-12 10:34:45,2020-05-12 10:37:47
56,0,0,2020-05-12 10:34:45,2020-05-12 10:43:55
160,0,0,2020-05-12 10:34:53,2020-05-12 10:43:53
29,0,0,2020-05-12 10:34:57,2020-05-12 10:43:22
122,123,403,2020-05-12 10:35:01,2020-05-12 10:35:35
105,128,326,2020-05-12 10:35:06,2020-05-12 10:35:30
52,27,0,2020-05-12 10:35:08,2020-05-12 10:38:18
111,113,0,2020-05-12 10:35:13,2020-05-12 10:37:20
53,0,0,2020-05-12 10:35:15,2020-05-12 10:43:46
104,129,415,2020-05-12 10:35:20,2020-05-12 10:35:39
153,0,0,2020-05-12 10:35:28,2020-05-12 10:47:45
105,128,320,2020-05-12 10:35:30,2020-05-12 10:36:38
150,0,0,2020-05-12 10:35:33,2020-05-12 10:43:39
122,123,404,2020-05-12 10:35:35,2020-05-12 10:35:58
104,129,414,2020-05-12 10:35:39,2020-05-12 10:36:00
73,0,323,2020-05-12 10:35:52,2020-05-12 10:36:12
68,14,0,2020-05-12 10:35:55,2020-05-12 10:38:39
124,0,0,2020-05-12 10:35:58,2020-05-12 10:49:01
122,123,405,2020-05-12 10:35:58,2020-05-12 10:36:14
104,129,245,2020-05-12 10:36:00,2020-05-12 11:44:04
145,140,217,2020-05-12 10:36:12,2020-05-12 13:49:26
73,0,322,2020-05-12 10:36:12,2020-05-12 10:37:05
122,123,209,2020-05-12 10:36:14,2020-05-12 12:17:50
139,92,0,2020-05-12 10:36:35,2020-05-12 10:37:21
105,128,315,2020-05-12 10:36:38,2020-05-12 10:38:00
73,0,325,2020-05-12 10:37:05,2020-05-12 10:43:06
118,95,0,2020-05-12 10:37:13,2020-05-12 10:41:57
111,113,301,2020-05-12 10:37:20,2020-05-12 10:37:33
91,21,0,2020-05-12 10:37:21,2020-05-12 10:38:13
139,92,326,2020-05-12 10:37:21,2020-05-12 10:37:38
111,113,401,2020-05-12 10:37:33,2020-05-12 10:37:48
127,0,215,2020-05-12 10:37:34,2020-05-12 10:38:03
139,92,320,2020-05-12 10:37:38,2020-05-12 10:39:02
17,0,0,2020-05-12 10:37:44,2020-05-12 10:47:33
142,100,301,2020-05-12 10:37:47,2020-05-12 10:37:56
111,113,402,2020-05-12 10:37:48,2020-05-12 10:38:18
142,100,401,2020-05-12 10:37:56,2020-05-12 10:38:07
105,128,303,2020-05-12 10:38:00,2020-05-12 10:38:21
127,0,410,2020-05-12 10:38:03,2020-05-12 10:38:12
37,21,301,2020-05-12 10:38:03,2020-05-12 10:38:15
142,100,402,2020-05-12 10:38:07,2020-05-12 10:38:39
127,0,313,2020-05-12 10:38:12,2020-05-12 10:46:07
91,21,326,2020-05-12 10:38:13,2020-05-12 10:38:29
37,21,401,2020-05-12 10:38:15,2020-05-12 10:38:32
52,27,325,2020-05-12 10:38:18,2020-05-12 10:39:48
111,113,403,2020-05-12 10:38:18,2020-05-12 10:38:53
105,128,123,2020-05-12 10:38:21,2020-05-12 12:58:54
91,21,320,2020-05-12 10:38:29,2020-05-12 10:40:08
37,21,402,2020-05-12 10:38:32,2020-05-12 10:38:48
68,14,301,2020-05-12 10:38:39,2020-05-12 10:38:53
142,100,403,2020-05-12 10:38:39,2020-05-12 10:40:10
99,0,0,2020-05-12 10:38:44,2020-05-12 10:47:50
81,0,0,2020-05-12 10:38:46,2020-05-12 10:48:45
37,21,403,2020-05-12 10:38:48,2020-05-12 10:39:50
68,14,401,2020-05-12 10:38:53,2020-05-12 10:39:12
111,113,404,2020-05-12 10:38:53,2020-05-12 10:39:23
139,92,315,2020-05-12 10:39:02,2020-05-12 10:39:39
68,14,402,2020-05-12 10:39:12,2020-05-12 10:39:37
79,15,0,2020-05-12 10:39:13,2020-05-12 10:46:12
51,37,0,2020-05-12 10:39:19,2020-05-12 10:40:04
111,113,405,2020-05-12 10:39:23,2020-05-12 10:40:11
68,14,403,2020-05-12 10:39:37,2020-05-12 10:40:57
139,92,105,2020-05-12 10:39:39,2020-05-12 11:21:15
52,27,421,2020-05-12 10:39:48,2020-05-12 10:40:58
37,21,412,2020-05-12 10:39:50,2020-05-12 10:40:20
147,0,0,2020-05-12 10:39:56,2020-05-12 10:50:09
159,0,0,2020-05-12 10:40:01,2020-05-12 10:49:39
51,37,326,2020-05-12 10:40:04,2020-05-12 10:40:23
91,21,315,2020-05-12 10:40:08,2020-05-12 10:41:24
142,100,412,2020-05-12 10:40:10,2020-05-12 10:41:51
42,0,0,2020-05-12 10:40:11,2020-05-12 10:51:36
111,113,406,2020-05-12 10:40:11,2020-05-12 10:40:40
30,0,131,2020-05-12 10:40:12,2020-05-12 10:40:25
37,21,411,2020-05-12 10:40:20,2020-05-12 10:40:42
51,37,320,2020-05-12 10:40:23,2020-05-12 10:41:35
30,0,301,2020-05-12 10:40:25,2020-05-12 10:44:16
2,0,0,2020-05-12 10:40:26,2020-05-12 10:51:35
93,24,0,2020-05-12 10:40:35,2020-05-12 10:41:13
111,113,227,2020-05-12 10:40:40,2020-05-12 11:50:47
37,21,234,2020-05-12 10:40:42,2020-05-12 10:56:56
113,0,0,2020-05-12 10:40:51,2020-05-12 10:50:37
133,98,0,2020-05-12 10:40:53,2020-05-12 10:41:50
68,14,412,2020-05-12 10:40:57,2020-05-12 10:41:58
52,27,417,2020-05-12 10:40:58,2020-05-12 10:41:11
52,27,244,2020-05-12 10:41:11,2020-05-12 11:39:48
93,24,326,2020-05-12 10:41:13,2020-05-12 10:41:35
143,0,0,2020-05-12 10:41:15,2020-05-12 10:50:36
86,0,0,2020-05-12 10:41:20,2020-05-12 10:50:21
91,21,303,2020-05-12 10:41:24,2020-05-12 10:41:57
18,0,0,2020-05-12 10:41:31,2020-05-12 10:50:57
51,37,315,2020-05-12 10:41:35,2020-05-12 10:42:05
93,24,320,2020-05-12 10:41:35,2020-05-12 10:42:00
133,98,326,2020-05-12 10:41:50,2020-05-12 10:42:10
142,100,415,2020-05-12 10:41:51,2020-05-12 10:42:24
91,21,304,2020-05-12 10:41:57,2020-05-12 10:42:27
118,95,325,2020-05-12 10:41:57,2020-05-12 10:43:10
68,14,415,2020-05-12 10:41:58,2020-05-12 10:42:39
93,24,142,2020-05-12 10:42:00,2020-05-12 12:41:20
155,0,0,2020-05-12 10:42:05,2020-05-12 10:51:27
51,37,316,2020-05-12 10:42:05,2020-05-12 10:42:36
133,98,320,2020-05-12 10:42:10,2020-05-12 10:43:38
134,0,0,2020-05-12 10:42:20,2020-05-12 10:53:12
142,100,249,2020-05-12 10:42:24,2020-05-12 12:48:15
74,0,0,2020-05-12 10:42:24,2020-05-12 10:51:38
91,21,305,2020-05-12 10:42:27,2020-05-12 10:42:46
87,57,0,2020-05-12 10:42:34,2020-05-12 10:48:33
51,37,317,2020-05-12 10:42:36,2020-05-12 10:44:40
68,14,416,2020-05-12 10:42:39,2020-05-12 10:42:52
91,21,137,2020-05-12 10:42:46,2020-05-12 13:22:37
158,0,0,2020-05-12 10:42:50,2020-05-12 10:50:23
68,14,250,2020-05-12 10:42:52,2020-05-12 11:56:44
46,0,253,2020-05-12 10:42:53,2020-05-12 10:43:32
32,40,0,2020-05-12 10:43:02,2020-05-12 10:48:05
89,0,0,2020-05-12 10:43:04,2020-05-12 10:52:32
73,0,0,2020-05-12 10:43:06,2020-05-12 10:44:08
118,95,421,2020-05-12 10:43:10,2020-05-12 10:43:33
34,0,0,2020-05-12 10:43:22,2020-05-12 10:51:04
71,0,0,2020-05-12 10:43:22,2020-05-12 10:53:26
29,50,0,2020-05-12 10:43:22,2020-05-12 10:50:12
46,0,419,2020-05-12 10:43:32,2020-05-12 10:43:57
118,95,419,2020-05-12 10:43:33,2020-05-12 10:44:17
138,0,0,2020-05-12 10:43:34,2020-05-12 10:54:35
26,0,0,2020-05-12 10:43:37,2020-05-12 10:54:17
133,98,315,2020-05-12 10:43:38,2020-05-12 10:44:54
152,0,0,2020-05-12 10:43:38,2020-05-12 10:52:36
150,0,0,2020-05-12 10:43:39,2020-05-12 10:54:46
53,0,0,2020-05-12 10:43:46,2020-05-12 10:54:43
130,0,0,2020-05-12 10:43:53,2020-05-12 10:53:09
160,0,0,2020-05-12 10:43:53,2020-05-12 10:53:36
56,0,0,2020-05-12 10:43:55,2020-05-12 10:53:45
46,0,421,2020-05-12 10:43:57,2020-05-12 10:45:57
110,0,0,2020-05-12 10:43:59,2020-05-12 10:53:44
73,0,0,2020-05-12 10:44:08,2020-05-12 10:55:10
144,0,0,2020-05-12 10:44:10,2020-05-12 10:54:10
128,0,0,2020-05-12 10:44:13,2020-05-12 10:55:14
30,0,0,2020-05-12 10:44:16,2020-05-12 10:49:31
62,35,0,2020-05-12 10:44:16,2020-05-12 10:44:53
78,13,0,2020-05-12 10:44:16,2020-05-12 10:46:23
118,95,253,2020-05-12 10:44:17,2020-05-12 13:06:13
51,37,319,2020-05-12 10:44:40,2020-05-12 10:45:48
65,0,0,2020-05-12 10:44:52,2020-05-12 10:54:38
62,35,326,2020-05-12 10:44:53,2020-05-12 10:45:18
133,98,303,2020-05-12 10:44:54,2020-05-12 10:45:24
62,35,102,2020-05-12 10:45:18,2020-05-12 10:46:40
133,98,304,2020-05-12 10:45:24,2020-05-12 10:46:00
7,0,0,2020-05-12 10:45:46,2020-05-12 10:55:58
51,37,318,2020-05-12 10:45:48,2020-05-12 10:46:05
46,0,325,2020-05-12 10:45:57,2020-05-12 10:51:57
133,98,305,2020-05-12 10:46:00,2020-05-12 10:46:15
51,37,155,2020-05-12 10:46:05,2020-05-12 13:29:13
127,0,0,2020-05-12 10:46:07,2020-05-12 10:48:49
79,15,313,2020-05-12 10:46:12,2020-05-12 10:46:12
79,15,162,2020-05-12 10:46:12,2020-05-12 12:58:31
133,98,127,2020-05-12 10:46:15,2020-05-12 12:43:36
78,13,301,2020-05-12 10:46:23,2020-05-12 10:46:36
78,13,401,2020-05-12 10:46:36,2020-05-12 10:46:51
62,35,321,2020-05-12 10:46:40,2020-05-12 10:48:51
78,13,402,2020-05-12 10:46:51,2020-05-12 10:47:11
78,13,403,2020-05-12 10:47:11,2020-05-12 10:48:09
17,0,0,2020-05-12 10:47:33,2020-05-12 10:58:08
153,0,0,2020-05-12 10:47:45,2020-05-12 10:57:08
99,0,0,2020-05-12 10:47:50,2020-05-12 10:57:03
32,40,306,2020-05-12 10:48:05,2020-05-12 10:48:35
78,13,404,2020-05-12 10:48:09,2020-05-12 10:48:24
78,13,207,2020-05-12 10:48:24,2020-05-12 12:58:53
87,57,312,2020-05-12 10:48:33,2020-05-12 10:49:23
32,40,130,2020-05-12 10:48:35,2020-05-12 13:41:07
81,0,0,2020-05-12 10:48:45,2020-05-12 10:59:50
127,0,0,2020-05-12 10:48:49,2020-05-12 10:59:39
62,35,322,2020-05-12 10:48:51,2020-05-12 10:49:22
124,0,0,2020-05-12 10:49:01,2020-05-12 11:00:31
62,35,323,2020-05-12 10:49:22,2020-05-12 10:50:10
87,57,308,2020-05-12 10:49:23,2020-05-12 10:49:52
30,66,0,2020-05-12 10:49:31,2020-05-12 10:52:47
159,139,0,2020-05-12 10:49:39,2020-05-12 10:52:33
87,57,309,2020-05-12 10:49:52,2020-05-12 10:50:05
87,57,150,2020-05-12 10:50:05,2020-05-12 11:13:30
147,0,0,2020-05-12 10:50:09,2020-05-12 11:01:12
62,35,169,2020-05-12 10:50:10,2020-05-12 12:36:21
29,50,312,2020-05-12 10:50:12,2020-05-12 10:50:58
86,0,0,2020-05-12 10:50:21,2020-05-12 11:00:25
158,0,0,2020-05-12 10:50:23,2020-05-12 10:59:25
143,0,0,2020-05-12 10:50:36,2020-05-12 11:02:13
113,127,0,2020-05-12 10:50:37,2020-05-12 10:51:24
18,0,0,2020-05-12 10:50:57,2020-05-12 11:02:03
29,50,308,2020-05-12 10:50:58,2020-05-12 10:51:46
34,0,0,2020-05-12 10:51:04,2020-05-12 11:01:49
113,127,326,2020-05-12 10:51:24,2020-05-12 10:52:12
77,0,0,2020-05-12 10:51:25,2020-05-12 11:00:10
155,135,0,2020-05-12 10:51:27,2020-05-12 10:52:03
2,0,0,2020-05-12 10:51:35,2020-05-12 11:01:32
42,0,0,2020-05-12 10:51:36,2020-05-12 11:00:27
74,0,0,2020-05-12 10:51:38,2020-05-12 11:00:44
29,50,157,2020-05-12 10:51:46,2020-05-12 11:03:29
46,0,0,2020-05-12 10:51:57,2020-05-12 10:54:03
155,135,326,2020-05-12 10:52:03,2020-05-12 10:52:23
113,127,102,2020-05-12 10:52:12,2020-05-12 10:53:36
155,135,320,2020-05-12 10:52:23,2020-05-12 10:54:07
89,52,0,2020-05-12 10:52:32,2020-05-12 10:56:03
159,139,301,2020-05-12 10:52:33,2020-05-12 10:52:43
152,132,0,2020-05-12 10:52:36,2020-05-12 10:56:39
159,139,401,2020-05-12 10:52:43,2020-05-12 10:52:57
30,66,312,2020-05-12 10:52:47,2020-05-12 10:53:44
159,139,402,2020-05-12 10:52:57,2020-05-12 10:53:19
85,6,158,2020-05-12 10:53:07,2020-05-12 10:53:26
117,0,247,2020-05-12 10:53:07,2020-05-12 10:53:35
130,91,0,2020-05-12 10:53:09,2020-05-12 10:55:45
134,0,0,2020-05-12 10:53:12,2020-05-12 11:02:34
159,139,403,2020-05-12 10:53:19,2020-05-12 10:54:40
71,0,0,2020-05-12 10:53:26,2020-05-12 11:02:33
85,6,309,2020-05-12 10:53:26,2020-05-12 10:53:53
117,0,414,2020-05-12 10:53:35,2020-05-12 10:54:04
160,0,0,2020-05-12 10:53:36,2020-05-12 11:04:12
113,127,321,2020-05-12 10:53:36,2020-05-12 10:56:01
30,66,308,2020-05-12 10:53:44,2020-05-12 10:54:11
110,93,0,2020-05-12 10:53:44,2020-05-12 10:56:28
56,0,0,2020-05-12 10:53:45,2020-05-12 11:03:58
136,0,0,2020-05-12 10:53:47,2020-05-12 11:02:40
22,0,130,2020-05-12 10:53:51,2020-05-12 10:54:14
85,6,308,2020-05-12 10:53:53,2020-05-12 10:54:59
46,0,0,2020-05-12 10:54:03,2020-05-12 11:04:30
117,0,415,2020-05-12 10:54:04,2020-05-12 10:54:52
155,135,145,2020-05-12 10:54:07,2020-05-12 13:45:01
144,0,0,2020-05-12 10:54:10,2020-05-12 11:03:54
30,66,309,2020-05-12 10:54:11,2020-05-12 10:54:21
22,0,306,2020-05-12 10:54:14,2020-05-12 10:59:23
26,0,0,2020-05-12 10:54:17,2020-05-12 11:04:42
30,66,310,2020-05-12 10:54:21,2020-05-12 10:55:16
114,120,136,2020-05-12 10:54:26,2020-05-12 10:54:42
138,107,0,2020-05-12 10:54:35,2020-05-12 10:59:47
65,0,0,2020-05-12 10:54:38,2020-05-12 11:04:25
159,139,412,2020-05-12 10:54:40,2020-05-12 10:54:59
114,120,304,2020-05-12 10:54:42,2020-05-12 10:55:17
53,0,0,2020-05-12 10:54:43,2020-05-12 11:04:14
150,138,0,2020-05-12 10:54:46,2020-05-12 10:55:32
117,0,412,2020-05-12 10:54:52,2020-05-12 10:56:18
80,0,251,2020-05-12 10:54:57,2020-05-12 10:55:08
159,139,231,2020-05-12 10:54:59,2020-05-12 13:39:29
85,6,312,2020-05-12 10:54:59,2020-05-12 10:55:11
80,0,417,2020-05-12 10:55:08,2020-05-12 10:56:28
73,0,0,2020-05-12 10:55:10,2020-05-12 11:04:34
85,6,409,2020-05-12 10:55:11,2020-05-12 10:55:24
128,0,0,2020-05-12 10:55:14,2020-05-12 11:05:03
30,66,161,2020-05-12 10:55:16,2020-05-12 12:39:06
114,120,303,2020-05-12 10:55:17,2020-05-12 10:55:43
85,6,407,2020-05-12 10:55:24,2020-05-12 10:56:02
150,138,326,2020-05-12 10:55:32,2020-05-12 10:55:49
114,120,302,2020-05-12 10:55:43,2020-05-12 10:56:04
130,91,301,2020-05-12 10:55:45,2020-05-12 10:55:57
125,0,0,2020-05-12 10:55:48,2020-05-12 11:04:47
150,138,320,2020-05-12 10:55:49,2020-05-12 10:57:13
130,91,401,2020-05-12 10:55:57,2020-05-12 10:56:16
7,0,0,2020-05-12 10:55:58,2020-05-12 11:06:10
113,127,322,2020-05-12 10:56:01,2020-05-12 10:56:21
85,6,406,2020-05-12 10:56:02,2020-05-12 10:57:13
89,52,301,2020-05-12 10:56:03,2020-05-12 10:56:11
114,120,301,2020-05-12 10:56:04,2020-05-12 10:56:15
89,52,401,2020-05-12 10:56:11,2020-05-12 10:56:28
114,120,401,2020-05-12 10:56:15,2020-05-12 10:56:35
130,91,218,2020-05-12 10:56:16,2020-05-12 11:44:24
117,0,403,2020-05-12 10:56:18,2020-05-12 10:56:40
113,127,323,2020-05-12 10:56:21,2020-05-12 10:56:52
80,0,421,2020-05-12 10:56:28,2020-05-12 10:58:09
110,93,301,2020-05-12 10:56:28,2020-05-12 10:56:42
89,52,402,2020-05-12 10:56:28,2020-05-12 10:56:51
114,120,402,2020-05-12 10:56:35,2020-05-12 10:56:56
152,132,301,2020-05-12 10:56:39,2020-05-12 10:56:47
117,0,402,2020-05-12 10:56:40,2020-05-12 10:56:55
110,93,401,2020-05-12 10:56:42,2020-05-12 10:57:01
152,132,401,2020-05-12 10:56:47,2020-05-12 10:57:01
89,52,203,2020-05-12 10:56:51,2020-05-12 14:02:31
113,127,172,2020-05-12 10:56:52,2020-05-12 11:56:23
117,0,401,2020-05-12 10:56:55,2020-05-12 10:57:08
37,0,234,2020-05-12 10:56:56,2020-05-12 10:57:14
114,120,403,2020-05-12 10:56:56,2020-05-12 10:57:39
110,93,402,2020-05-12 10:57:01,2020-05-12 10:57:26
152,132,402,2020-05-12 10:57:01,2020-05-12 10:57:32
99,0,0,2020-05-12 10:57:03,2020-05-12 11:07:31
117,0,301,2020-05-12 10:57:08,2020-05-12 10:59:17
153,0,0,2020-05-12 10:57:08,2020-05-12 11:06:14
150,138,315,2020-05-12 10:57:13,2020-05-12 10:57:50
85,6,405,2020-05-12 10:57:13,2020-05-12 10:57:38
37,0,411,2020-05-12 10:57:14,2020-05-12 10:57:41
110,93,403,2020-05-12 10:57:26,2020-05-12 10:58:46
21,0,234,2020-05-12 10:57:26,2020-05-12 10:57:44
152,132,403,2020-05-12 10:57:32,2020-05-12 10:58:58
85,6,404,2020-05-12 10:57:38,2020-05-12 10:58:11
114,120,404,2020-05-12 10:57:39,2020-05-12 10:58:06
37,0,412,2020-05-12 10:57:41,2020-05-12 10:59:00
21,0,411,2020-05-12 10:57:44,2020-05-12 10:58:11
150,138,105,2020-05-12 10:57:50,2020-05-12 13:47:57
114,120,222,2020-05-12 10:58:06,2020-05-12 11:35:17
17,0,0,2020-05-12 10:58:08,2020-05-12 11:09:11
80,0,325,2020-05-12 10:58:09,2020-05-12 11:04:59
90,0,169,2020-05-12 10:58:10,2020-05-12 10:58:39
85,6,403,2020-05-12 10:58:11,2020-05-12 10:59:39
21,0,412,2020-05-12 10:58:11,2020-05-12 10:59:30
90,0,323,2020-05-12 10:58:39,2020-05-12 10:59:01
110,93,412,2020-05-12 10:58:46,2020-05-12 10:59:47
152,132,412,2020-05-12 10:58:58,2020-05-12 10:59:48
37,0,403,2020-05-12 10:59:00,2020-05-12 10:59:27
90,0,322,2020-05-12 10:59:01,2020-05-12 10:59:51
117,0,0,2020-05-12 10:59:17,2020-05-12 11:04:15
22,0,0,2020-05-12 10:59:23,2020-05-12 11:03:01
158,0,0,2020-05-12 10:59:25,2020-05-12 11:09:06
37,0,402,2020-05-12 10:59:27,2020-05-12 10:59:42
21,0,403,2020-05-12 10:59:30,2020-05-12 10:59:57
85,6,412,2020-05-12 10:59:39,2020-05-12 10:59:58
127,103,0,2020-05-12 10:59:39,2020-05-12 11:00:29
37,0,401,2020-05-12 10:59:42,2020-05-12 10:59:52
110,93,415,2020-05-12 10:59:47,2020-05-12 11:00:28
138,107,306,2020-05-12 10:59:47,2020-05-12 11:00:09
152,132,232,2020-05-12 10:59:48,2020-05-12 13:52:07
81,0,0,2020-05-12 10:59:50,2020-05-12 11:09:46
90,0,325,2020-05-12 10:59:51,2020-05-12 11:04:01
37,0,301,2020-05-12 10:59:52,2020-05-12 11:03:14
21,0,402,2020-05-12 10:59:57,2020-05-12 11:00:12
85,6,231,2020-05-12 10:59:58,2020-05-12 13:16:22
138,107,141,2020-05-12 11:00:09,2020-05-12 12:07:39
77,31,0,2020-05-12 11:00:10,2020-05-12 11:06:16
21,0,401,2020-05-12 11:00:12,2020-05-12 11:00:22
21,0,301,2020-05-12 11:00:22,2020-05-12 11:03:44
86,0,0,2020-05-12 11:00:25,2020-05-12 11:08:50
42,0,0,2020-05-12 11:00:27,2020-05-12 11:10:05
110,93,416,2020-05-12 11:00:28,2020-05-12 11:00:41
127,103,326,2020-05-12 11:00:29,2020-05-12 11:01:30
124,0,0,2020-05-12 11:00:31,2020-05-12 11:10:05
110,93,250,2020-05-12 11:00:41,2020-05-12 12:36:18
74,0,0,2020-05-12 11:00:44,2020-05-12 11:10:00
147,0,0,2020-05-12 11:01:12,2020-05-12 11:11:57
127,103,102,2020-05-12 11:01:30,2020-05-12 11:02:47
2,7,0,2020-05-12 11:01:32,2020-05-12 11:07:30
34,0,0,2020-05-12 11:01:49,2020-05-12 11:10:05
18,0,0,2020-05-12 11:02:03,2020-05-12 11:12:22
143,0,0,2020-05-12 11:02:13,2020-05-12 11:15:05
71,0,0,2020-05-12 11:02:33,2020-05-12 11:11:08
134,0,0,2020-05-12 11:02:34,2020-05-12 11:11:32
136,0,0,2020-05-12 11:02:40,2020-05-12 11:13:13
127,103,321,2020-05-12 11:02:47,2020-05-12 11:06:11
22,0,0,2020-05-12 11:03:01,2020-05-12 11:12:33
37,0,0,2020-05-12 11:03:14,2020-05-12 11:05:42
29,0,157,2020-05-12 11:03:29,2020-05-12 11:04:12
112,0,0,2020-05-12 11:03:31,2020-05-12 11:13:16
129,0,0,2020-05-12 11:03:36,2020-05-12 11:13:24
49,0,0,2020-05-12 11:03:37,2020-05-12 11:13:58
21,0,0,2020-05-12 11:03:44,2020-05-12 11:06:27
144,0,0,2020-05-12 11:03:54,2020-05-12 11:13:42
56,0,0,2020-05-12 11:03:58,2020-05-12 11:14:42
90,0,0,2020-05-12 11:04:01,2020-05-12 11:08:31
8,0,103,2020-05-12 11:04:08,2020-05-12 11:04:18
29,0,308,2020-05-12 11:04:12,2020-05-12 11:04:58
160,0,0,2020-05-12 11:04:12,2020-05-12 11:16:12
53,0,0,2020-05-12 11:04:14,2020-05-12 11:14:52
117,0,0,2020-05-12 11:04:15,2020-05-12 11:14:33
8,0,314,2020-05-12 11:04:18,2020-05-12 11:04:43
65,0,0,2020-05-12 11:04:25,2020-05-12 11:14:04
46,0,0,2020-05-12 11:04:30,2020-05-12 11:13:45
73,0,0,2020-05-12 11:04:34,2020-05-12 11:13:28
26,0,0,2020-05-12 11:04:42,2020-05-12 11:12:08
8,0,315,2020-05-12 11:04:43,2020-05-12 11:05:53
125,93,0,2020-05-12 11:04:47,2020-05-12 11:08:50
29,0,307,2020-05-12 11:04:58,2020-05-12 11:12:26
80,0,0,2020-05-12 11:04:59,2020-05-12 11:07:02
128,0,0,2020-05-12 11:05:03,2020-05-12 11:16:21
72,0,118,2020-05-12 11:05:12,2020-05-12 11:05:29
15,0,201,2020-05-12 11:05:24,2020-05-12 11:05:43
72,0,316,2020-05-12 11:05:29,2020-05-12 11:06:02
37,26,0,2020-05-12 11:05:42,2020-05-12 11:06:29
15,0,401,2020-05-12 11:05:43,2020-05-12 11:05:53
8,0,320,2020-05-12 11:05:53,2020-05-12 11:06:14
15,0,301,2020-05-12 11:05:53,2020-05-12 11:08:32
100,0,0,2020-05-12 11:05:59,2020-05-12 11:15:17
72,0,315,2020-05-12 11:06:02,2020-05-12 11:07:23
7,0,0,2020-05-12 11:06:10,2020-05-12 11:16:14
127,103,322,2020-05-12 11:06:11,2020-05-12 11:06:26
8,0,326,2020-05-12 11:06:14,2020-05-12 11:06:59
153,0,0,2020-05-12 11:06:14,2020-05-12 11:14:47
77,31,325,2020-05-12 11:06:16,2020-05-12 11:07:27
127,103,171,2020-05-12 11:06:26,2020-05-12 12:16:17
21,0,0,2020-05-12 11:06:27,2020-05-12 11:16:48
37,26,326,2020-05-12 11:06:29,2020-05-12 11:06:51
37,26,320,2020-05-12 11:06:51,2020-05-12 11:08:06
8,0,0,2020-05-12 11:06:59,2020-05-12 11:15:50
80,47,0,2020-05-12 11:07:02,2020-05-12 11:09:53
72,0,320,2020-05-12 11:07:23,2020-05-12 11:07:42
77,31,421,2020-05-12 11:07:27,2020-05-12 11:07:58
2,7,307,2020-05-12 11:07:30,2020-05-12 11:07:56
99,0,0,2020-05-12 11:07:31,2020-05-12 11:16:17
72,0,326,2020-05-12 11:07:42,2020-05-12 11:08:23
54,0,168,2020-05-12 11:07:53,2020-05-12 11:08:11
2,7,147,2020-05-12 11:07:56,2020-05-12 13:07:42
77,31,419,2020-05-12 11:07:58,2020-05-12 11:08:08
37,26,315,2020-05-12 11:08:06,2020-05-12 11:08:22
77,31,418,2020-05-12 11:08:08,2020-05-12 11:08:46
54,0,322,2020-05-12 11:08:11,2020-05-12 11:08:55
37,26,314,2020-05-12 11:08:22,2020-05-12 11:08:37
72,0,0,2020-05-12 11:08:23,2020-05-12 11:16:42
90,0,0,2020-05-12 11:08:31,2020-05-12 11:18:06
15,0,0,2020-05-12 11:08:32,2020-05-12 11:14:48
37,26,103,2020-05-12 11:08:37,2020-05-12 12:38:51
149,0,127,2020-05-12 11:08:42,2020-05-12 11:09:12
77,31,255,2020-05-12 11:08:46,2020-05-12 13:05:17
86,0,0,2020-05-12 11:08:50,2020-05-12 11:19:10
125,93,301,2020-05-12 11:08:50,2020-05-12 11:08:58
54,0,325,2020-05-12 11:08:55,2020-05-12 11:14:13
125,93,401,2020-05-12 11:08:58,2020-05-12 11:09:12
158,0,0,2020-05-12 11:09:06,2020-05-12 11:18:49
17,0,0,2020-05-12 11:09:11,2020-05-12 11:17:55
125,93,402,2020-05-12 11:09:12,2020-05-12 11:09:43
149,0,305,2020-05-12 11:09:12,2020-05-12 11:09:39
157,0,208,2020-05-12 11:09:36,2020-05-12 11:10:13
149,0,304,2020-05-12 11:09:39,2020-05-12 11:10:13
125,93,403,2020-05-12 11:09:43,2020-05-12 11:11:09
81,0,0,2020-05-12 11:09:46,2020-05-12 11:19:05
80,47,301,2020-05-12 11:09:53,2020-05-12 11:10:03
74,0,0,2020-05-12 11:10:00,2020-05-12 11:18:48
80,47,401,2020-05-12 11:10:03,2020-05-12 11:10:22
124,0,0,2020-05-12 11:10:05,2020-05-12 11:19:50
42,22,0,2020-05-12 11:10:05,2020-05-12 11:10:57
34,0,0,2020-05-12 11:10:05,2020-05-12 11:19:07
149,0,303,2020-05-12 11:10:13,2020-05-12 11:10:29
157,0,404,2020-05-12 11:10:13,2020-05-12 11:10:49
80,47,402,2020-05-12 11:10:22,2020-05-12 11:10:51
149,0,302,2020-05-12 11:10:29,2020-05-12 11:10:57
157,0,403,2020-05-12 11:10:49,2020-05-12 11:11:10
80,47,403,2020-05-12 11:10:51,2020-05-12 11:11:01
149,0,301,2020-05-12 11:10:57,2020-05-12 11:13:42
42,22,326,2020-05-12 11:10:57,2020-05-12 11:11:13
80,47,204,2020-05-12 11:11:01,2020-05-12 11:15:00
71,0,0,2020-05-12 11:11:08,2020-05-12 11:21:00
125,93,412,2020-05-12 11:11:09,2020-05-12 11:11:59
157,0,402,2020-05-12 11:11:10,2020-05-12 11:11:27
42,22,320,2020-05-12 11:11:13,2020-05-12 11:12:52
157,0,401,2020-05-12 11:11:27,2020-05-12 11:11:39
134,93,0,2020-05-12 11:11:32,2020-05-12 11:19:47
157,0,301,2020-05-12 11:11:39,2020-05-12 11:14:14
147,0,0,2020-05-12 11:11:57,2020-05-12 11:22:38
125,93,232,2020-05-12 11:11:59,2020-05-12 12:44:57
26,0,0,2020-05-12 11:12:08,2020-05-12 11:21:31
18,0,0,2020-05-12 11:12:22,2020-05-12 11:22:51
29,0,0,2020-05-12 11:12:26,2020-05-12 11:13:01
22,0,0,2020-05-12 11:12:33,2020-05-12 11:22:48
42,22,315,2020-05-12 11:12:52,2020-05-12 11:14:08
29,0,0,2020-05-12 11:13:01,2020-05-12 11:23:54
136,0,0,2020-05-12 11:13:13,2020-05-12 11:22:45
112,0,0,2020-05-12 11:13:16,2020-05-12 11:25:41
129,0,0,2020-05-12 11:13:24,2020-05-12 11:24:50
73,0,0,2020-05-12 11:13:28,2020-05-12 11:24:32
87,0,150,2020-05-12 11:13:30,2020-05-12 11:13:46
144,124,0,2020-05-12 11:13:42,2020-05-12 11:14:38
149,0,0,2020-05-12 11:13:42,2020-05-12 11:18:45
46,0,0,2020-05-12 11:13:45,2020-05-12 11:22:29
87,0,309,2020-05-12 11:13:46,2020-05-12 11:14:18
49,0,0,2020-05-12 11:13:58,2020-05-12 11:24:56
65,0,0,2020-05-12 11:14:04,2020-05-12 11:23:11
42,22,303,2020-05-12 11:14:08,2020-05-12 11:14:41
54,0,0,2020-05-12 11:14:13,2020-05-12 11:18:27
157,0,0,2020-05-12 11:14:14,2020-05-12 11:19:43
87,0,308,2020-05-12 11:14:18,2020-05-12 11:14:45
117,0,0,2020-05-12 11:14:33,2020-05-12 11:23:06
144,124,326,2020-05-12 11:14:38,2020-05-12 11:14:52
42,22,304,2020-05-12 11:14:41,2020-05-12 11:15:11
56,0,0,2020-05-12 11:14:42,2020-05-12 11:24:46
87,0,307,2020-05-12 11:14:45,2020-05-12 11:21:16
153,139,0,2020-05-12 11:14:47,2020-05-12 11:17:38
15,0,0,2020-05-12 11:14:48,2020-05-12 11:24:16
53,0,0,2020-05-12 11:14:52,2020-05-12 11:25:53
144,124,320,2020-05-12 11:14:52,2020-05-12 11:16:02
80,0,204,2020-05-12 11:15:00,2020-05-12 11:15:15
143,0,0,2020-05-12 11:15:05,2020-05-12 11:24:19
3,0,141,2020-05-12 11:15:11,2020-05-12 11:15:38
42,22,305,2020-05-12 11:15:11,2020-05-12 11:15:30
80,0,403,2020-05-12 11:15:15,2020-05-12 11:15:51
100,0,0,2020-05-12 11:15:17,2020-05-12 11:26:46
42,22,137,2020-05-12 11:15:30,2020-05-12 12:16:04
3,0,306,2020-05-12 11:15:38,2020-05-12 11:21:45
8,0,0,2020-05-12 11:15:50,2020-05-12 11:25:15
80,0,402,2020-05-12 11:15:51,2020-05-12 11:16:05
144,124,144,2020-05-12 11:16:02,2020-05-12 11:42:49
80,0,401,2020-05-12 11:16:05,2020-05-12 11:16:15
160,0,0,2020-05-12 11:16:12,2020-05-12 11:25:03
7,0,0,2020-05-12 11:16:14,2020-05-12 11:29:03
80,0,301,2020-05-12 11:16:15,2020-05-12 11:18:22
99,127,0,2020-05-12 11:16:17,2020-05-12 11:19:28
128,0,0,2020-05-12 11:16:21,2020-05-12 11:24:43
72,0,0,2020-05-12 11:16:42,2020-05-12 11:25:20
21,0,0,2020-05-12 11:16:48,2020-05-12 11:25:25
27,0,119,2020-05-12 11:17:15,2020-05-12 11:17:30
27,0,317,2020-05-12 11:17:30,2020-05-12 11:18:20
153,139,301,2020-05-12 11:17:38,2020-05-12 11:17:48
153,139,401,2020-05-12 11:17:48,2020-05-12 11:18:07
17,0,0,2020-05-12 11:17:55,2020-05-12 11:27:31
92,0,214,2020-05-12 11:18:00,2020-05-12 11:19:19
90,0,0,2020-05-12 11:18:06,2020-05-12 11:28:13
153,139,402,2020-05-12 11:18:07,2020-05-12 11:18:36
27,0,316,2020-05-12 11:18:20,2020-05-12 11:19:05
80,0,0,2020-05-12 11:18:22,2020-05-12 11:27:06
54,0,0,2020-05-12 11:18:27,2020-05-12 11:29:24
153,139,403,2020-05-12 11:18:36,2020-05-12 11:18:46
149,142,0,2020-05-12 11:18:45,2020-05-12 11:29:24
153,139,204,2020-05-12 11:18:46,2020-05-12 14:25:47
74,53,0,2020-05-12 11:18:48,2020-05-12 11:19:32
158,0,0,2020-05-12 11:18:49,2020-05-12 11:29:43
81,0,0,2020-05-12 11:19:05,2020-05-12 11:30:51
27,0,315,2020-05-12 11:19:05,2020-05-12 11:20:07
34,0,0,2020-05-12 11:19:07,2020-05-12 11:29:56
86,0,0,2020-05-12 11:19:10,2020-05-12 11:28:12
92,0,407,2020-05-12 11:19:19,2020-05-12 11:19:46
99,127,301,2020-05-12 11:19:28,2020-05-12 11:19:38
74,53,326,2020-05-12 11:19:32,2020-05-12 11:20:19
99,127,401,2020-05-12 11:19:38,2020-05-12 11:19:54
157,0,0,2020-05-12 11:19:43,2020-05-12 11:30:29
92,0,406,2020-05-12 11:19:46,2020-05-12 11:20:36
134,93,324,2020-05-12 11:19:47,2020-05-12 11:20:50
124,0,0,2020-05-12 11:19:50,2020-05-12 11:30:57
99,127,402,2020-05-12 11:19:54,2020-05-12 11:20:15
27,0,320,2020-05-12 11:20:07,2020-05-12 11:20:28
99,127,403,2020-05-12 11:20:15,2020-05-12 11:20:43
74,53,102,2020-05-12 11:20:19,2020-05-12 11:21:51
27,0,326,2020-05-12 11:20:28,2020-05-12 11:21:08
60,0,175,2020-05-12 11:20:30,2020-05-12 11:21:44
92,0,405,2020-05-12 11:20:36,2020-05-12 11:21:13
99,127,404,2020-05-12 11:20:43,2020-05-12 11:21:09
134,93,175,2020-05-12 11:20:50,2020-05-12 12:11:49
71,0,0,2020-05-12 11:21:00,2020-05-12 11:29:24
27,0,0,2020-05-12 11:21:08,2020-05-12 11:27:28
99,127,405,2020-05-12 11:21:09,2020-05-12 11:21:41
92,0,404,2020-05-12 11:21:13,2020-05-12 11:21:38
139,0,105,2020-05-12 11:21:15,2020-05-12 11:21:44
87,0,0,2020-05-12 11:21:16,2020-05-12 11:23:25
26,49,0,2020-05-12 11:21:31,2020-05-12 11:29:31
92,0,403,2020-05-12 11:21:38,2020-05-12 11:22:04
99,127,406,2020-05-12 11:21:41,2020-05-12 11:22:13
60,0,324,2020-05-12 11:21:44,2020-05-12 11:27:18
139,0,315,2020-05-12 11:21:44,2020-05-12 11:22:56
3,0,0,2020-05-12 11:21:45,2020-05-12 11:25:11
74,53,321,2020-05-12 11:21:51,2020-05-12 11:24:31
92,0,402,2020-05-12 11:22:04,2020-05-12 11:22:18
99,127,407,2020-05-12 11:22:13,2020-05-12 11:22:56
92,0,401,2020-05-12 11:22:18,2020-05-12 11:22:26
92,0,301,2020-05-12 11:22:26,2020-05-12 11:24:41
46,0,0,2020-05-12 11:22:29,2020-05-12 11:32:39
147,0,0,2020-05-12 11:22:38,2020-05-12 11:32:39
136,104,0,2020-05-12 11:22:45,2020-05-12 11:27:27
22,0,0,2020-05-12 11:22:48,2020-05-12 11:33:28
18,0,0,2020-05-12 11:22:51,2020-05-12 11:32:43
139,0,320,2020-05-12 11:22:56,2020-05-12 11:23:24
99,127,216,2020-05-12 11:22:56,2020-05-12 13:37:18
117,0,0,2020-05-12 11:23:06,2020-05-12 11:35:24
65,0,0,2020-05-12 11:23:11,2020-05-12 11:33:10
43,60,143,2020-05-12 11:23:17,2020-05-12 11:24:38
139,0,326,2020-05-12 11:23:24,2020-05-12 11:24:10
87,0,0,2020-05-12 11:23:25,2020-05-12 11:33:48
29,0,0,2020-05-12 11:23:54,2020-05-12 11:33:17
139,0,0,2020-05-12 11:24:10,2020-05-12 11:30:17
15,0,0,2020-05-12 11:24:16,2020-05-12 11:33:01
143,0,0,2020-05-12 11:24:19,2020-05-12 11:34:55
74,53,322,2020-05-12 11:24:31,2020-05-12 11:24:59
73,0,0,2020-05-12 11:24:32,2020-05-12 11:34:02
43,60,321,2020-05-12 11:24:38,2020-05-12 11:24:57
92,0,0,2020-05-12 11:24:41,2020-05-12 11:26:45
128,0,0,2020-05-12 11:24:43,2020-05-12 11:35:34
56,0,0,2020-05-12 11:24:46,2020-05-12 11:34:07
129,0,0,2020-05-12 11:24:50,2020-05-12 11:35:07
49,0,0,2020-05-12 11:24:56,2020-05-12 11:34:23
43,60,178,2020-05-12 11:24:57,2020-05-12 14:25:57
74,53,323,2020-05-12 11:24:59,2020-05-12 11:26:04
160,0,0,2020-05-12 11:25:03,2020-05-12 11:35:03
3,0,0,2020-05-12 11:25:11,2020-05-12 11:36:43
8,0,0,2020-05-12 11:25:15,2020-05-12 11:35:48
72,0,0,2020-05-12 11:25:20,2020-05-12 11:34:21
21,0,0,2020-05-12 11:25:25,2020-05-12 11:35:26
112,0,0,2020-05-12 11:25:41,2020-05-12 11:35:55
53,0,0,2020-05-12 11:25:53,2020-05-12 11:34:30
74,53,170,2020-05-12 11:26:04,2020-05-12 13:08:14
33,0,107,2020-05-12 11:26:20,2020-05-12 11:26:43
33,0,316,2020-05-12 11:26:43,2020-05-12 11:27:20
92,0,0,2020-05-12 11:26:45,2020-05-12 11:36:56
100,0,0,2020-05-12 11:26:46,2020-05-12 11:38:48
80,0,0,2020-05-12 11:27:06,2020-05-12 11:36:42
60,0,0,2020-05-12 11:27:18,2020-05-12 11:31:15
33,0,315,2020-05-12 11:27:20,2020-05-12 11:28:12
136,104,301,2020-05-12 11:27:27,2020-05-12 11:27:37
27,0,0,2020-05-12 11:27:28,2020-05-12 11:36:45
17,0,0,2020-05-12 11:27:31,2020-05-12 11:37:48
136,104,401,2020-05-12 11:27:37,2020-05-12 11:27:47
16,0,0,2020-05-12 11:27:45,2020-05-12 11:36:41
136,104,402,2020-05-12 11:27:47,2020-05-12 11:28:08
136,104,403,2020-05-12 11:28:08,2020-05-12 11:28:47
33,0,320,2020-05-12 11:28:12,2020-05-12 11:28:32
86,81,0,2020-05-12 11:28:12,2020-05-12 11:32:02
90,56,0,2020-05-12 11:28:13,2020-05-12 11:29:02
33,0,326,2020-05-12 11:28:32,2020-05-12 11:29:24
136,104,404,2020-05-12 11:28:47,2020-05-12 11:29:14
106,0,0,2020-05-12 11:28:55,2020-05-12 11:38:00
90,56,326,2020-05-12 11:29:02,2020-05-12 11:29:22
7,10,0,2020-05-12 11:29:03,2020-05-12 11:32:03
136,104,222,2020-05-12 11:29:14,2020-05-12 12:53:51
90,56,320,2020-05-12 11:29:22,2020-05-12 11:30:35
33,0,0,2020-05-12 11:29:24,2020-05-12 11:35:46
54,0,0,2020-05-12 11:29:24,2020-05-12 11:39:40
71,0,0,2020-05-12 11:29:24,2020-05-12 11:38:23
149,142,313,2020-05-12 11:29:24,2020-05-12 11:29:36
26,49,312,2020-05-12 11:29:31,2020-05-12 11:30:14
149,142,410,2020-05-12 11:29:36,2020-05-12 11:30:06
158,135,0,2020-05-12 11:29:43,2020-05-12 11:31:50
34,0,0,2020-05-12 11:29:56,2020-05-12 11:39:23
69,0,171,2020-05-12 11:29:56,2020-05-12 11:30:12
149,142,215,2020-05-12 11:30:06,2020-05-12 14:23:27
69,0,322,2020-05-12 11:30:12,2020-05-12 11:31:11
26,49,308,2020-05-12 11:30:14,2020-05-12 11:30:55
139,0,0,2020-05-12 11:30:17,2020-05-12 11:41:19
66,0,212,2020-05-12 11:30:28,2020-05-12 11:30:41
157,0,0,2020-05-12 11:30:29,2020-05-12 11:39:02
90,56,315,2020-05-12 11:30:35,2020-05-12 11:31:07
66,0,406,2020-05-12 11:30:41,2020-05-12 11:31:26
81,0,0,2020-05-12 11:30:51,2020-05-12 11:41:44
26,49,309,2020-05-12 11:30:55,2020-05-12 11:31:28
124,0,0,2020-05-12 11:30:57,2020-05-12 11:41:31
90,56,104,2020-05-12 11:31:07,2020-05-12 13:10:49
69,0,325,2020-05-12 11:31:11,2020-05-12 11:36:20
60,0,0,2020-05-12 11:31:15,2020-05-12 11:41:55
66,0,405,2020-05-12 11:31:26,2020-05-12 11:31:55
26,49,151,2020-05-12 11:31:28,2020-05-12 15:25:31
158,135,301,2020-05-12 11:31:50,2020-05-12 11:32:03
66,0,404,2020-05-12 11:31:55,2020-05-12 11:32:39
86,81,301,2020-05-12 11:32:02,2020-05-12 11:32:13
158,135,401,2020-05-12 11:32:03,2020-05-12 11:32:18
7,10,301,2020-05-12 11:32:03,2020-05-12 11:32:32
86,81,401,2020-05-12 11:32:13,2020-05-12 11:32:31
158,135,402,2020-05-12 11:32:18,2020-05-12 11:32:38
55,77,158,2020-05-12 11:32:21,2020-05-12 13:03:27
86,81,402,2020-05-12 11:32:31,2020-05-12 11:32:53
7,10,302,2020-05-12 11:32:32,2020-05-12 11:32:46
158,135,403,2020-05-12 11:32:38,2020-05-12 11:33:36
66,0,403,2020-05-12 11:32:39,2020-05-12 11:33:07
46,0,0,2020-05-12 11:32:39,2020-05-12 11:41:38
147,0,0,2020-05-12 11:32:39,2020-05-12 11:41:26
18,0,0,2020-05-12 11:32:43,2020-05-12 11:40:53
7,10,132,2020-05-12 11:32:46,2020-05-12 13:52:06
86,81,403,2020-05-12 11:32:53,2020-05-12 11:33:33
61,0,128,2020-05-12 11:33:00,2020-05-12 11:33:29
15,0,0,2020-05-12 11:33:01,2020-05-12 11:42:33
66,0,402,2020-05-12 11:33:07,2020-05-12 11:33:22
65,0,0,2020-05-12 11:33:10,2020-05-12 11:42:36
29,0,0,2020-05-12 11:33:17,2020-05-12 11:43:41
66,0,401,2020-05-12 11:33:22,2020-05-12 11:33:34
22,0,0,2020-05-12 11:33:28,2020-05-12 11:43:40
61,0,306,2020-05-12 11:33:29,2020-05-12 11:38:37
86,81,404,2020-05-12 11:33:33,2020-05-12 11:34:06
66,0,301,2020-05-12 11:33:34,2020-05-12 11:36:38
158,135,404,2020-05-12 11:33:36,2020-05-12 11:33:51
87,0,0,2020-05-12 11:33:48,2020-05-12 11:43:42
158,135,207,2020-05-12 11:33:51,2020-05-12 14:21:43
73,0,0,2020-05-12 11:34:02,2020-05-12 11:42:29
86,81,405,2020-05-12 11:34:06,2020-05-12 11:34:45
56,0,0,2020-05-12 11:34:07,2020-05-12 11:43:44
72,0,0,2020-05-12 11:34:21,2020-05-12 11:44:59
49,0,0,2020-05-12 11:34:23,2020-05-12 11:45:01
53,0,0,2020-05-12 11:34:30,2020-05-12 11:44:23
86,81,406,2020-05-12 11:34:45,2020-05-12 11:35:10
146,0,201,2020-05-12 11:34:53,2020-05-12 11:35:12
143,0,0,2020-05-12 11:34:55,2020-05-12 11:43:41
160,0,0,2020-05-12 11:35:03,2020-05-12 11:46:34
129,0,0,2020-05-12 11:35:07,2020-05-12 11:45:28
86,81,213,2020-05-12 11:35:10,2020-05-12 11:52:02
146,0,401,2020-05-12 11:35:12,2020-05-12 11:35:22
12,0,242,2020-05-12 11:35:15,2020-05-12 11:35:31
114,0,222,2020-05-12 11:35:17,2020-05-12 11:35:47
119,0,0,2020-05-12 11:35:19,2020-05-12 11:44:54
146,0,301,2020-05-12 11:35:22,2020-05-12 11:38:01
117,0,0,2020-05-12 11:35:24,2020-05-12 11:45:14
21,0,0,2020-05-12 11:35:26,2020-05-12 11:45:12
12,0,416,2020-05-12 11:35:31,2020-05-12 11:36:03
128,0,0,2020-05-12 11:35:34,2020-05-12 11:45:23
107,0,126,2020-05-12 11:35:35,2020-05-12 11:35:52
33,0,0,2020-05-12 11:35:46,2020-05-12 11:43:42
114,0,404,2020-05-12 11:35:47,2020-05-12 11:36:14
8,59,0,2020-05-12 11:35:48,2020-05-12 11:36:13
107,0,305,2020-05-12 11:35:52,2020-05-12 11:36:20
112,0,0,2020-05-12 11:35:55,2020-05-12 11:45:29
12,0,415,2020-05-12 11:36:03,2020-05-12 11:37:27
8,59,326,2020-05-12 11:36:13,2020-05-12 11:36:39
114,0,403,2020-05-12 11:36:14,2020-05-12 11:36:34
1,0,132,2020-05-12 11:36:18,2020-05-12 11:36:33
107,0,304,2020-05-12 11:36:20,2020-05-12 11:36:51
69,0,0,2020-05-12 11:36:20,2020-05-12 11:40:38
1,0,302,2020-05-12 11:36:33,2020-05-12 11:37:02
114,0,402,2020-05-12 11:36:34,2020-05-12 11:36:51
66,0,0,2020-05-12 11:36:38,2020-05-12 11:40:17
8,59,320,2020-05-12 11:36:39,2020-05-12 11:38:13
16,0,0,2020-05-12 11:36:41,2020-05-12 11:48:22
80,79,0,2020-05-12 11:36:42,2020-05-12 11:42:30
3,0,0,2020-05-12 11:36:43,2020-05-12 11:47:23
27,0,0,2020-05-12 11:36:45,2020-05-12 11:47:27
107,0,303,2020-05-12 11:36:51,2020-05-12 11:37:08
114,0,401,2020-05-12 11:36:51,2020-05-12 11:37:04
92,0,0,2020-05-12 11:36:56,2020-05-12 11:45:49
1,0,301,2020-05-12 11:37:02,2020-05-12 11:40:53
114,0,301,2020-05-12 11:37:04,2020-05-12 11:39:19
107,0,302,2020-05-12 11:37:08,2020-05-12 11:37:37
12,0,412,2020-05-12 11:37:27,2020-05-12 11:38:44
107,0,301,2020-05-12 11:37:37,2020-05-12 11:40:22
17,0,0,2020-05-12 11:37:48,2020-05-12 11:47:56
106,104,0,2020-05-12 11:38:00,2020-05-12 11:38:38
146,0,0,2020-05-12 11:38:01,2020-05-12 11:45:03
8,59,315,2020-05-12 11:38:13,2020-05-12 11:38:44
71,52,0,2020-05-12 11:38:23,2020-05-12 11:43:27
61,0,0,2020-05-12 11:38:37,2020-05-12 11:44:12
106,104,326,2020-05-12 11:38:38,2020-05-12 11:39:00
98,0,170,2020-05-12 11:38:44,2020-05-12 11:40:25
8,59,112,2020-05-12 11:38:44,2020-05-12 14:17:52
12,0,403,2020-05-12 11:38:44,2020-05-12 11:39:09
100,0,0,2020-05-12 11:38:48,2020-05-12 11:48:48
106,104,320,2020-05-12 11:39:00,2020-05-12 11:39:25
36,0,247,2020-05-12 11:39:01,2020-05-12 11:39:29
157,0,0,2020-05-12 11:39:02,2020-05-12 11:48:47
12,0,402,2020-05-12 11:39:09,2020-05-12 11:39:23
114,0,0,2020-05-12 11:39:19,2020-05-12 11:46:42
34,59,0,2020-05-12 11:39:23,2020-05-12 11:40:04
12,0,401,2020-05-12 11:39:23,2020-05-12 11:39:32
106,104,142,2020-05-12 11:39:25,2020-05-12 14:04:06
94,0,178,2020-05-12 11:39:25,2020-05-12 11:40:37
36,0,414,2020-05-12 11:39:29,2020-05-12 11:39:58
12,0,301,2020-05-12 11:39:32,2020-05-12 11:43:59
54,16,0,2020-05-12 11:39:40,2020-05-12 11:40:12
115,0,254,2020-05-12 11:39:41,2020-05-12 11:40:15
52,0,244,2020-05-12 11:39:48,2020-05-12 11:40:01
36,0,415,2020-05-12 11:39:58,2020-05-12 11:40:46
52,0,417,2020-05-12 11:40:01,2020-05-12 11:41:29
34,59,326,2020-05-12 11:40:04,2020-05-12 11:40:22
54,16,326,2020-05-12 11:40:12,2020-05-12 11:40:56
115,0,418,2020-05-12 11:40:15,2020-05-12 11:40:23
66,0,0,2020-05-12 11:40:17,2020-05-12 11:48:29
107,0,0,2020-05-12 11:40:22,2020-05-12 11:45:18
34,59,320,2020-05-12 11:40:22,2020-05-12 11:41:42
115,0,419,2020-05-12 11:40:23,2020-05-12 11:40:45
98,0,323,2020-05-12 11:40:25,2020-05-12 11:40:45
94,0,321,2020-05-12 11:40:37,2020-05-12 11:42:06
69,0,0,2020-05-12 11:40:38,2020-05-12 11:51:25
98,0,322,2020-05-12 11:40:45,2020-05-12 11:41:38
115,0,421,2020-05-12 11:40:45,2020-05-12 11:42:54
36,0,412,2020-05-12 11:40:46,2020-05-12 11:42:12
1,0,0,2020-05-12 11:40:53,2020-05-12 11:45:32
18,36,0,2020-05-12 11:40:53,2020-05-12 11:45:37
54,16,102,2020-05-12 11:40:56,2020-05-12 11:42:36
139,129,0,2020-05-12 11:41:19,2020-05-12 11:43:26
147,0,0,2020-05-12 11:41:26,2020-05-12 11:50:36
52,0,421,2020-05-12 11:41:29,2020-05-12 11:42:59
124,0,0,2020-05-12 11:41:31,2020-05-12 11:51:48
46,0,0,2020-05-12 11:41:38,2020-05-12 11:50:47
98,0,325,2020-05-12 11:41:38,2020-05-12 11:47:39
34,59,315,2020-05-12 11:41:42,2020-05-12 11:43:34
81,0,0,2020-05-12 11:41:44,2020-05-12 11:52:05
60,0,0,2020-05-12 11:41:55,2020-05-12 11:50:28
94,0,102,2020-05-12 11:42:06,2020-05-12 11:42:57
36,0,403,2020-05-12 11:42:12,2020-05-12 11:42:34
73,0,0,2020-05-12 11:42:29,2020-05-12 11:53:37
80,79,306,2020-05-12 11:42:30,2020-05-12 11:42:38
15,0,0,2020-05-12 11:42:33,2020-05-12 11:51:53
36,0,402,2020-05-12 11:42:34,2020-05-12 11:42:49
54,16,321,2020-05-12 11:42:36,2020-05-12 11:45:13
65,0,0,2020-05-12 11:42:36,2020-05-12 11:53:17
80,79,140,2020-05-12 11:42:38,2020-05-12 12:43:12
36,0,401,2020-05-12 11:42:49,2020-05-12 11:43:02
144,0,144,2020-05-12 11:42:49,2020-05-12 11:43:55
115,0,325,2020-05-12 11:42:54,2020-05-12 11:47:38
94,0,326,2020-05-12 11:42:57,2020-05-12 11:43:37
52,0,325,2020-05-12 11:42:59,2020-05-12 11:47:07
36,0,301,2020-05-12 11:43:02,2020-05-12 11:45:11
40,0,172,2020-05-12 11:43:18,2020-05-12 11:43:46
139,129,301,2020-05-12 11:43:26,2020-05-12 11:43:39
71,52,306,2020-05-12 11:43:27,2020-05-12 11:43:42
34,59,303,2020-05-12 11:43:34,2020-05-12 11:44:03
94,0,0,2020-05-12 11:43:37,2020-05-12 11:51:25
139,129,401,2020-05-12 11:43:39,2020-05-12 11:43:54
22,0,0,2020-05-12 11:43:40,2020-05-12 11:53:20
29,0,0,2020-05-12 11:43:41,2020-05-12 11:52:45
143,140,0,2020-05-12 11:43:41,2020-05-12 11:46:42
87,0,0,2020-05-12 11:43:42,2020-05-12 11:53:11
33,0,0,2020-05-12 11:43:42,2020-05-12 11:53:07
71,52,129,2020-05-12 11:43:42,2020-05-12 13:22:21
56,0,0,2020-05-12 11:43:44,2020-05-12 11:53:42
12,0,0,2020-05-12 11:43:44,2020-05-12 11:53:47
40,0,323,2020-05-12 11:43:46,2020-05-12 11:44:06
139,129,402,2020-05-12 11:43:54,2020-05-12 11:44:14
144,0,320,2020-05-12 11:43:55,2020-05-12 11:44:14
12,0,0,2020-05-12 11:43:59,2020-05-12 11:43:44
34,59,304,2020-05-12 11:44:03,2020-05-12 11:44:21
104,0,245,2020-05-12 11:44:04,2020-05-12 11:44:27
40,0,322,2020-05-12 11:44:06,2020-05-12 11:44:46
61,0,0,2020-05-12 11:44:12,2020-05-12 11:55:22
144,0,326,2020-05-12 11:44:14,2020-05-12 11:45:08
139,129,403,2020-05-12 11:44:14,2020-05-12 11:45:12
34,59,136,2020-05-12 11:44:21,2020-05-12 13:27:26
53,0,0,2020-05-12 11:44:23,2020-05-12 11:54:09
130,0,218,2020-05-12 11:44:24,2020-05-12 11:44:43
104,0,414,2020-05-12 11:44:27,2020-05-12 11:45:00
102,124,0,2020-05-12 11:44:37,2020-05-12 11:47:04
130,0,401,2020-05-12 11:44:43,2020-05-12 11:44:54
40,0,325,2020-05-12 11:44:46,2020-05-12 11:49:09
119,0,0,2020-05-12 11:44:54,2020-05-12 11:55:24
130,0,301,2020-05-12 11:44:54,2020-05-12 11:48:14
72,0,0,2020-05-12 11:44:59,2020-05-12 11:53:38
104,0,415,2020-05-12 11:45:00,2020-05-12 11:46:37
49,0,0,2020-05-12 11:45:01,2020-05-12 11:55:42
146,0,0,2020-05-12 11:45:03,2020-05-12 11:55:25
144,0,0,2020-05-12 11:45:08,2020-05-12 11:55:22
36,0,0,2020-05-12 11:45:11,2020-05-12 11:49:20
21,0,0,2020-05-12 11:45:12,2020-05-12 11:54:58
139,129,404,2020-05-12 11:45:12,2020-05-12 11:45:27
54,16,322,2020-05-12 11:45:13,2020-05-12 11:45:42
117,0,0,2020-05-12 11:45:14,2020-05-12 11:55:33
107,0,0,2020-05-12 11:45:18,2020-05-12 11:54:59
128,0,0,2020-05-12 11:45:23,2020-05-12 11:54:56
139,129,207,2020-05-12 11:45:27,2020-05-12 13:59:53
129,0,0,2020-05-12 11:45:28,2020-05-12 11:54:56
112,0,0,2020-05-12 11:45:29,2020-05-12 11:56:27
1,15,0,2020-05-12 11:45:32,2020-05-12 11:47:15
18,36,325,2020-05-12 11:45:37,2020-05-12 11:46:50
54,16,168,2020-05-12 11:45:42,2020-05-12 15:03:40
5,0,225,2020-05-12 11:45:44,2020-05-12 11:46:00
92,0,0,2020-05-12 11:45:49,2020-05-12 11:55:30
5,0,405,2020-05-12 11:46:00,2020-05-12 11:46:37
160,0,0,2020-05-12 11:46:34,2020-05-12 11:56:56
104,0,412,2020-05-12 11:46:37,2020-05-12 11:48:10
5,0,404,2020-05-12 11:46:37,2020-05-12 11:47:13
114,0,0,2020-05-12 11:46:42,2020-05-12 11:55:40
143,140,301,2020-05-12 11:46:42,2020-05-12 11:46:53
18,36,421,2020-05-12 11:46:50,2020-05-12 11:47:13
143,140,401,2020-05-12 11:46:53,2020-05-12 11:47:08
102,124,301,2020-05-12 11:47:04,2020-05-12 11:47:11
52,0,0,2020-05-12 11:47:07,2020-05-12 11:49:32
143,140,402,2020-05-12 11:47:08,2020-05-12 11:47:35
102,124,401,2020-05-12 11:47:11,2020-05-12 11:47:27
18,36,419,2020-05-12 11:47:13,2020-05-12 11:47:57
5,0,403,2020-05-12 11:47:13,2020-05-12 11:47:45
1,15,301,2020-05-12 11:47:15,2020-05-12 11:47:25
3,0,0,2020-05-12 11:47:23,2020-05-12 11:57:21
1,15,401,2020-05-12 11:47:25,2020-05-12 11:47:46
102,124,402,2020-05-12 11:47:27,2020-05-12 11:47:52
27,37,0,2020-05-12 11:47:27,2020-05-12 11:53:16
143,140,403,2020-05-12 11:47:35,2020-05-12 11:48:23
115,0,0,2020-05-12 11:47:38,2020-05-12 11:49:00
98,0,0,2020-05-12 11:47:39,2020-05-12 11:50:05
19,0,167,2020-05-12 11:47:41,2020-05-12 11:49:16
5,0,402,2020-05-12 11:47:45,2020-05-12 11:48:00
1,15,402,2020-05-12 11:47:46,2020-05-12 11:48:14
102,124,403,2020-05-12 11:47:52,2020-05-12 11:48:50
17,0,0,2020-05-12 11:47:56,2020-05-12 11:58:20
18,36,253,2020-05-12 11:47:57,2020-05-12 14:43:05
5,0,401,2020-05-12 11:48:00,2020-05-12 11:48:10
5,0,301,2020-05-12 11:48:10,2020-05-12 11:51:01
104,0,403,2020-05-12 11:48:10,2020-05-12 11:48:33
59,66,147,2020-05-12 11:48:12,2020-05-12 11:48:48
1,15,403,2020-05-12 11:48:14,2020-05-12 11:49:08
130,0,0,2020-05-12 11:48:14,2020-05-12 11:54:20
16,0,0,2020-05-12 11:48:22,2020-05-12 11:59:26
143,140,404,2020-05-12 11:48:23,2020-05-12 11:48:42
66,0,0,2020-05-12 11:48:29,2020-05-12 11:58:58
104,0,402,2020-05-12 11:48:33,2020-05-12 11:48:51
143,140,405,2020-05-12 11:48:42,2020-05-12 11:49:32
157,133,0,2020-05-12 11:48:47,2020-05-12 11:53:59
59,66,308,2020-05-12 11:48:48,2020-05-12 11:49:12
100,0,0,2020-05-12 11:48:48,2020-05-12 11:59:33
102,124,412,2020-05-12 11:48:50,2020-05-12 11:49:59
104,0,401,2020-05-12 11:48:51,2020-05-12 11:49:01
115,0,0,2020-05-12 11:49:00,2020-05-12 11:59:19
104,0,301,2020-05-12 11:49:01,2020-05-12 11:51:34
97,0,0,2020-05-12 11:49:01,2020-05-12 11:58:28
1,15,404,2020-05-12 11:49:08,2020-05-12 11:49:26
40,0,0,2020-05-12 11:49:09,2020-05-12 11:53:31
59,66,309,2020-05-12 11:49:12,2020-05-12 11:49:41
19,0,317,2020-05-12 11:49:16,2020-05-12 11:49:44
36,0,0,2020-05-12 11:49:20,2020-05-12 11:59:16
1,15,223,2020-05-12 11:49:26,2020-05-12 14:03:33
143,140,406,2020-05-12 11:49:32,2020-05-12 11:50:03
52,0,0,2020-05-12 11:49:32,2020-05-12 11:59:22
59,66,159,2020-05-12 11:49:41,2020-05-12 14:34:17
19,0,316,2020-05-12 11:49:44,2020-05-12 11:50:20
102,124,415,2020-05-12 11:49:59,2020-05-12 11:50:38
143,140,407,2020-05-12 11:50:03,2020-05-12 11:51:02
98,0,0,2020-05-12 11:50:05,2020-05-12 11:59:16
19,0,315,2020-05-12 11:50:20,2020-05-12 11:51:39
60,0,0,2020-05-12 11:50:28,2020-05-12 11:59:08
147,0,0,2020-05-12 11:50:36,2020-05-12 12:00:43
102,124,416,2020-05-12 11:50:38,2020-05-12 11:50:53
48,0,178,2020-05-12 11:50:44,2020-05-12 11:51:56
46,74,0,2020-05-12 11:50:47,2020-05-12 11:51:33
111,0,227,2020-05-12 11:50:47,2020-05-12 11:51:15
102,124,242,2020-05-12 11:50:53,2020-05-12 12:51:47
5,0,0,2020-05-12 11:51:01,2020-05-12 11:55:20
143,140,214,2020-05-12 11:51:02,2020-05-12 14:08:26
111,0,406,2020-05-12 11:51:15,2020-05-12 11:52:03
24,0,256,2020-05-12 11:51:16,2020-05-12 11:51:47
69,85,0,2020-05-12 11:51:25,2020-05-12 11:52:24
94,0,0,2020-05-12 11:51:25,2020-05-12 12:01:23
46,74,326,2020-05-12 11:51:33,2020-05-12 11:51:45
104,0,0,2020-05-12 11:51:34,2020-05-12 11:54:02
19,0,320,2020-05-12 11:51:39,2020-05-12 11:51:57
46,74,320,2020-05-12 11:51:45,2020-05-12 11:53:19
24,0,419,2020-05-12 11:51:47,2020-05-12 11:52:19
124,0,0,2020-05-12 11:51:48,2020-05-12 12:01:11
15,35,0,2020-05-12 11:51:53,2020-05-12 11:52:34
48,0,321,2020-05-12 11:51:56,2020-05-12 11:53:25
123,0,0,2020-05-12 11:51:57,2020-05-12 12:02:04
19,0,326,2020-05-12 11:51:57,2020-05-12 11:52:50
86,0,213,2020-05-12 11:52:02,2020-05-12 11:52:44
111,0,405,2020-05-12 11:52:03,2020-05-12 11:52:27
81,0,0,2020-05-12 11:52:05,2020-05-12 12:01:12
24,0,421,2020-05-12 11:52:19,2020-05-12 11:53:48
69,85,326,2020-05-12 11:52:24,2020-05-12 11:52:46
111,0,404,2020-05-12 11:52:27,2020-05-12 11:53:14
15,35,326,2020-05-12 11:52:34,2020-05-12 11:52:52
86,0,406,2020-05-12 11:52:44,2020-05-12 11:53:34
29,0,0,2020-05-12 11:52:45,2020-05-12 12:03:26
69,85,320,2020-05-12 11:52:46,2020-05-12 11:54:01
19,0,0,2020-05-12 11:52:50,2020-05-12 11:58:42
15,35,320,2020-05-12 11:52:52,2020-05-12 11:54:12
33,0,0,2020-05-12 11:53:07,2020-05-12 12:02:53
87,0,0,2020-05-12 11:53:11,2020-05-12 12:02:49
111,0,403,2020-05-12 11:53:14,2020-05-12 11:53:38
27,37,325,2020-05-12 11:53:16,2020-05-12 11:54:58
65,24,0,2020-05-12 11:53:17,2020-05-12 11:54:04
46,74,315,2020-05-12 11:53:19,2020-05-12 11:54:45
22,0,0,2020-05-12 11:53:20,2020-05-12 12:04:26
48,0,102,2020-05-12 11:53:25,2020-05-12 11:54:16
40,0,0,2020-05-12 11:53:31,2020-05-12 12:04:18
135,0,313,2020-05-12 11:53:32,2020-05-12 12:03:16
135,0,162,2020-05-12 11:53:32,2020-05-12 11:53:32
64,0,252,2020-05-12 11:53:34,2020-05-12 11:54:16
86,0,405,2020-05-12 11:53:34,2020-05-12 11:54:04
73,0,0,2020-05-12 11:53:37,2020-05-12 12:03:49
111,0,402,2020-05-12 11:53:38,2020-05-12 11:53:59
72,0,0,2020-05-12 11:53:38,2020-05-12 12:03:45
56,56,0,2020-05-12 11:53:42,2020-05-12 11:57:06
12,58,0,2020-05-12 11:53:47,2020-05-12 11:57:11
24,0,325,2020-05-12 11:53:48,2020-05-12 11:58:43
157,133,306,2020-05-12 11:53:59,2020-05-12 11:54:21
111,0,401,2020-05-12 11:53:59,2020-05-12 11:54:08
69,85,315,2020-05-12 11:54:01,2020-05-12 11:55:19
104,0,0,2020-05-12 11:54:02,2020-05-12 12:03:31
86,0,404,2020-05-12 11:54:04,2020-05-12 11:54:40
65,24,326,2020-05-12 11:54:04,2020-05-12 11:54:52
111,0,301,2020-05-12 11:54:08,2020-05-12 11:57:17
53,0,0,2020-05-12 11:54:09,2020-05-12 12:03:44
15,35,315,2020-05-12 11:54:12,2020-05-12 11:56:04
64,0,421,2020-05-12 11:54:16,2020-05-12 11:55:40
48,0,326,2020-05-12 11:54:16,2020-05-12 11:54:56
130,0,0,2020-05-12 11:54:20,2020-05-12 12:05:00
157,133,141,2020-05-12 11:54:21,2020-05-12 13:49:49
86,0,403,2020-05-12 11:54:40,2020-05-12 11:55:06
46,74,303,2020-05-12 11:54:45,2020-05-12 11:55:09
65,24,102,2020-05-12 11:54:52,2020-05-12 11:56:16
128,0,0,2020-05-12 11:54:56,2020-05-12 12:04:16
48,0,0,2020-05-12 11:54:56,2020-05-12 12:00:16
129,0,0,2020-05-12 11:54:56,2020-05-12 12:04:40
27,37,421,2020-05-12 11:54:58,2020-05-12 11:55:52
21,0,0,2020-05-12 11:54:58,2020-05-12 12:02:59
107,0,0,2020-05-12 11:54:59,2020-05-12 12:07:10
86,0,402,2020-05-12 11:55:06,2020-05-12 11:55:21
46,74,304,2020-05-12 11:55:09,2020-05-12 11:55:23
156,0,229,2020-05-12 11:55:16,2020-05-12 11:55:44
69,85,303,2020-05-12 11:55:19,2020-05-12 11:55:43
5,21,0,2020-05-12 11:55:20,2020-05-12 11:57:57
86,0,401,2020-05-12 11:55:21,2020-05-12 11:55:33
144,0,0,2020-05-12 11:55:22,2020-05-12 12:04:40
61,0,0,2020-05-12 11:55:22,2020-05-12 12:04:34
46,74,124,2020-05-12 11:55:23,2020-05-12 12:58:40
119,0,0,2020-05-12 11:55:24,2020-05-12 12:05:15
146,0,0,2020-05-12 11:55:25,2020-05-12 12:06:46
92,0,0,2020-05-12 11:55:30,2020-05-12 12:05:47
86,0,301,2020-05-12 11:55:33,2020-05-12 11:58:49
117,0,0,2020-05-12 11:55:33,2020-05-12 12:06:14
64,0,325,2020-05-12 11:55:40,2020-05-12 12:01:20
114,0,0,2020-05-12 11:55:40,2020-05-12 12:06:20
49,0,0,2020-05-12 11:55:42,2020-05-12 12:06:19
69,85,304,2020-05-12 11:55:43,2020-05-12 11:55:56
156,0,411,2020-05-12 11:55:44,2020-05-12 11:56:08
27,37,252,2020-05-12 11:55:52,2020-05-12 12:38:27
69,85,125,2020-05-12 11:55:56,2020-05-12 13:10:22
15,35,303,2020-05-12 11:56:04,2020-05-12 11:56:33
156,0,412,2020-05-12 11:56:08,2020-05-12 11:57:32
65,24,321,2020-05-12 11:56:16,2020-05-12 11:58:41
113,93,172,2020-05-12 11:56:23,2020-05-12 11:56:47
112,0,0,2020-05-12 11:56:27,2020-05-12 12:04:28
15,35,304,2020-05-12 11:56:33,2020-05-12 11:56:51
68,0,250,2020-05-12 11:56:44,2020-05-12 11:57:04
113,93,323,2020-05-12 11:56:47,2020-05-12 11:58:30
15,35,136,2020-05-12 11:56:51,2020-05-12 13:01:39
160,0,0,2020-05-12 11:56:56,2020-05-12 12:06:52
68,0,416,2020-05-12 11:57:04,2020-05-12 11:57:48
56,56,301,2020-05-12 11:57:06,2020-05-12 11:57:18
12,58,301,2020-05-12 11:57:11,2020-05-12 11:57:23
111,0,0,2020-05-12 11:57:17,2020-05-12 12:01:20
56,56,401,2020-05-12 11:57:18,2020-05-12 11:57:31
3,0,0,2020-05-12 11:57:21,2020-05-12 12:08:05
12,58,401,2020-05-12 11:57:23,2020-05-12 11:57:36
56,56,402,2020-05-12 11:57:31,2020-05-12 11:57:55
156,0,403,2020-05-12 11:57:32,2020-05-12 11:57:57
12,58,402,2020-05-12 11:57:36,2020-05-12 11:58:00
68,0,415,2020-05-12 11:57:48,2020-05-12 11:58:56
56,56,403,2020-05-12 11:57:55,2020-05-12 11:59:15
5,21,301,2020-05-12 11:57:57,2020-05-12 11:58:08
156,0,402,2020-05-12 11:57:57,2020-05-12 11:58:19
12,58,403,2020-05-12 11:58:00,2020-05-12 11:59:20
5,21,401,2020-05-12 11:58:08,2020-05-12 11:58:24
156,0,401,2020-05-12 11:58:19,2020-05-12 11:58:26
17,0,0,2020-05-12 11:58:20,2020-05-12 12:07:58
5,21,402,2020-05-12 11:58:24,2020-05-12 11:58:45
156,0,301,2020-05-12 11:58:26,2020-05-12 12:02:29
97,0,0,2020-05-12 11:58:28,2020-05-12 12:09:25
113,93,170,2020-05-12 11:58:30,2020-05-12 14:19:33
65,24,322,2020-05-12 11:58:41,2020-05-12 11:59:01
19,0,0,2020-05-12 11:58:42,2020-05-12 12:08:54
24,0,0,2020-05-12 11:58:43,2020-05-12 12:02:13
5,21,403,2020-05-12 11:58:45,2020-05-12 11:59:36
86,0,0,2020-05-12 11:58:49,2020-05-12 12:03:24
6,0,133,2020-05-12 11:58:50,2020-05-12 11:59:07
68,0,412,2020-05-12 11:58:56,2020-05-12 12:00:10
66,0,0,2020-05-12 11:58:58,2020-05-12 12:09:09
65,24,323,2020-05-12 11:59:01,2020-05-12 11:59:32
6,0,302,2020-05-12 11:59:07,2020-05-12 11:59:37
60,0,0,2020-05-12 11:59:08,2020-05-12 12:08:33
56,56,412,2020-05-12 11:59:15,2020-05-12 12:00:39
36,0,0,2020-05-12 11:59:16,2020-05-12 12:07:58
98,97,0,2020-05-12 11:59:16,2020-05-12 12:01:23
115,0,0,2020-05-12 11:59:19,2020-05-12 12:08:55
12,58,412,2020-05-12 11:59:20,2020-05-12 12:00:44
52,0,0,2020-05-12 11:59:22,2020-05-12 12:09:12
16,0,0,2020-05-12 11:59:26,2020-05-12 12:08:35
109,0,255,2020-05-12 11:59:26,2020-05-12 12:00:03
65,24,172,2020-05-12 11:59:32,2020-05-12 14:45:26
100,0,0,2020-05-12 11:59:33,2020-05-12 12:07:52
5,21,404,2020-05-12 11:59:36,2020-05-12 12:00:10
6,0,301,2020-05-12 11:59:37,2020-05-12 12:02:02
109,0,418,2020-05-12 12:00:03,2020-05-12 12:00:12
5,21,405,2020-05-12 12:00:10,2020-05-12 12:00:43
68,0,403,2020-05-12 12:00:10,2020-05-12 12:00:43
109,0,419,2020-05-12 12:00:12,2020-05-12 12:00:43
48,0,0,2020-05-12 12:00:16,2020-05-12 12:10:34
76,0,205,2020-05-12 12:00:27,2020-05-12 12:00:57
56,56,415,2020-05-12 12:00:39,2020-05-12 12:01:13
109,0,421,2020-05-12 12:00:43,2020-05-12 12:02:22
147,137,0,2020-05-12 12:00:43,2020-05-12 12:03:20
68,0,402,2020-05-12 12:00:43,2020-05-12 12:01:00
64,0,0,2020-05-12 12:00:43,2020-05-12 12:11:08
5,21,406,2020-05-12 12:00:43,2020-05-12 12:00:59
12,58,415,2020-05-12 12:00:44,2020-05-12 12:01:18
76,0,403,2020-05-12 12:00:57,2020-05-12 12:01:20
5,21,228,2020-05-12 12:00:59,2020-05-12 13:17:45
68,0,401,2020-05-12 12:01:00,2020-05-12 12:01:09
68,0,301,2020-05-12 12:01:09,2020-05-12 12:03:24
28,0,175,2020-05-12 12:01:11,2020-05-12 12:02:25
124,95,0,2020-05-12 12:01:11,2020-05-12 12:02:54
81,0,0,2020-05-12 12:01:12,2020-05-12 12:11:19
56,56,241,2020-05-12 12:01:13,2020-05-12 12:43:34
12,58,241,2020-05-12 12:01:18,2020-05-12 14:47:11
76,0,402,2020-05-12 12:01:20,2020-05-12 12:01:33
111,0,0,2020-05-12 12:01:20,2020-05-12 12:10:48
64,0,0,2020-05-12 12:01:20,2020-05-12 12:00:43
98,97,301,2020-05-12 12:01:23,2020-05-12 12:01:36
94,28,0,2020-05-12 12:01:23,2020-05-12 12:02:06
76,0,401,2020-05-12 12:01:33,2020-05-12 12:01:43
98,97,401,2020-05-12 12:01:36,2020-05-12 12:01:51
76,0,301,2020-05-12 12:01:43,2020-05-12 12:04:55
98,97,402,2020-05-12 12:01:51,2020-05-12 12:02:11
6,0,0,2020-05-12 12:02:02,2020-05-12 12:10:05
123,0,0,2020-05-12 12:02:04,2020-05-12 12:11:38
94,28,326,2020-05-12 12:02:06,2020-05-12 12:02:23
98,97,403,2020-05-12 12:02:11,2020-05-12 12:03:09
24,0,0,2020-05-12 12:02:13,2020-05-12 12:10:44
109,0,325,2020-05-12 12:02:22,2020-05-12 12:07:26
94,28,320,2020-05-12 12:02:23,2020-05-12 12:03:28
28,0,324,2020-05-12 12:02:25,2020-05-12 12:07:59
156,0,0,2020-05-12 12:02:29,2020-05-12 12:05:36
87,0,0,2020-05-12 12:02:49,2020-05-12 12:13:15
33,0,0,2020-05-12 12:02:53,2020-05-12 12:12:02
124,95,301,2020-05-12 12:02:54,2020-05-12 12:03:04
21,0,0,2020-05-12 12:02:59,2020-05-12 12:11:52
124,95,401,2020-05-12 12:03:04,2020-05-12 12:03:25
98,97,404,2020-05-12 12:03:09,2020-05-12 12:03:24
135,0,0,2020-05-12 12:03:10,2020-05-12 12:14:02
135,0,0,2020-05-12 12:03:16,2020-05-12 12:03:10
147,137,301,2020-05-12 12:03:20,2020-05-12 12:03:31
68,0,0,2020-05-12 12:03:24,2020-05-12 12:07:05
86,0,0,2020-05-12 12:03:24,2020-05-12 12:13:57
98,97,207,2020-05-12 12:03:24,2020-05-12 13:15:49
124,95,402,2020-05-12 12:03:25,2020-05-12 12:03:53
29,0,0,2020-05-12 12:03:26,2020-05-12 12:13:12
94,28,315,2020-05-12 12:03:28,2020-05-12 12:04:26
104,0,0,2020-05-12 12:03:31,2020-05-12 12:13:38
147,137,401,2020-05-12 12:03:31,2020-05-12 12:03:45
53,0,0,2020-05-12 12:03:44,2020-05-12 12:13:44
147,137,402,2020-05-12 12:03:45,2020-05-12 12:04:06
72,0,0,2020-05-12 12:03:45,2020-05-12 12:13:43
73,45,0,2020-05-12 12:03:49,2020-05-12 12:04:38
124,95,403,2020-05-12 12:03:53,2020-05-12 12:04:47
147,137,403,2020-05-12 12:04:06,2020-05-12 12:04:25
128,0,0,2020-05-12 12:04:16,2020-05-12 12:13:15
40,0,0,2020-05-12 12:04:18,2020-05-12 12:15:52
147,137,220,2020-05-12 12:04:25,2020-05-12 13:27:09
94,28,303,2020-05-12 12:04:26,2020-05-12 12:04:44
22,0,0,2020-05-12 12:04:26,2020-05-12 12:15:06
112,0,0,2020-05-12 12:04:28,2020-05-12 12:11:39
61,0,0,2020-05-12 12:04:34,2020-05-12 12:13:16
73,45,326,2020-05-12 12:04:38,2020-05-12 12:04:58
144,0,0,2020-05-12 12:04:40,2020-05-12 12:13:40
129,0,0,2020-05-12 12:04:40,2020-05-12 12:15:08
95,0,169,2020-05-12 12:04:42,2020-05-12 12:05:11
94,28,134,2020-05-12 12:04:44,2020-05-12 13:07:14
124,95,404,2020-05-12 12:04:47,2020-05-12 12:05:05
76,0,0,2020-05-12 12:04:55,2020-05-12 12:10:48
73,45,320,2020-05-12 12:04:58,2020-05-12 12:06:11
130,0,0,2020-05-12 12:05:00,2020-05-12 12:16:25
124,95,223,2020-05-12 12:05:05,2020-05-12 12:55:47
95,0,323,2020-05-12 12:05:11,2020-05-12 12:05:33
119,119,0,2020-05-12 12:05:15,2020-05-12 12:06:17
95,0,322,2020-05-12 12:05:33,2020-05-12 12:06:23
156,0,0,2020-05-12 12:05:36,2020-05-12 12:14:32
92,0,0,2020-05-12 12:05:47,2020-05-12 12:18:34
73,45,315,2020-05-12 12:06:11,2020-05-12 12:06:43
117,0,0,2020-05-12 12:06:14,2020-05-12 12:14:34
119,119,326,2020-05-12 12:06:17,2020-05-12 12:06:59
49,0,0,2020-05-12 12:06:19,2020-05-12 12:15:27
114,127,0,2020-05-12 12:06:20,2020-05-12 12:11:24
95,0,325,2020-05-12 12:06:23,2020-05-12 12:10:33
73,45,104,2020-05-12 12:06:43,2020-05-12 13:12:11
146,0,0,2020-05-12 12:06:46,2020-05-12 12:16:15
160,0,0,2020-05-12 12:06:52,2020-05-12 12:17:51
119,119,102,2020-05-12 12:06:59,2020-05-12 12:08:13
68,0,0,2020-05-12 12:07:05,2020-05-12 12:16:09
107,0,0,2020-05-12 12:07:10,2020-05-12 12:16:56
109,0,0,2020-05-12 12:07:26,2020-05-12 12:09:49
138,0,141,2020-05-12 12:07:39,2020-05-12 12:08:06
100,0,0,2020-05-12 12:07:52,2020-05-12 12:17:46
17,0,0,2020-05-12 12:07:58,2020-05-12 12:18:13
36,18,0,2020-05-12 12:07:58,2020-05-12 12:10:44
28,0,0,2020-05-12 12:07:59,2020-05-12 12:11:58
3,0,0,2020-05-12 12:08:05,2020-05-12 12:17:44
138,0,306,2020-05-12 12:08:06,2020-05-12 12:14:13
119,119,321,2020-05-12 12:08:13,2020-05-12 12:09:10
60,0,0,2020-05-12 12:08:33,2020-05-12 12:17:44
16,0,0,2020-05-12 12:08:35,2020-05-12 12:17:53
19,31,0,2020-05-12 12:08:54,2020-05-12 12:12:44
115,0,0,2020-05-12 12:08:55,2020-05-12 12:17:41
66,0,0,2020-05-12 12:09:09,2020-05-12 12:17:37
119,119,178,2020-05-12 12:09:10,2020-05-12 13:26:00
52,36,0,2020-05-12 12:09:12,2020-05-12 12:12:14
97,0,0,2020-05-12 12:09:25,2020-05-12 12:19:30
109,0,0,2020-05-12 12:09:49,2020-05-12 12:18:24
6,0,0,2020-05-12 12:10:05,2020-05-12 12:18:26
134,0,231,2020-05-12 12:10:28,2020-05-12 12:10:51
95,0,0,2020-05-12 12:10:33,2020-05-12 12:13:59
48,0,0,2020-05-12 12:10:34,2020-05-12 12:21:56
24,0,0,2020-05-12 12:10:44,2020-05-12 12:20:17
36,18,301,2020-05-12 12:10:44,2020-05-12 12:10:54
76,0,0,2020-05-12 12:10:48,2020-05-12 12:20:02
111,0,0,2020-05-12 12:10:48,2020-05-12 12:20:49
134,0,412,2020-05-12 12:10:51,2020-05-12 12:11:55
36,18,401,2020-05-12 12:10:54,2020-05-12 12:11:09
137,0,0,2020-05-12 12:11:08,2020-05-12 12:21:15
64,0,0,2020-05-12 12:11:08,2020-05-12 12:21:37
36,18,402,2020-05-12 12:11:09,2020-05-12 12:11:44
81,0,0,2020-05-12 12:11:19,2020-05-12 12:20:01
114,127,306,2020-05-12 12:11:24,2020-05-12 12:11:39
123,0,0,2020-05-12 12:11:38,2020-05-12 12:22:14
112,95,0,2020-05-12 12:11:39,2020-05-12 12:19:54
114,127,129,2020-05-12 12:11:39,2020-05-12 14:30:22
36,18,403,2020-05-12 12:11:44,2020-05-12 12:12:46
134,0,175,2020-05-12 12:11:49,2020-05-12 12:13:03
21,0,0,2020-05-12 12:11:52,2020-05-12 12:22:38
134,0,403,2020-05-12 12:11:55,2020-05-12 12:12:19
28,0,0,2020-05-12 12:11:58,2020-05-12 12:22:43
33,0,0,2020-05-12 12:12:02,2020-05-12 12:21:34
52,36,301,2020-05-12 12:12:14,2020-05-12 12:12:23
134,0,402,2020-05-12 12:12:19,2020-05-12 12:12:32
52,36,401,2020-05-12 12:12:23,2020-05-12 12:12:34
134,0,401,2020-05-12 12:12:32,2020-05-12 12:12:42
52,36,402,2020-05-12 12:12:34,2020-05-12 12:13:06
134,0,301,2020-05-12 12:12:42,2020-05-12 12:16:13
9,0,238,2020-05-12 12:12:42,2020-05-12 12:12:59
19,31,301,2020-05-12 12:12:44,2020-05-12 12:12:55
36,18,412,2020-05-12 12:12:46,2020-05-12 12:13:13
19,31,401,2020-05-12 12:12:55,2020-05-12 12:13:13
9,0,414,2020-05-12 12:12:59,2020-05-12 12:13:25
134,0,324,2020-05-12 12:13:03,2020-05-12 12:18:37
52,36,403,2020-05-12 12:13:06,2020-05-12 12:14:37
57,0,231,2020-05-12 12:13:07,2020-05-12 12:13:30
29,19,0,2020-05-12 12:13:12,2020-05-12 12:19:18
36,18,411,2020-05-12 12:13:13,2020-05-12 12:13:24
19,31,402,2020-05-12 12:13:13,2020-05-12 12:13:35
87,0,0,2020-05-12 12:13:15,2020-05-12 12:22:44
128,0,0,2020-05-12 12:13:15,2020-05-12 12:24:42
61,0,0,2020-05-12 12:13:16,2020-05-12 12:22:43
36,18,235,2020-05-12 12:13:24,2020-05-12 15:25:36
9,0,415,2020-05-12 12:13:25,2020-05-12 12:14:23
57,0,412,2020-05-12 12:13:30,2020-05-12 12:14:34
41,0,121,2020-05-12 12:13:31,2020-05-12 12:13:49
19,31,403,2020-05-12 12:13:35,2020-05-12 12:14:15
104,0,0,2020-05-12 12:13:38,2020-05-12 12:23:21
144,0,0,2020-05-12 12:13:40,2020-05-12 12:23:00
72,0,0,2020-05-12 12:13:43,2020-05-12 12:22:28
121,123,201,2020-05-12 12:13:43,2020-05-12 12:14:09
53,0,0,2020-05-12 12:13:44,2020-05-12 12:25:55
41,0,302,2020-05-12 12:13:49,2020-05-12 12:14:14
86,0,0,2020-05-12 12:13:57,2020-05-12 12:24:43
95,0,0,2020-05-12 12:13:59,2020-05-12 12:24:06
135,0,0,2020-05-12 12:14:02,2020-05-12 12:23:26
121,123,402,2020-05-12 12:14:09,2020-05-12 12:14:32
138,0,0,2020-05-12 12:14:13,2020-05-12 12:16:47
41,0,301,2020-05-12 12:14:14,2020-05-12 12:17:21
19,31,404,2020-05-12 12:14:15,2020-05-12 12:14:48
9,0,412,2020-05-12 12:14:23,2020-05-12 12:15:41
121,123,403,2020-05-12 12:14:32,2020-05-12 12:15:13
156,134,0,2020-05-12 12:14:32,2020-05-12 12:18:07
57,0,403,2020-05-12 12:14:34,2020-05-12 12:14:58
117,0,0,2020-05-12 12:14:34,2020-05-12 12:24:25
52,36,412,2020-05-12 12:14:37,2020-05-12 12:16:18
19,31,405,2020-05-12 12:14:48,2020-05-12 12:15:27
57,0,402,2020-05-12 12:14:58,2020-05-12 12:15:11
22,72,0,2020-05-12 12:15:06,2020-05-12 12:15:53
129,0,0,2020-05-12 12:15:08,2020-05-12 12:24:25
57,0,401,2020-05-12 12:15:11,2020-05-12 12:15:21
121,123,404,2020-05-12 12:15:13,2020-05-12 12:15:36
57,0,301,2020-05-12 12:15:21,2020-05-12 12:18:52
49,0,0,2020-05-12 12:15:27,2020-05-12 12:27:12
19,31,406,2020-05-12 12:15:27,2020-05-12 12:15:52
121,123,405,2020-05-12 12:15:36,2020-05-12 12:16:21
9,0,403,2020-05-12 12:15:41,2020-05-12 12:16:15
40,9,0,2020-05-12 12:15:52,2020-05-12 12:16:34
19,31,213,2020-05-12 12:15:52,2020-05-12 13:20:19
22,72,326,2020-05-12 12:15:53,2020-05-12 12:16:17
42,0,137,2020-05-12 12:16:04,2020-05-12 12:16:31
68,0,0,2020-05-12 12:16:09,2020-05-12 12:26:35
134,0,0,2020-05-12 12:16:13,2020-05-12 12:20:29
146,140,0,2020-05-12 12:16:15,2020-05-12 12:23:15
9,0,402,2020-05-12 12:16:15,2020-05-12 12:16:27
127,0,171,2020-05-12 12:16:17,2020-05-12 12:16:33
22,72,320,2020-05-12 12:16:17,2020-05-12 12:17:19
52,36,415,2020-05-12 12:16:18,2020-05-12 12:16:51
121,123,406,2020-05-12 12:16:21,2020-05-12 12:16:53
130,0,0,2020-05-12 12:16:25,2020-05-12 12:26:49
9,0,401,2020-05-12 12:16:27,2020-05-12 12:16:37
42,0,305,2020-05-12 12:16:31,2020-05-12 12:16:54
127,0,322,2020-05-12 12:16:33,2020-05-12 12:17:32
40,9,326,2020-05-12 12:16:34,2020-05-12 12:16:54
9,0,301,2020-05-12 12:16:37,2020-05-12 12:20:40
138,0,0,2020-05-12 12:16:47,2020-05-12 12:26:53
52,36,249,2020-05-12 12:16:51,2020-05-12 15:31:02
121,123,407,2020-05-12 12:16:53,2020-05-12 12:18:43
42,0,304,2020-05-12 12:16:54,2020-05-12 12:17:22
40,9,320,2020-05-12 12:16:54,2020-05-12 12:18:03
107,0,0,2020-05-12 12:16:56,2020-05-12 12:27:36
22,72,315,2020-05-12 12:17:19,2020-05-12 12:17:44
41,0,0,2020-05-12 12:17:21,2020-05-12 12:24:15
42,0,303,2020-05-12 12:17:22,2020-05-12 12:17:45
127,0,325,2020-05-12 12:17:32,2020-05-12 12:22:41
66,0,0,2020-05-12 12:17:37,2020-05-12 12:26:45
88,83,157,2020-05-12 12:17:41,2020-05-12 12:18:00
115,110,0,2020-05-12 12:17:41,2020-05-12 12:25:41
3,0,0,2020-05-12 12:17:44,2020-05-12 12:26:50
60,0,0,2020-05-12 12:17:44,2020-05-12 12:26:42
22,72,314,2020-05-12 12:17:44,2020-05-12 12:18:02
42,0,302,2020-05-12 12:17:45,2020-05-12 12:18:02
100,0,0,2020-05-12 12:17:46,2020-05-12 12:27:28
122,0,209,2020-05-12 12:17:50,2020-05-12 12:18:05
160,0,0,2020-05-12 12:17:51,2020-05-12 12:27:55
16,0,0,2020-05-12 12:17:53,2020-05-12 12:28:22
88,83,309,2020-05-12 12:18:00,2020-05-12 12:18:23
42,0,301,2020-05-12 12:18:02,2020-05-12 12:21:25
22,72,111,2020-05-12 12:18:02,2020-05-12 14:29:54
40,9,143,2020-05-12 12:18:03,2020-05-12 13:23:17
122,0,405,2020-05-12 12:18:05,2020-05-12 12:18:41
156,134,301,2020-05-12 12:18:07,2020-05-12 12:18:18
17,6,0,2020-05-12 12:18:13,2020-05-12 12:20:49
156,134,401,2020-05-12 12:18:18,2020-05-12 12:18:30
88,83,158,2020-05-12 12:18:23,2020-05-12 14:29:40
109,0,0,2020-05-12 12:18:24,2020-05-12 12:29:06
6,0,0,2020-05-12 12:18:26,2020-05-12 12:28:12
156,134,402,2020-05-12 12:18:30,2020-05-12 12:18:57
92,0,0,2020-05-12 12:18:34,2020-05-12 12:29:18
134,0,0,2020-05-12 12:18:37,2020-05-12 12:21:36
122,0,404,2020-05-12 12:18:41,2020-05-12 12:19:12
121,123,408,2020-05-12 12:18:43,2020-05-12 12:19:43
57,0,0,2020-05-12 12:18:52,2020-05-12 12:26:05
156,134,403,2020-05-12 12:18:57,2020-05-12 12:19:42
122,0,403,2020-05-12 12:19:12,2020-05-12 12:19:42
10,30,133,2020-05-12 12:19:15,2020-05-12 12:19:31
29,19,325,2020-05-12 12:19:18,2020-05-12 12:20:29
120,0,228,2020-05-12 12:19:23,2020-05-12 12:19:38
97,127,0,2020-05-12 12:19:30,2020-05-12 12:22:37
10,30,303,2020-05-12 12:19:31,2020-05-12 12:20:06
120,0,406,2020-05-12 12:19:38,2020-05-12 12:20:23
122,0,402,2020-05-12 12:19:42,2020-05-12 12:19:57
156,134,412,2020-05-12 12:19:42,2020-05-12 12:20:06
121,123,410,2020-05-12 12:19:43,2020-05-12 12:19:52
121,123,313,2020-05-12 12:19:52,2020-05-12 12:22:06
112,95,324,2020-05-12 12:19:54,2020-05-12 12:20:57
122,0,401,2020-05-12 12:19:57,2020-05-12 12:20:05
81,0,0,2020-05-12 12:20:01,2020-05-12 12:29:43
76,8,0,2020-05-12 12:20:02,2020-05-12 12:23:13
122,0,301,2020-05-12 12:20:05,2020-05-12 12:23:27
156,134,411,2020-05-12 12:20:06,2020-05-12 12:20:26
10,30,304,2020-05-12 12:20:06,2020-05-12 12:20:43
24,0,0,2020-05-12 12:20:17,2020-05-12 12:31:23
120,0,405,2020-05-12 12:20:23,2020-05-12 12:21:03
156,134,229,2020-05-12 12:20:26,2020-05-12 14:03:18
29,19,421,2020-05-12 12:20:29,2020-05-12 12:21:00
134,129,0,2020-05-12 12:20:29,2020-05-12 12:23:32
9,0,0,2020-05-12 12:20:40,2020-05-12 12:23:21
10,30,305,2020-05-12 12:20:43,2020-05-12 12:21:18
17,6,301,2020-05-12 12:20:49,2020-05-12 12:21:01
111,117,0,2020-05-12 12:20:49,2020-05-12 12:21:35
112,95,175,2020-05-12 12:20:57,2020-05-12 15:43:14
29,19,419,2020-05-12 12:21:00,2020-05-12 12:21:10
17,6,401,2020-05-12 12:21:01,2020-05-12 12:21:20
120,0,404,2020-05-12 12:21:03,2020-05-12 12:21:51
75,0,151,2020-05-12 12:21:05,2020-05-12 12:21:47
29,19,418,2020-05-12 12:21:10,2020-05-12 12:21:48
137,122,0,2020-05-12 12:21:15,2020-05-12 12:23:08
10,30,306,2020-05-12 12:21:18,2020-05-12 12:21:30
17,6,218,2020-05-12 12:21:20,2020-05-12 15:46:51
35,0,243,2020-05-12 12:21:21,2020-05-12 12:22:00
42,0,0,2020-05-12 12:21:25,2020-05-12 12:24:02
10,30,129,2020-05-12 12:21:30,2020-05-12 13:14:00
33,0,0,2020-05-12 12:21:34,2020-05-12 12:31:25
111,117,326,2020-05-12 12:21:35,2020-05-12 12:21:52
134,124,0,2020-05-12 12:21:36,2020-05-12 12:24:30
64,40,0,2020-05-12 12:21:37,2020-05-12 12:29:37
75,0,309,2020-05-12 12:21:47,2020-05-12 12:22:08
29,19,255,2020-05-12 12:21:48,2020-05-12 13:31:36
120,0,403,2020-05-12 12:21:51,2020-05-12 12:22:17
111,117,320,2020-05-12 12:21:52,2020-05-12 12:23:16
48,0,0,2020-05-12 12:21:56,2020-05-12 12:31:48
35,0,416,2020-05-12 12:22:00,2020-05-12 12:22:36
121,123,324,2020-05-12 12:22:06,2020-05-12 12:23:05
75,0,308,2020-05-12 12:22:08,2020-05-12 12:22:49
123,0,0,2020-05-12 12:22:14,2020-05-12 12:32:15
120,0,402,2020-05-12 12:22:17,2020-05-12 12:22:31
72,0,0,2020-05-12 12:22:28,2020-05-12 12:33:06
120,0,401,2020-05-12 12:22:31,2020-05-12 12:22:42
35,0,415,2020-05-12 12:22:36,2020-05-12 12:23:40
97,127,301,2020-05-12 12:22:37,2020-05-12 12:22:46
21,0,0,2020-05-12 12:22:38,2020-05-12 12:33:02
127,0,0,2020-05-12 12:22:41,2020-05-12 12:25:10
120,0,301,2020-05-12 12:22:42,2020-05-12 12:25:59
61,0,0,2020-05-12 12:22:43,2020-05-12 12:32:34
28,0,0,2020-05-12 12:22:43,2020-05-12 12:32:19
87,0,0,2020-05-12 12:22:44,2020-05-12 12:33:44
97,127,401,2020-05-12 12:22:46,2020-05-12 12:23:01
75,0,307,2020-05-12 12:22:49,2020-05-12 12:27:23
144,95,0,2020-05-12 12:23:00,2020-05-12 12:25:37
97,127,402,2020-05-12 12:23:01,2020-05-12 12:23:26
121,123,175,2020-05-12 12:23:05,2020-05-12 14:58:07
137,122,301,2020-05-12 12:23:08,2020-05-12 12:23:16
76,8,301,2020-05-12 12:23:13,2020-05-12 12:23:23
146,140,313,2020-05-12 12:23:15,2020-05-12 12:23:25
137,122,401,2020-05-12 12:23:16,2020-05-12 12:23:29
111,117,315,2020-05-12 12:23:16,2020-05-12 12:23:53
9,0,0,2020-05-12 12:23:21,2020-05-12 12:35:00
104,0,0,2020-05-12 12:23:21,2020-05-12 12:31:05
76,8,401,2020-05-12 12:23:23,2020-05-12 12:23:39
146,140,410,2020-05-12 12:23:25,2020-05-12 12:24:52
97,127,403,2020-05-12 12:23:26,2020-05-12 12:23:51
135,0,0,2020-05-12 12:23:26,2020-05-12 12:34:00
122,0,0,2020-05-12 12:23:27,2020-05-12 12:27:25
137,122,402,2020-05-12 12:23:29,2020-05-12 12:23:52
134,129,301,2020-05-12 12:23:32,2020-05-12 12:23:54
76,8,402,2020-05-12 12:23:39,2020-05-12 12:24:00
35,0,412,2020-05-12 12:23:40,2020-05-12 12:25:10
97,127,205,2020-05-12 12:23:51,2020-05-12 15:17:01
137,122,403,2020-05-12 12:23:52,2020-05-12 12:24:55
111,117,105,2020-05-12 12:23:53,2020-05-12 13:40:43
134,129,302,2020-05-12 12:23:54,2020-05-12 12:24:08
76,8,403,2020-05-12 12:24:00,2020-05-12 12:24:28
42,0,0,2020-05-12 12:24:02,2020-05-12 12:34:29
95,0,0,2020-05-12 12:24:06,2020-05-12 12:35:10
134,129,121,2020-05-12 12:24:08,2020-05-12 14:49:41
41,34,0,2020-05-12 12:24:15,2020-05-12 12:25:01
129,0,0,2020-05-12 12:24:25,2020-05-12 12:33:38
117,0,0,2020-05-12 12:24:25,2020-05-12 12:34:49
76,8,404,2020-05-12 12:24:28,2020-05-12 12:24:54
134,124,301,2020-05-12 12:24:30,2020-05-12 12:24:40
134,124,401,2020-05-12 12:24:40,2020-05-12 12:24:54
128,0,0,2020-05-12 12:24:42,2020-05-12 12:35:54
86,0,0,2020-05-12 12:24:43,2020-05-12 12:34:31
146,140,217,2020-05-12 12:24:52,2020-05-12 14:49:59
134,124,402,2020-05-12 12:24:54,2020-05-12 12:25:16
76,8,405,2020-05-12 12:24:54,2020-05-12 12:25:26
137,122,412,2020-05-12 12:24:55,2020-05-12 12:26:08
41,34,326,2020-05-12 12:25:01,2020-05-12 12:25:19
35,0,403,2020-05-12 12:25:10,2020-05-12 12:25:28
127,0,0,2020-05-12 12:25:10,2020-05-12 12:35:40
134,124,403,2020-05-12 12:25:16,2020-05-12 12:26:37
41,34,320,2020-05-12 12:25:19,2020-05-12 12:26:09
76,8,406,2020-05-12 12:25:26,2020-05-12 12:25:58
35,0,402,2020-05-12 12:25:28,2020-05-12 12:25:36
35,0,401,2020-05-12 12:25:36,2020-05-12 12:25:46
144,95,301,2020-05-12 12:25:37,2020-05-12 12:25:48
115,110,312,2020-05-12 12:25:41,2020-05-12 12:26:24
35,0,301,2020-05-12 12:25:46,2020-05-12 12:27:38
144,95,401,2020-05-12 12:25:48,2020-05-12 12:26:02
31,0,130,2020-05-12 12:25:50,2020-05-12 12:26:13
53,0,0,2020-05-12 12:25:55,2020-05-12 12:36:04
76,8,407,2020-05-12 12:25:58,2020-05-12 12:26:41
120,0,0,2020-05-12 12:25:59,2020-05-12 12:30:07
144,95,402,2020-05-12 12:26:02,2020-05-12 12:26:23
57,0,0,2020-05-12 12:26:05,2020-05-12 12:35:00
137,122,415,2020-05-12 12:26:08,2020-05-12 12:26:41
41,34,315,2020-05-12 12:26:09,2020-05-12 12:26:47
31,0,306,2020-05-12 12:26:13,2020-05-12 12:31:22
144,95,403,2020-05-12 12:26:23,2020-05-12 12:26:42
115,110,308,2020-05-12 12:26:24,2020-05-12 12:27:05
68,0,0,2020-05-12 12:26:35,2020-05-12 12:38:32
134,124,412,2020-05-12 12:26:37,2020-05-12 12:26:56
76,8,216,2020-05-12 12:26:41,2020-05-12 13:29:57
137,122,414,2020-05-12 12:26:41,2020-05-12 12:27:06
60,0,0,2020-05-12 12:26:42,2020-05-12 12:37:52
144,95,220,2020-05-12 12:26:42,2020-05-12 14:34:36
66,0,0,2020-05-12 12:26:45,2020-05-12 12:36:53
41,34,316,2020-05-12 12:26:47,2020-05-12 12:27:27
130,117,0,2020-05-12 12:26:49,2020-05-12 12:28:35
3,0,0,2020-05-12 12:26:50,2020-05-12 12:36:28
138,0,0,2020-05-12 12:26:53,2020-05-12 12:36:15
134,124,231,2020-05-12 12:26:56,2020-05-12 12:10:28
115,110,309,2020-05-12 12:27:05,2020-05-12 12:27:38
137,122,247,2020-05-12 12:27:06,2020-05-12 15:12:29
49,0,0,2020-05-12 12:27:12,2020-05-12 12:36:00
75,0,0,2020-05-12 12:27:23,2020-05-12 12:32:40
122,0,0,2020-05-12 12:27:25,2020-05-12 12:36:49
41,34,317,2020-05-12 12:27:27,2020-05-12 12:27:53
100,0,0,2020-05-12 12:27:28,2020-05-12 12:37:28
107,126,0,2020-05-12 12:27:36,2020-05-12 12:35:32
115,110,151,2020-05-12 12:27:38,2020-05-12 13:45:46
35,0,0,2020-05-12 12:27:38,2020-05-12 12:30:56
41,34,110,2020-05-12 12:27:53,2020-05-12 15:49:38
160,0,0,2020-05-12 12:27:55,2020-05-12 12:37:56
6,0,0,2020-05-12 12:28:12,2020-05-12 12:39:47
16,43,0,2020-05-12 12:28:22,2020-05-12 12:30:29
130,117,301,2020-05-12 12:28:35,2020-05-12 12:28:44
130,117,401,2020-05-12 12:28:44,2020-05-12 12:29:01
130,117,402,2020-05-12 12:29:01,2020-05-12 12:29:28
109,0,0,2020-05-12 12:29:06,2020-05-12 12:40:07
92,0,0,2020-05-12 12:29:18,2020-05-12 12:39:17
130,117,403,2020-05-12 12:29:28,2020-05-12 12:30:32
64,40,312,2020-05-12 12:29:37,2020-05-12 12:30:20
81,0,0,2020-05-12 12:29:43,2020-05-12 12:39:27
120,0,0,2020-05-12 12:30:07,2020-05-12 12:39:55
131,0,0,2020-05-12 12:30:10,2020-05-12 12:39:48
64,40,308,2020-05-12 12:30:20,2020-05-12 12:31:01
16,43,301,2020-05-12 12:30:29,2020-05-12 12:30:42
130,117,412,2020-05-12 12:30:32,2020-05-12 12:31:48
16,43,401,2020-05-12 12:30:42,2020-05-12 12:30:57
35,0,0,2020-05-12 12:30:56,2020-05-12 12:40:22
16,43,402,2020-05-12 12:30:57,2020-05-12 12:31:27
64,40,309,2020-05-12 12:31:01,2020-05-12 12:31:34
104,0,0,2020-05-12 12:31:05,2020-05-12 12:41:39
31,0,0,2020-05-12 12:31:22,2020-05-12 12:35:11
24,0,0,2020-05-12 12:31:23,2020-05-12 12:42:04
33,0,0,2020-05-12 12:31:25,2020-05-12 12:40:16
16,43,403,2020-05-12 12:31:27,2020-05-12 12:32:02
64,40,151,2020-05-12 12:31:34,2020-05-12 14:07:51
130,117,415,2020-05-12 12:31:48,2020-05-12 12:32:23
48,1,0,2020-05-12 12:31:48,2020-05-12 12:37:05
16,43,404,2020-05-12 12:32:02,2020-05-12 12:32:32
123,0,0,2020-05-12 12:32:15,2020-05-12 12:42:05
28,15,0,2020-05-12 12:32:19,2020-05-12 12:36:09
130,117,414,2020-05-12 12:32:23,2020-05-12 12:32:38
16,43,405,2020-05-12 12:32:32,2020-05-12 12:33:20
61,0,0,2020-05-12 12:32:34,2020-05-12 12:42:33
130,117,238,2020-05-12 12:32:38,2020-05-12 14:26:51
75,0,0,2020-05-12 12:32:40,2020-05-12 12:42:47
21,0,0,2020-05-12 12:33:02,2020-05-12 12:42:54
72,0,0,2020-05-12 12:33:06,2020-05-12 12:42:23
16,43,406,2020-05-12 12:33:20,2020-05-12 12:33:49
129,0,0,2020-05-12 12:33:38,2020-05-12 12:42:52
87,58,0,2020-05-12 12:33:44,2020-05-12 12:34:33
16,43,227,2020-05-12 12:33:49,2020-05-12 14:41:15
135,0,0,2020-05-12 12:34:00,2020-05-12 12:44:05
154,0,0,2020-05-12 12:34:05,2020-05-12 12:43:33
42,0,0,2020-05-12 12:34:29,2020-05-12 12:43:31
86,16,0,2020-05-12 12:34:31,2020-05-12 12:39:13
87,58,326,2020-05-12 12:34:33,2020-05-12 12:34:53
117,128,0,2020-05-12 12:34:49,2020-05-12 12:39:31
87,58,320,2020-05-12 12:34:53,2020-05-12 12:36:10
57,0,0,2020-05-12 12:35:00,2020-05-12 12:45:21
9,65,0,2020-05-12 12:35:00,2020-05-12 12:38:50
95,0,0,2020-05-12 12:35:10,2020-05-12 12:44:21
31,0,0,2020-05-12 12:35:11,2020-05-12 12:44:50
107,126,312,2020-05-12 12:35:32,2020-05-12 12:36:30
127,0,0,2020-05-12 12:35:40,2020-05-12 12:45:22
44,0,148,2020-05-12 12:35:50,2020-05-12 12:36:17
128,0,0,2020-05-12 12:35:54,2020-05-12 12:45:55
49,84,0,2020-05-12 12:36:00,2020-05-12 12:39:03
53,0,0,2020-05-12 12:36:04,2020-05-12 12:46:03
28,15,301,2020-05-12 12:36:09,2020-05-12 12:36:20
87,58,315,2020-05-12 12:36:10,2020-05-12 12:36:54
138,122,0,2020-05-12 12:36:15,2020-05-12 12:36:57
44,0,308,2020-05-12 12:36:17,2020-05-12 12:37:04
110,0,250,2020-05-12 12:36:18,2020-05-12 12:36:38
28,15,401,2020-05-12 12:36:20,2020-05-12 12:36:38
62,0,169,2020-05-12 12:36:21,2020-05-12 12:36:50
3,0,0,2020-05-12 12:36:28,2020-05-12 12:46:20
107,126,308,2020-05-12 12:36:30,2020-05-12 12:36:55
39,0,142,2020-05-12 12:36:30,2020-05-12 12:36:59
110,0,416,2020-05-12 12:36:38,2020-05-12 12:37:22
28,15,402,2020-05-12 12:36:38,2020-05-12 12:37:00
122,0,0,2020-05-12 12:36:49,2020-05-12 12:47:43
62,0,323,2020-05-12 12:36:50,2020-05-12 12:37:12
66,0,0,2020-05-12 12:36:53,2020-05-12 12:45:34
87,58,316,2020-05-12 12:36:54,2020-05-12 12:37:23
107,126,309,2020-05-12 12:36:55,2020-05-12 12:37:01
138,122,326,2020-05-12 12:36:57,2020-05-12 12:37:17
39,0,320,2020-05-12 12:36:59,2020-05-12 12:37:19
28,15,403,2020-05-12 12:37:00,2020-05-12 12:37:40
107,126,310,2020-05-12 12:37:01,2020-05-12 12:38:08
44,0,307,2020-05-12 12:37:04,2020-05-12 12:44:21
48,1,325,2020-05-12 12:37:05,2020-05-12 12:38:37
62,0,322,2020-05-12 12:37:12,2020-05-12 12:38:02
138,122,320,2020-05-12 12:37:17,2020-05-12 12:38:26
39,0,326,2020-05-12 12:37:19,2020-05-12 12:38:14
110,0,415,2020-05-12 12:37:22,2020-05-12 12:38:30
87,58,317,2020-05-12 12:37:23,2020-05-12 12:39:26
116,0,0,2020-05-12 12:37:25,2020-05-12 12:48:30
100,0,0,2020-05-12 12:37:28,2020-05-12 12:46:54
108,124,313,2020-05-12 12:37:37,2020-05-12 12:37:47
108,124,162,2020-05-12 12:37:37,2020-05-12 12:37:37
28,15,404,2020-05-12 12:37:40,2020-05-12 12:38:13
108,124,410,2020-05-12 12:37:47,2020-05-12 12:38:40
60,0,0,2020-05-12 12:37:52,2020-05-12 12:47:28
160,134,0,2020-05-12 12:37:56,2020-05-12 12:41:05
62,0,325,2020-05-12 12:38:02,2020-05-12 12:42:12
107,126,311,2020-05-12 12:38:08,2020-05-12 12:38:31
28,15,405,2020-05-12 12:38:13,2020-05-12 12:38:52
39,0,0,2020-05-12 12:38:14,2020-05-12 12:45:18
140,0,202,2020-05-12 12:38:20,2020-05-12 12:38:35
138,122,143,2020-05-12 12:38:26,2020-05-12 14:33:15
27,0,252,2020-05-12 12:38:27,2020-05-12 12:39:09
110,0,412,2020-05-12 12:38:30,2020-05-12 12:39:44
107,126,153,2020-05-12 12:38:31,2020-05-12 15:12:53
68,0,0,2020-05-12 12:38:32,2020-05-12 12:48:24
140,0,402,2020-05-12 12:38:35,2020-05-12 12:38:49
48,1,421,2020-05-12 12:38:37,2020-05-12 12:39:04
108,124,408,2020-05-12 12:38:40,2020-05-12 12:40:57
140,0,401,2020-05-12 12:38:49,2020-05-12 12:38:59
9,65,301,2020-05-12 12:38:50,2020-05-12 12:39:01
37,0,103,2020-05-12 12:38:51,2020-05-12 12:39:01
28,15,406,2020-05-12 12:38:52,2020-05-12 12:39:17
140,0,301,2020-05-12 12:38:59,2020-05-12 12:42:22
9,65,401,2020-05-12 12:39:01,2020-05-12 12:39:19
37,0,314,2020-05-12 12:39:01,2020-05-12 12:39:26
49,84,301,2020-05-12 12:39:03,2020-05-12 12:39:25
48,1,419,2020-05-12 12:39:04,2020-05-12 12:39:31
30,0,161,2020-05-12 12:39:06,2020-05-12 12:39:54
27,0,421,2020-05-12 12:39:09,2020-05-12 12:40:33
86,16,301,2020-05-12 12:39:13,2020-05-12 12:39:23
28,15,213,2020-05-12 12:39:17,2020-05-12 14:38:01
92,0,0,2020-05-12 12:39:17,2020-05-12 12:48:39
58,40,242,2020-05-12 12:39:19,2020-05-12 12:39:37
9,65,402,2020-05-12 12:39:19,2020-05-12 12:39:41
86,16,401,2020-05-12 12:39:23,2020-05-12 12:39:33
49,84,302,2020-05-12 12:39:25,2020-05-12 12:39:39
37,0,315,2020-05-12 12:39:26,2020-05-12 12:40:36
87,58,319,2020-05-12 12:39:26,2020-05-12 12:40:07
81,0,0,2020-05-12 12:39:27,2020-05-12 12:49:45
48,1,256,2020-05-12 12:39:31,2020-05-12 15:58:13
117,128,301,2020-05-12 12:39:31,2020-05-12 12:39:41
86,16,402,2020-05-12 12:39:33,2020-05-12 12:39:54
58,40,416,2020-05-12 12:39:37,2020-05-12 12:40:18
49,84,121,2020-05-12 12:39:39,2020-05-12 14:41:45
9,65,403,2020-05-12 12:39:41,2020-05-12 12:40:21
117,128,401,2020-05-12 12:39:41,2020-05-12 12:39:51
110,0,403,2020-05-12 12:39:44,2020-05-12 12:40:17
6,0,0,2020-05-12 12:39:47,2020-05-12 12:48:41
131,0,0,2020-05-12 12:39:48,2020-05-12 12:49:19
117,128,402,2020-05-12 12:39:51,2020-05-12 12:40:12
86,16,403,2020-05-12 12:39:54,2020-05-12 12:40:33
30,0,310,2020-05-12 12:39:54,2020-05-12 12:39:59
120,0,0,2020-05-12 12:39:55,2020-05-12 12:48:26
30,0,309,2020-05-12 12:39:59,2020-05-12 12:40:33
70,0,230,2020-05-12 12:40:04,2020-05-12 12:40:22
109,0,0,2020-05-12 12:40:07,2020-05-12 12:49:58
87,58,318,2020-05-12 12:40:07,2020-05-12 12:40:47
117,128,403,2020-05-12 12:40:12,2020-05-12 12:40:51
33,0,0,2020-05-12 12:40:16,2020-05-12 12:49:21
110,0,402,2020-05-12 12:40:17,2020-05-12 12:40:34
58,40,415,2020-05-12 12:40:18,2020-05-12 12:41:50
9,65,404,2020-05-12 12:40:21,2020-05-12 12:40:54
35,0,0,2020-05-12 12:40:22,2020-05-12 12:51:08
70,0,411,2020-05-12 12:40:22,2020-05-12 12:40:43
27,0,325,2020-05-12 12:40:33,2020-05-12 12:46:13
86,16,404,2020-05-12 12:40:33,2020-05-12 12:41:00
30,0,308,2020-05-12 12:40:33,2020-05-12 12:41:03
110,0,401,2020-05-12 12:40:34,2020-05-12 12:40:43
37,0,320,2020-05-12 12:40:36,2020-05-12 12:40:57
110,0,301,2020-05-12 12:40:43,2020-05-12 12:42:58
70,0,412,2020-05-12 12:40:43,2020-05-12 12:42:00
87,58,154,2020-05-12 12:40:47,2020-05-12 15:49:09
117,128,404,2020-05-12 12:40:51,2020-05-12 12:41:18
9,65,405,2020-05-12 12:40:54,2020-05-12 12:41:33
37,0,326,2020-05-12 12:40:57,2020-05-12 12:41:42
108,124,407,2020-05-12 12:40:57,2020-05-12 12:41:29
86,16,222,2020-05-12 12:41:00,2020-05-12 15:28:10
30,0,307,2020-05-12 12:41:03,2020-05-12 12:47:30
160,134,301,2020-05-12 12:41:05,2020-05-12 12:41:13
160,134,401,2020-05-12 12:41:13,2020-05-12 12:41:29
117,128,222,2020-05-12 12:41:18,2020-05-12 14:33:40
93,0,142,2020-05-12 12:41:20,2020-05-12 12:41:49
108,124,406,2020-05-12 12:41:29,2020-05-12 12:42:22
160,134,402,2020-05-12 12:41:29,2020-05-12 12:41:48
9,65,406,2020-05-12 12:41:33,2020-05-12 12:41:58
104,0,0,2020-05-12 12:41:39,2020-05-12 12:51:50
37,0,0,2020-05-12 12:41:42,2020-05-12 12:49:00
160,134,403,2020-05-12 12:41:48,2020-05-12 12:43:24
93,0,320,2020-05-12 12:41:49,2020-05-12 12:42:09
58,40,412,2020-05-12 12:41:50,2020-05-12 12:42:47
9,65,213,2020-05-12 12:41:58,2020-05-12 14:17:17
70,0,403,2020-05-12 12:42:00,2020-05-12 12:42:27
24,68,0,2020-05-12 12:42:04,2020-05-12 12:45:27
123,91,0,2020-05-12 12:42:05,2020-05-12 12:45:05
93,0,326,2020-05-12 12:42:09,2020-05-12 12:43:04
62,0,0,2020-05-12 12:42:12,2020-05-12 12:46:23
108,124,405,2020-05-12 12:42:22,2020-05-12 12:43:00
140,0,0,2020-05-12 12:42:22,2020-05-12 12:46:50
72,0,0,2020-05-12 12:42:23,2020-05-12 12:52:19
70,0,402,2020-05-12 12:42:27,2020-05-12 12:42:49
61,0,0,2020-05-12 12:42:33,2020-05-12 12:52:12
58,40,403,2020-05-12 12:42:47,2020-05-12 12:43:33
75,0,0,2020-05-12 12:42:47,2020-05-12 12:53:48
70,0,401,2020-05-12 12:42:49,2020-05-12 12:43:00
129,0,0,2020-05-12 12:42:52,2020-05-12 12:53:00
21,33,0,2020-05-12 12:42:54,2020-05-12 12:45:46
110,0,0,2020-05-12 12:42:58,2020-05-12 12:46:53
70,0,301,2020-05-12 12:43:00,2020-05-12 12:45:02
108,124,404,2020-05-12 12:43:00,2020-05-12 12:43:32
93,0,0,2020-05-12 12:43:04,2020-05-12 12:51:46
80,0,140,2020-05-12 12:43:12,2020-05-12 12:43:22
80,0,306,2020-05-12 12:43:22,2020-05-12 12:43:53
160,134,412,2020-05-12 12:43:24,2020-05-12 12:44:51
42,0,0,2020-05-12 12:43:31,2020-05-12 12:53:52
108,124,403,2020-05-12 12:43:32,2020-05-12 12:45:02
58,40,404,2020-05-12 12:43:33,2020-05-12 12:44:03
154,0,0,2020-05-12 12:43:33,2020-05-12 12:53:00
56,0,241,2020-05-12 12:43:34,2020-05-12 12:44:32
133,125,127,2020-05-12 12:43:36,2020-05-12 12:43:59
80,0,305,2020-05-12 12:43:53,2020-05-12 12:44:24
133,125,305,2020-05-12 12:43:59,2020-05-12 12:44:29
58,40,405,2020-05-12 12:44:03,2020-05-12 12:44:14
135,116,0,2020-05-12 12:44:05,2020-05-12 12:44:52
58,40,225,2020-05-12 12:44:14,2020-05-12 15:38:26
95,0,0,2020-05-12 12:44:21,2020-05-12 12:54:43
44,0,0,2020-05-12 12:44:21,2020-05-12 12:45:32
80,0,304,2020-05-12 12:44:24,2020-05-12 12:44:55
133,125,304,2020-05-12 12:44:29,2020-05-12 12:44:59
56,0,415,2020-05-12 12:44:32,2020-05-12 12:45:49
31,0,0,2020-05-12 12:44:50,2020-05-12 12:54:41
160,134,415,2020-05-12 12:44:51,2020-05-12 12:45:35
135,116,326,2020-05-12 12:44:52,2020-05-12 12:45:16
80,0,303,2020-05-12 12:44:55,2020-05-12 12:46:27
125,0,232,2020-05-12 12:44:57,2020-05-12 12:45:32
133,125,303,2020-05-12 12:44:59,2020-05-12 12:45:16
108,124,412,2020-05-12 12:45:02,2020-05-12 12:46:17
70,0,0,2020-05-12 12:45:02,2020-05-12 12:49:41
123,91,301,2020-05-12 12:45:05,2020-05-12 12:45:34
135,116,320,2020-05-12 12:45:16,2020-05-12 12:46:18
133,125,302,2020-05-12 12:45:16,2020-05-12 12:45:39
39,0,0,2020-05-12 12:45:18,2020-05-12 12:55:08
57,23,0,2020-05-12 12:45:21,2020-05-12 12:46:05
127,127,0,2020-05-12 12:45:22,2020-05-12 12:48:44
24,68,301,2020-05-12 12:45:27,2020-05-12 12:45:53
44,0,0,2020-05-12 12:45:32,2020-05-12 12:54:42
125,0,412,2020-05-12 12:45:32,2020-05-12 12:46:20
66,0,0,2020-05-12 12:45:34,2020-05-12 12:55:13
123,91,302,2020-05-12 12:45:34,2020-05-12 12:45:48
160,134,416,2020-05-12 12:45:35,2020-05-12 12:46:00
133,125,301,2020-05-12 12:45:39,2020-05-12 12:45:51
21,33,301,2020-05-12 12:45:46,2020-05-12 12:45:52
123,91,132,2020-05-12 12:45:48,2020-05-12 14:36:32
56,0,412,2020-05-12 12:45:49,2020-05-12 12:46:34
133,125,401,2020-05-12 12:45:51,2020-05-12 12:46:04
21,33,401,2020-05-12 12:45:52,2020-05-12 12:46:07
24,68,302,2020-05-12 12:45:53,2020-05-12 12:46:12
128,0,0,2020-05-12 12:45:55,2020-05-12 12:56:05
160,134,243,2020-05-12 12:46:00,2020-05-12 14:44:41
53,0,0,2020-05-12 12:46:03,2020-05-12 12:55:26
133,125,402,2020-05-12 12:46:04,2020-05-12 12:46:25
57,23,326,2020-05-12 12:46:05,2020-05-12 12:46:52
21,33,402,2020-05-12 12:46:07,2020-05-12 12:46:30
24,68,133,2020-05-12 12:46:12,2020-05-12 12:55:13
27,0,0,2020-05-12 12:46:13,2020-05-12 12:48:54
108,124,415,2020-05-12 12:46:17,2020-05-12 12:46:41
135,116,315,2020-05-12 12:46:18,2020-05-12 12:46:43
50,0,110,2020-05-12 12:46:19,2020-05-12 12:46:41
3,0,0,2020-05-12 12:46:20,2020-05-12 12:57:13
125,0,403,2020-05-12 12:46:20,2020-05-12 12:46:43
62,0,0,2020-05-12 12:46:23,2020-05-12 12:54:20
133,125,403,2020-05-12 12:46:25,2020-05-12 12:46:55
80,0,315,2020-05-12 12:46:27,2020-05-12 12:48:03
21,33,403,2020-05-12 12:46:30,2020-05-12 12:47:02
56,0,403,2020-05-12 12:46:34,2020-05-12 12:47:00
50,0,317,2020-05-12 12:46:41,2020-05-12 12:47:14
108,124,414,2020-05-12 12:46:41,2020-05-12 12:47:06
135,116,314,2020-05-12 12:46:43,2020-05-12 12:47:01
125,0,402,2020-05-12 12:46:43,2020-05-12 12:47:00
140,114,0,2020-05-12 12:46:50,2020-05-12 12:52:38
57,23,102,2020-05-12 12:46:52,2020-05-12 12:48:24
110,0,0,2020-05-12 12:46:53,2020-05-12 12:57:34
100,0,0,2020-05-12 12:46:54,2020-05-12 12:55:12
133,125,221,2020-05-12 12:46:55,2020-05-12 14:40:51
125,0,401,2020-05-12 12:47:00,2020-05-12 12:47:08
56,0,402,2020-05-12 12:47:00,2020-05-12 12:47:17
135,116,111,2020-05-12 12:47:01,2020-05-12 15:19:39
21,33,404,2020-05-12 12:47:02,2020-05-12 12:47:27
108,124,237,2020-05-12 12:47:06,2020-05-12 14:19:07
125,0,301,2020-05-12 12:47:08,2020-05-12 12:49:10
50,0,316,2020-05-12 12:47:14,2020-05-12 12:47:56
56,0,401,2020-05-12 12:47:17,2020-05-12 12:47:25
56,0,301,2020-05-12 12:47:25,2020-05-12 12:50:03
21,33,405,2020-05-12 12:47:27,2020-05-12 12:47:39
60,0,0,2020-05-12 12:47:28,2020-05-12 12:57:05
30,0,0,2020-05-12 12:47:30,2020-05-12 12:48:58
21,33,226,2020-05-12 12:47:39,2020-05-12 13:16:12
122,0,0,2020-05-12 12:47:43,2020-05-12 12:59:04
50,0,315,2020-05-12 12:47:56,2020-05-12 12:48:36
80,0,320,2020-05-12 12:48:03,2020-05-12 12:48:20
142,0,249,2020-05-12 12:48:15,2020-05-12 12:48:44
80,0,326,2020-05-12 12:48:20,2020-05-12 12:49:25
57,23,321,2020-05-12 12:48:24,2020-05-12 12:51:04
68,0,0,2020-05-12 12:48:24,2020-05-12 12:58:43
120,0,0,2020-05-12 12:48:26,2020-05-12 12:58:30
116,0,0,2020-05-12 12:48:30,2020-05-12 12:57:36
50,0,320,2020-05-12 12:48:36,2020-05-12 12:48:51
92,88,0,2020-05-12 12:48:39,2020-05-12 12:52:37
6,0,0,2020-05-12 12:48:41,2020-05-12 12:58:16
127,127,301,2020-05-12 12:48:44,2020-05-12 12:48:52
142,0,415,2020-05-12 12:48:44,2020-05-12 12:50:32
50,0,326,2020-05-12 12:48:51,2020-05-12 12:49:32
127,127,401,2020-05-12 12:48:52,2020-05-12 12:49:03
27,0,0,2020-05-12 12:48:54,2020-05-12 12:58:22
30,8,0,2020-05-12 12:48:58,2020-05-12 12:49:43
37,0,0,2020-05-12 12:49:00,2020-05-12 12:58:46
127,127,402,2020-05-12 12:49:03,2020-05-12 12:49:20
125,0,0,2020-05-12 12:49:10,2020-05-12 12:53:01
131,0,0,2020-05-12 12:49:19,2020-05-12 12:58:43
127,127,202,2020-05-12 12:49:20,2020-05-12 13:52:31
33,0,0,2020-05-12 12:49:21,2020-05-12 12:59:18
80,0,0,2020-05-12 12:49:25,2020-05-12 12:53:11
50,0,0,2020-05-12 12:49:32,2020-05-12 12:55:31
82,0,250,2020-05-12 12:49:38,2020-05-12 12:49:58
70,49,0,2020-05-12 12:49:41,2020-05-12 12:50:16
30,8,326,2020-05-12 12:49:43,2020-05-12 12:50:03
81,89,0,2020-05-12 12:49:45,2020-05-12 12:53:43
109,0,0,2020-05-12 12:49:58,2020-05-12 12:58:52
82,0,416,2020-05-12 12:49:58,2020-05-12 12:50:42
30,8,320,2020-05-12 12:50:03,2020-05-12 12:51:25
56,0,0,2020-05-12 12:50:03,2020-05-12 12:54:00
70,49,326,2020-05-12 12:50:16,2020-05-12 12:50:36
142,0,412,2020-05-12 12:50:32,2020-05-12 12:51:37
70,49,320,2020-05-12 12:50:36,2020-05-12 12:51:35
82,0,415,2020-05-12 12:50:42,2020-05-12 12:51:50
57,23,322,2020-05-12 12:51:04,2020-05-12 12:51:32
35,1,0,2020-05-12 12:51:08,2020-05-12 12:55:15
30,8,315,2020-05-12 12:51:25,2020-05-12 12:51:57
57,23,323,2020-05-12 12:51:32,2020-05-12 12:52:37
70,49,315,2020-05-12 12:51:35,2020-05-12 12:52:02
142,0,403,2020-05-12 12:51:37,2020-05-12 12:52:05
93,0,0,2020-05-12 12:51:46,2020-05-12 13:01:34
102,0,242,2020-05-12 12:51:47,2020-05-12 12:52:03
82,0,412,2020-05-12 12:51:50,2020-05-12 12:53:04
104,0,0,2020-05-12 12:51:50,2020-05-12 13:01:45
30,8,316,2020-05-12 12:51:57,2020-05-12 12:52:21
70,49,316,2020-05-12 12:52:02,2020-05-12 12:52:44
102,0,416,2020-05-12 12:52:03,2020-05-12 12:52:35
142,0,402,2020-05-12 12:52:05,2020-05-12 12:52:15
61,0,0,2020-05-12 12:52:12,2020-05-12 13:01:14
142,0,401,2020-05-12 12:52:15,2020-05-12 12:52:25
72,0,0,2020-05-12 12:52:19,2020-05-12 13:00:38
30,8,107,2020-05-12 12:52:21,2020-05-12 15:34:51
142,0,301,2020-05-12 12:52:25,2020-05-12 12:55:02
102,0,415,2020-05-12 12:52:35,2020-05-12 12:53:59
92,88,301,2020-05-12 12:52:37,2020-05-12 12:52:48
57,23,170,2020-05-12 12:52:37,2020-05-12 15:27:09
140,114,306,2020-05-12 12:52:38,2020-05-12 12:52:46
70,49,317,2020-05-12 12:52:44,2020-05-12 12:52:57
140,114,140,2020-05-12 12:52:46,2020-05-12 16:01:54
92,88,302,2020-05-12 12:52:48,2020-05-12 12:53:16
70,49,109,2020-05-12 12:52:57,2020-05-12 14:14:57
129,0,0,2020-05-12 12:53:00,2020-05-12 13:04:04
154,0,0,2020-05-12 12:53:00,2020-05-12 13:02:34
125,0,0,2020-05-12 12:53:01,2020-05-12 13:03:50
82,0,403,2020-05-12 12:53:04,2020-05-12 12:53:37
80,0,0,2020-05-12 12:53:11,2020-05-12 13:02:16
92,88,122,2020-05-12 12:53:16,2020-05-12 14:38:11
103,0,130,2020-05-12 12:53:18,2020-05-12 12:53:41
126,0,108,2020-05-12 12:53:24,2020-05-12 12:54:01
82,0,402,2020-05-12 12:53:37,2020-05-12 12:53:54
103,0,306,2020-05-12 12:53:41,2020-05-12 12:58:50
81,89,301,2020-05-12 12:53:43,2020-05-12 12:53:54
75,0,0,2020-05-12 12:53:48,2020-05-12 13:03:21
136,0,222,2020-05-12 12:53:51,2020-05-12 12:54:21
42,0,0,2020-05-12 12:53:52,2020-05-12 13:06:08
81,89,302,2020-05-12 12:53:54,2020-05-12 12:54:22
82,0,401,2020-05-12 12:53:54,2020-05-12 12:54:03
102,0,412,2020-05-12 12:53:59,2020-05-12 12:55:16
56,0,0,2020-05-12 12:54:00,2020-05-12 13:04:31
126,0,316,2020-05-12 12:54:01,2020-05-12 12:54:38
82,0,301,2020-05-12 12:54:03,2020-05-12 12:56:18
148,0,0,2020-05-12 12:54:10,2020-05-12 13:04:10
62,0,0,2020-05-12 12:54:20,2020-05-12 13:05:05
136,0,404,2020-05-12 12:54:21,2020-05-12 12:54:48
81,89,122,2020-05-12 12:54:22,2020-05-12 14:08:26
126,0,315,2020-05-12 12:54:38,2020-05-12 12:55:55
31,0,0,2020-05-12 12:54:41,2020-05-12 13:05:02
44,0,0,2020-05-12 12:54:42,2020-05-12 13:04:19
95,0,0,2020-05-12 12:54:43,2020-05-12 13:02:46
136,0,403,2020-05-12 12:54:48,2020-05-12 12:55:08
142,0,0,2020-05-12 12:55:02,2020-05-12 12:57:20
136,0,402,2020-05-12 12:55:08,2020-05-12 12:55:25
39,0,0,2020-05-12 12:55:08,2020-05-12 13:06:37
100,0,0,2020-05-12 12:55:12,2020-05-12 13:04:29
66,12,0,2020-05-12 12:55:13,2020-05-12 12:55:54
24,84,133,2020-05-12 12:55:13,2020-05-12 12:55:35
35,1,301,2020-05-12 12:55:15,2020-05-12 12:55:27
102,0,403,2020-05-12 12:55:16,2020-05-12 12:55:41
136,0,401,2020-05-12 12:55:25,2020-05-12 12:55:38
53,0,0,2020-05-12 12:55:26,2020-05-12 13:03:45
35,1,401,2020-05-12 12:55:27,2020-05-12 12:55:44
50,0,0,2020-05-12 12:55:31,2020-05-12 13:04:29
24,84,302,2020-05-12 12:55:35,2020-05-12 12:55:56
136,0,301,2020-05-12 12:55:38,2020-05-12 12:57:53
102,0,402,2020-05-12 12:55:41,2020-05-12 12:55:55
35,1,402,2020-05-12 12:55:44,2020-05-12 12:56:00
124,0,223,2020-05-12 12:55:47,2020-05-12 12:55:59
66,12,326,2020-05-12 12:55:54,2020-05-12 12:56:12
102,0,401,2020-05-12 12:55:55,2020-05-12 12:56:04
126,0,320,2020-05-12 12:55:55,2020-05-12 12:56:16
24,84,301,2020-05-12 12:55:56,2020-05-12 12:56:06
124,0,404,2020-05-12 12:55:59,2020-05-12 12:56:45
35,1,403,2020-05-12 12:56:00,2020-05-12 12:57:02
102,0,301,2020-05-12 12:56:04,2020-05-12 13:00:31
128,104,0,2020-05-12 12:56:05,2020-05-12 12:56:37
24,84,401,2020-05-12 12:56:06,2020-05-12 12:56:24
66,12,320,2020-05-12 12:56:12,2020-05-12 12:57:32
126,0,326,2020-05-12 12:56:16,2020-05-12 12:56:58
82,0,0,2020-05-12 12:56:18,2020-05-12 12:59:18
24,84,402,2020-05-12 12:56:24,2020-05-12 12:56:51
128,104,326,2020-05-12 12:56:37,2020-05-12 12:57:21
124,0,403,2020-05-12 12:56:45,2020-05-12 12:57:12
24,84,403,2020-05-12 12:56:51,2020-05-12 12:57:24
126,0,0,2020-05-12 12:56:58,2020-05-12 13:02:49
35,1,412,2020-05-12 12:57:02,2020-05-12 12:57:32
60,0,0,2020-05-12 12:57:05,2020-05-12 13:08:46
124,0,402,2020-05-12 12:57:12,2020-05-12 12:57:22
3,0,0,2020-05-12 12:57:13,2020-05-12 13:08:42
142,0,0,2020-05-12 12:57:20,2020-05-12 13:05:19
128,104,102,2020-05-12 12:57:21,2020-05-12 12:59:01
124,0,401,2020-05-12 12:57:22,2020-05-12 12:57:31
24,84,404,2020-05-12 12:57:24,2020-05-12 12:57:56
124,0,301,2020-05-12 12:57:31,2020-05-12 13:00:06
35,1,411,2020-05-12 12:57:32,2020-05-12 12:57:54
66,12,315,2020-05-12 12:57:32,2020-05-12 12:59:24
110,0,0,2020-05-12 12:57:34,2020-05-12 13:08:39
116,0,0,2020-05-12 12:57:36,2020-05-12 13:08:23
63,0,132,2020-05-12 12:57:51,2020-05-12 12:58:06
136,0,0,2020-05-12 12:57:53,2020-05-12 13:04:22
35,1,234,2020-05-12 12:57:54,2020-05-12 16:06:30
24,84,405,2020-05-12 12:57:56,2020-05-12 12:58:06
63,0,302,2020-05-12 12:58:06,2020-05-12 12:58:35
24,84,225,2020-05-12 12:58:06,2020-05-12 16:57:15
6,0,0,2020-05-12 12:58:16,2020-05-12 13:06:52
27,0,0,2020-05-12 12:58:22,2020-05-12 13:08:03
120,0,0,2020-05-12 12:58:30,2020-05-12 13:08:18
79,71,162,2020-05-12 12:58:31,2020-05-12 12:58:31
79,71,313,2020-05-12 12:58:31,2020-05-12 12:58:39
63,0,301,2020-05-12 12:58:35,2020-05-12 13:02:26
84,0,253,2020-05-12 12:58:38,2020-05-12 12:59:17
79,71,410,2020-05-12 12:58:39,2020-05-12 12:59:32
46,59,124,2020-05-12 12:58:40,2020-05-12 12:59:00
131,0,0,2020-05-12 12:58:43,2020-05-12 13:07:07
68,32,0,2020-05-12 12:58:43,2020-05-12 13:02:18
37,0,0,2020-05-12 12:58:46,2020-05-12 13:08:02
103,0,0,2020-05-12 12:58:50,2020-05-12 13:04:05
109,0,0,2020-05-12 12:58:52,2020-05-12 13:08:08
78,0,207,2020-05-12 12:58:53,2020-05-12 12:59:07
105,104,123,2020-05-12 12:58:54,2020-05-12 12:59:09
46,59,304,2020-05-12 12:59:00,2020-05-12 12:59:34
128,104,321,2020-05-12 12:59:01,2020-05-12 13:01:38
122,104,0,2020-05-12 12:59:04,2020-05-12 13:01:33
78,0,404,2020-05-12 12:59:07,2020-05-12 12:59:45
105,104,303,2020-05-12 12:59:09,2020-05-12 13:00:22
84,0,419,2020-05-12 12:59:17,2020-05-12 12:59:42
33,0,0,2020-05-12 12:59:18,2020-05-12 13:09:28
82,0,0,2020-05-12 12:59:18,2020-05-12 13:09:39
66,12,303,2020-05-12 12:59:24,2020-05-12 12:59:53
79,71,408,2020-05-12 12:59:32,2020-05-12 13:01:09
46,59,305,2020-05-12 12:59:34,2020-05-12 12:59:55
84,0,421,2020-05-12 12:59:42,2020-05-12 13:01:42
78,0,403,2020-05-12 12:59:45,2020-05-12 13:00:04
66,12,304,2020-05-12 12:59:53,2020-05-12 13:00:11
46,59,127,2020-05-12 12:59:55,2020-05-12 14:42:32
78,0,402,2020-05-12 13:00:04,2020-05-12 13:00:17
124,0,0,2020-05-12 13:00:06,2020-05-12 13:06:59
66,12,136,2020-05-12 13:00:11,2020-05-12 16:56:19
20,46,108,2020-05-12 13:00:14,2020-05-12 13:00:45
78,0,401,2020-05-12 13:00:17,2020-05-12 13:00:28
105,104,315,2020-05-12 13:00:22,2020-05-12 13:01:35
78,0,301,2020-05-12 13:00:28,2020-05-12 13:03:27
102,0,0,2020-05-12 13:00:31,2020-05-12 13:01:39
14,0,132,2020-05-12 13:00:35,2020-05-12 13:00:50
72,0,0,2020-05-12 13:00:38,2020-05-12 13:11:11
132,0,111,2020-05-12 13:00:41,2020-05-12 13:00:55
20,46,317,2020-05-12 13:00:45,2020-05-12 13:03:26
14,0,302,2020-05-12 13:00:50,2020-05-12 13:01:19
132,0,314,2020-05-12 13:00:55,2020-05-12 13:01:25
79,71,407,2020-05-12 13:01:09,2020-05-12 13:01:38
61,90,0,2020-05-12 13:01:14,2020-05-12 13:04:42
14,0,301,2020-05-12 13:01:19,2020-05-12 13:05:10
132,0,315,2020-05-12 13:01:25,2020-05-12 13:02:52
122,104,301,2020-05-12 13:01:33,2020-05-12 13:01:46
93,0,0,2020-05-12 13:01:34,2020-05-12 13:12:41
105,104,320,2020-05-12 13:01:35,2020-05-12 13:02:23
128,104,322,2020-05-12 13:01:38,2020-05-12 13:02:07
79,71,406,2020-05-12 13:01:38,2020-05-12 13:02:34
102,0,0,2020-05-12 13:01:39,2020-05-12 13:12:36
15,0,136,2020-05-12 13:01:39,2020-05-12 13:01:57
84,0,325,2020-05-12 13:01:42,2020-05-12 13:07:42
104,102,0,2020-05-12 13:01:45,2020-05-12 13:02:30
122,104,401,2020-05-12 13:01:46,2020-05-12 13:02:00
15,0,304,2020-05-12 13:01:57,2020-05-12 13:02:30
122,104,402,2020-05-12 13:02:00,2020-05-12 13:02:28
128,104,168,2020-05-12 13:02:07,2020-05-12 15:20:34
80,0,0,2020-05-12 13:02:16,2020-05-12 13:11:27
68,32,301,2020-05-12 13:02:18,2020-05-12 13:02:29
105,104,102,2020-05-12 13:02:23,2020-05-12 13:03:37
101,0,178,2020-05-12 13:02:23,2020-05-12 13:03:35
63,0,0,2020-05-12 13:02:26,2020-05-12 13:08:40
122,104,403,2020-05-12 13:02:28,2020-05-12 13:03:03
68,32,401,2020-05-12 13:02:29,2020-05-12 13:02:41
104,102,326,2020-05-12 13:02:30,2020-05-12 13:02:49
15,0,303,2020-05-12 13:02:30,2020-05-12 13:02:50
154,0,0,2020-05-12 13:02:34,2020-05-12 13:12:22
79,71,405,2020-05-12 13:02:34,2020-05-12 13:03:03
68,32,402,2020-05-12 13:02:41,2020-05-12 13:03:08
95,0,0,2020-05-12 13:02:46,2020-05-12 13:12:38
104,102,320,2020-05-12 13:02:49,2020-05-12 13:04:04
126,0,0,2020-05-12 13:02:49,2020-05-12 13:13:05
15,0,302,2020-05-12 13:02:50,2020-05-12 13:03:20
132,0,320,2020-05-12 13:02:52,2020-05-12 13:03:13
122,104,404,2020-05-12 13:03:03,2020-05-12 13:03:33
79,71,404,2020-05-12 13:03:03,2020-05-12 13:03:44
68,32,403,2020-05-12 13:03:08,2020-05-12 13:03:53
132,0,326,2020-05-12 13:03:13,2020-05-12 13:03:57
15,0,301,2020-05-12 13:03:20,2020-05-12 13:06:04
75,0,0,2020-05-12 13:03:21,2020-05-12 13:14:03
20,46,322,2020-05-12 13:03:26,2020-05-12 13:03:45
78,0,0,2020-05-12 13:03:27,2020-05-12 13:08:03
55,0,158,2020-05-12 13:03:27,2020-05-12 13:03:47
122,104,405,2020-05-12 13:03:33,2020-05-12 13:04:06
101,0,321,2020-05-12 13:03:35,2020-05-12 13:05:04
105,104,321,2020-05-12 13:03:37,2020-05-12 13:04:28
79,71,403,2020-05-12 13:03:44,2020-05-12 13:05:08
20,46,171,2020-05-12 13:03:45,2020-05-12 14:38:51
53,0,0,2020-05-12 13:03:45,2020-05-12 13:13:54
55,0,309,2020-05-12 13:03:47,2020-05-12 13:04:19
125,0,0,2020-05-12 13:03:50,2020-05-12 13:14:26
68,32,412,2020-05-12 13:03:53,2020-05-12 13:04:17
132,0,0,2020-05-12 13:03:57,2020-05-12 13:12:11
104,102,315,2020-05-12 13:04:04,2020-05-12 13:04:40
129,0,0,2020-05-12 13:04:04,2020-05-12 13:13:51
103,0,0,2020-05-12 13:04:05,2020-05-12 13:13:53
122,104,211,2020-05-12 13:04:06,2020-05-12 13:49:33
148,140,0,2020-05-12 13:04:10,2020-05-12 13:11:39
68,32,411,2020-05-12 13:04:17,2020-05-12 13:04:37
44,0,0,2020-05-12 13:04:19,2020-05-12 13:12:55
55,0,308,2020-05-12 13:04:19,2020-05-12 13:05:04
136,0,0,2020-05-12 13:04:22,2020-05-12 13:13:32
105,104,178,2020-05-12 13:04:28,2020-05-12 16:41:54
100,0,0,2020-05-12 13:04:29,2020-05-12 13:13:37
50,0,0,2020-05-12 13:04:29,2020-05-12 13:13:17
56,0,0,2020-05-12 13:04:31,2020-05-12 13:14:40
68,32,229,2020-05-12 13:04:37,2020-05-12 16:30:21
104,102,117,2020-05-12 13:04:40,2020-05-12 16:00:14
61,90,301,2020-05-12 13:04:42,2020-05-12 13:04:52
61,90,401,2020-05-12 13:04:52,2020-05-12 13:05:12
31,0,0,2020-05-12 13:05:02,2020-05-12 13:14:18
55,0,307,2020-05-12 13:05:04,2020-05-12 13:09:13
101,0,102,2020-05-12 13:05:04,2020-05-12 13:05:55
62,0,0,2020-05-12 13:05:05,2020-05-12 13:15:01
79,71,412,2020-05-12 13:05:08,2020-05-12 13:06:22
14,0,0,2020-05-12 13:05:10,2020-05-12 13:10:01
61,90,402,2020-05-12 13:05:12,2020-05-12 13:05:39
77,0,255,2020-05-12 13:05:17,2020-05-12 13:05:54
142,0,0,2020-05-12 13:05:19,2020-05-12 13:16:31
61,90,403,2020-05-12 13:05:39,2020-05-12 13:06:13
77,0,418,2020-05-12 13:05:54,2020-05-12 13:06:03
101,0,326,2020-05-12 13:05:55,2020-05-12 13:06:35
77,0,419,2020-05-12 13:06:03,2020-05-12 13:06:34
15,0,0,2020-05-12 13:06:04,2020-05-12 13:11:14
42,0,0,2020-05-12 13:06:08,2020-05-12 13:15:15
61,90,404,2020-05-12 13:06:13,2020-05-12 13:06:36
118,0,253,2020-05-12 13:06:13,2020-05-12 13:06:52
79,71,415,2020-05-12 13:06:22,2020-05-12 13:06:36
77,0,421,2020-05-12 13:06:34,2020-05-12 13:08:13
101,0,0,2020-05-12 13:06:35,2020-05-12 13:12:18
61,90,405,2020-05-12 13:06:36,2020-05-12 13:06:52
79,71,239,2020-05-12 13:06:36,2020-05-12 13:42:29
39,0,0,2020-05-12 13:06:37,2020-05-12 13:16:44
61,90,209,2020-05-12 13:06:52,2020-05-12 15:10:36
6,0,0,2020-05-12 13:06:52,2020-05-12 13:15:16
118,0,419,2020-05-12 13:06:52,2020-05-12 13:07:17
124,0,0,2020-05-12 13:06:59,2020-05-12 13:17:29
131,0,0,2020-05-12 13:07:07,2020-05-12 13:16:01
94,0,134,2020-05-12 13:07:14,2020-05-12 13:07:33
118,0,421,2020-05-12 13:07:17,2020-05-12 13:09:17
94,0,303,2020-05-12 13:07:33,2020-05-12 13:07:50
2,0,147,2020-05-12 13:07:42,2020-05-12 13:08:19
84,0,0,2020-05-12 13:07:42,2020-05-12 13:09:34
94,0,302,2020-05-12 13:07:50,2020-05-12 13:08:05
37,75,0,2020-05-12 13:08:02,2020-05-12 13:10:31
78,0,0,2020-05-12 13:08:03,2020-05-12 13:16:56
27,0,0,2020-05-12 13:08:03,2020-05-12 13:18:31
94,0,301,2020-05-12 13:08:05,2020-05-12 13:10:56
109,94,0,2020-05-12 13:08:08,2020-05-12 13:08:57
77,0,325,2020-05-12 13:08:13,2020-05-12 13:13:17
74,75,170,2020-05-12 13:08:14,2020-05-12 13:08:44
120,0,0,2020-05-12 13:08:18,2020-05-12 13:17:42
2,0,307,2020-05-12 13:08:19,2020-05-12 13:15:54
116,0,0,2020-05-12 13:08:23,2020-05-12 13:17:48
110,0,0,2020-05-12 13:08:39,2020-05-12 13:18:53
63,72,0,2020-05-12 13:08:40,2020-05-12 13:11:51
3,0,0,2020-05-12 13:08:42,2020-05-12 13:17:32
74,75,324,2020-05-12 13:08:44,2020-05-12 13:10:31
60,0,0,2020-05-12 13:08:46,2020-05-12 13:17:22
109,94,326,2020-05-12 13:08:57,2020-05-12 13:09:17
55,0,0,2020-05-12 13:09:13,2020-05-12 13:15:27
109,94,320,2020-05-12 13:09:17,2020-05-12 13:10:30
118,0,325,2020-05-12 13:09:17,2020-05-12 13:15:17
33,0,0,2020-05-12 13:09:28,2020-05-12 13:20:45
84,0,0,2020-05-12 13:09:34,2020-05-12 13:20:10
82,0,0,2020-05-12 13:09:39,2020-05-12 13:19:48
14,0,0,2020-05-12 13:10:01,2020-05-12 13:19:56
69,0,125,2020-05-12 13:10:22,2020-05-12 13:10:39
109,94,315,2020-05-12 13:10:30,2020-05-12 13:11:02
74,75,313,2020-05-12 13:10:31,2020-05-12 13:10:31
74,75,162,2020-05-12 13:10:31,2020-05-12 14:52:24
37,75,301,2020-05-12 13:10:31,2020-05-12 13:10:39
69,0,304,2020-05-12 13:10:39,2020-05-12 13:11:05
37,75,401,2020-05-12 13:10:39,2020-05-12 13:10:57
90,0,104,2020-05-12 13:10:49,2020-05-12 13:11:16
94,0,0,2020-05-12 13:10:56,2020-05-12 13:16:19
37,75,402,2020-05-12 13:10:57,2020-05-12 13:11:25
109,94,104,2020-05-12 13:11:02,2020-05-12 14:44:10
69,0,303,2020-05-12 13:11:05,2020-05-12 13:12:24
72,0,0,2020-05-12 13:11:11,2020-05-12 13:20:52
15,0,0,2020-05-12 13:11:14,2020-05-12 13:21:43
90,0,315,2020-05-12 13:11:16,2020-05-12 13:12:38
37,75,403,2020-05-12 13:11:25,2020-05-12 13:12:12
80,0,0,2020-05-12 13:11:27,2020-05-12 13:21:11
148,140,324,2020-05-12 13:11:39,2020-05-12 13:12:45
63,72,301,2020-05-12 13:11:51,2020-05-12 13:12:01
63,72,401,2020-05-12 13:12:01,2020-05-12 13:12:17
132,98,0,2020-05-12 13:12:11,2020-05-12 13:12:58
73,0,104,2020-05-12 13:12:11,2020-05-12 13:12:38
37,75,206,2020-05-12 13:12:12,2020-05-12 15:46:28
63,72,402,2020-05-12 13:12:17,2020-05-12 13:12:38
101,125,0,2020-05-12 13:12:18,2020-05-12 13:19:46
154,0,0,2020-05-12 13:12:22,2020-05-12 13:22:27
69,0,315,2020-05-12 13:12:24,2020-05-12 13:14:08
102,118,0,2020-05-12 13:12:36,2020-05-12 13:18:02
90,0,320,2020-05-12 13:12:38,2020-05-12 13:13:09
73,0,315,2020-05-12 13:12:38,2020-05-12 13:14:00
95,0,0,2020-05-12 13:12:38,2020-05-12 13:23:11
63,72,403,2020-05-12 13:12:38,2020-05-12 13:13:06
93,0,0,2020-05-12 13:12:41,2020-05-12 13:20:57
148,140,176,2020-05-12 13:12:45,2020-05-12 15:13:08
44,0,0,2020-05-12 13:12:55,2020-05-12 13:24:50
132,98,326,2020-05-12 13:12:58,2020-05-12 13:13:22
126,96,0,2020-05-12 13:13:05,2020-05-12 13:16:39
63,72,404,2020-05-12 13:13:06,2020-05-12 13:13:32
90,0,326,2020-05-12 13:13:09,2020-05-12 13:13:49
50,0,0,2020-05-12 13:13:17,2020-05-12 13:22:42
77,0,0,2020-05-12 13:13:17,2020-05-12 13:15:14
132,98,320,2020-05-12 13:13:22,2020-05-12 13:14:24
63,72,405,2020-05-12 13:13:32,2020-05-12 13:14:04
136,0,0,2020-05-12 13:13:32,2020-05-12 13:22:41
100,0,0,2020-05-12 13:13:37,2020-05-12 13:23:05
90,0,0,2020-05-12 13:13:49,2020-05-12 13:20:12
129,0,0,2020-05-12 13:13:51,2020-05-12 13:25:27
103,0,0,2020-05-12 13:13:53,2020-05-12 13:21:46
53,0,0,2020-05-12 13:13:54,2020-05-12 13:24:03
73,0,320,2020-05-12 13:14:00,2020-05-12 13:14:31
10,0,129,2020-05-12 13:14:00,2020-05-12 13:14:15
75,0,0,2020-05-12 13:14:03,2020-05-12 13:23:13
63,72,406,2020-05-12 13:14:04,2020-05-12 13:14:36
69,0,320,2020-05-12 13:14:08,2020-05-12 13:14:28
10,0,306,2020-05-12 13:14:15,2020-05-12 13:19:56
31,0,0,2020-05-12 13:14:18,2020-05-12 13:24:15
132,98,315,2020-05-12 13:14:24,2020-05-12 13:14:49
125,0,0,2020-05-12 13:14:26,2020-05-12 13:24:51
69,0,326,2020-05-12 13:14:28,2020-05-12 13:15:09
73,0,326,2020-05-12 13:14:31,2020-05-12 13:15:11
63,72,407,2020-05-12 13:14:36,2020-05-12 13:15:19
56,0,0,2020-05-12 13:14:40,2020-05-12 13:23:29
132,98,314,2020-05-12 13:14:49,2020-05-12 13:15:07
141,99,0,2020-05-12 13:14:54,2020-05-12 13:20:11
62,0,0,2020-05-12 13:15:01,2020-05-12 13:26:58
132,98,111,2020-05-12 13:15:07,2020-05-12 15:07:13
69,0,0,2020-05-12 13:15:09,2020-05-12 13:21:36
73,0,0,2020-05-12 13:15:11,2020-05-12 13:22:30
77,0,0,2020-05-12 13:15:14,2020-05-12 13:26:04
42,22,0,2020-05-12 13:15:15,2020-05-12 13:16:07
6,0,0,2020-05-12 13:15:16,2020-05-12 13:25:47
118,0,0,2020-05-12 13:15:17,2020-05-12 13:16:59
63,72,216,2020-05-12 13:15:19,2020-05-12 15:07:24
55,0,0,2020-05-12 13:15:27,2020-05-12 13:23:49
98,115,207,2020-05-12 13:15:49,2020-05-12 13:16:03
2,0,0,2020-05-12 13:15:54,2020-05-12 13:17:43
131,0,0,2020-05-12 13:16:01,2020-05-12 13:25:25
98,115,404,2020-05-12 13:16:03,2020-05-12 13:16:31
42,22,326,2020-05-12 13:16:07,2020-05-12 13:16:23
21,0,226,2020-05-12 13:16:12,2020-05-12 13:16:44
94,0,0,2020-05-12 13:16:19,2020-05-12 13:27:18
85,0,231,2020-05-12 13:16:22,2020-05-12 13:16:45
42,22,320,2020-05-12 13:16:23,2020-05-12 13:18:02
142,0,0,2020-05-12 13:16:31,2020-05-12 13:26:59
98,115,405,2020-05-12 13:16:31,2020-05-12 13:17:30
126,96,301,2020-05-12 13:16:39,2020-05-12 13:16:48
21,0,405,2020-05-12 13:16:44,2020-05-12 13:17:16
39,0,0,2020-05-12 13:16:44,2020-05-12 13:26:23
85,0,412,2020-05-12 13:16:45,2020-05-12 13:17:49
126,96,401,2020-05-12 13:16:48,2020-05-12 13:17:01
78,0,0,2020-05-12 13:16:56,2020-05-12 13:26:24
118,0,0,2020-05-12 13:16:59,2020-05-12 13:28:03
126,96,402,2020-05-12 13:17:01,2020-05-12 13:17:32
21,0,404,2020-05-12 13:17:16,2020-05-12 13:17:59
60,0,0,2020-05-12 13:17:22,2020-05-12 13:28:25
124,0,0,2020-05-12 13:17:29,2020-05-12 13:28:23
98,115,406,2020-05-12 13:17:30,2020-05-12 13:17:53
126,96,403,2020-05-12 13:17:32,2020-05-12 13:19:03
3,0,0,2020-05-12 13:17:32,2020-05-12 13:24:59
120,0,0,2020-05-12 13:17:42,2020-05-12 13:28:10
2,0,0,2020-05-12 13:17:43,2020-05-12 13:26:55
5,7,228,2020-05-12 13:17:45,2020-05-12 13:18:13
116,0,0,2020-05-12 13:17:48,2020-05-12 13:30:00
85,0,403,2020-05-12 13:17:49,2020-05-12 13:18:13
98,115,407,2020-05-12 13:17:53,2020-05-12 13:18:07
21,0,403,2020-05-12 13:17:59,2020-05-12 13:18:39
42,22,315,2020-05-12 13:18:02,2020-05-12 13:19:18
102,118,312,2020-05-12 13:18:02,2020-05-12 13:18:47
98,115,409,2020-05-12 13:18:07,2020-05-12 13:18:16
5,7,407,2020-05-12 13:18:13,2020-05-12 13:18:33
85,0,402,2020-05-12 13:18:13,2020-05-12 13:18:26
98,115,312,2020-05-12 13:18:16,2020-05-12 13:19:00
85,0,401,2020-05-12 13:18:26,2020-05-12 13:18:36
27,6,0,2020-05-12 13:18:31,2020-05-12 13:19:16
5,7,409,2020-05-12 13:18:33,2020-05-12 13:20:28
85,0,301,2020-05-12 13:18:36,2020-05-12 13:22:07
21,0,402,2020-05-12 13:18:39,2020-05-12 13:18:54
102,118,308,2020-05-12 13:18:47,2020-05-12 13:19:07
110,121,0,2020-05-12 13:18:53,2020-05-12 13:20:39
21,0,401,2020-05-12 13:18:54,2020-05-12 13:19:04
98,115,308,2020-05-12 13:19:00,2020-05-12 13:19:25
126,96,412,2020-05-12 13:19:03,2020-05-12 13:20:34
21,0,301,2020-05-12 13:19:04,2020-05-12 13:21:54
102,118,148,2020-05-12 13:19:07,2020-05-12 14:55:46
27,6,326,2020-05-12 13:19:16,2020-05-12 13:20:07
42,22,303,2020-05-12 13:19:18,2020-05-12 13:19:51
98,115,309,2020-05-12 13:19:25,2020-05-12 13:19:45
98,115,158,2020-05-12 13:19:45,2020-05-12 14:35:30
101,125,312,2020-05-12 13:19:46,2020-05-12 13:20:34
67,76,162,2020-05-12 13:19:47,2020-05-12 13:20:10
82,0,0,2020-05-12 13:19:48,2020-05-12 13:26:49
42,22,304,2020-05-12 13:19:51,2020-05-12 13:20:21
14,0,0,2020-05-12 13:19:56,2020-05-12 13:28:30
10,0,0,2020-05-12 13:19:56,2020-05-12 13:23:54
27,6,102,2020-05-12 13:20:07,2020-05-12 14:09:08
84,0,0,2020-05-12 13:20:10,2020-05-12 13:29:23
67,76,311,2020-05-12 13:20:10,2020-05-12 13:21:17
141,99,325,2020-05-12 13:20:11,2020-05-12 13:21:43
90,0,0,2020-05-12 13:20:12,2020-05-12 13:30:01
19,0,213,2020-05-12 13:20:19,2020-05-12 13:21:01
42,22,305,2020-05-12 13:20:21,2020-05-12 13:20:40
5,7,418,2020-05-12 13:20:28,2020-05-12 13:20:38
101,125,308,2020-05-12 13:20:34,2020-05-12 13:20:56
126,96,415,2020-05-12 13:20:34,2020-05-12 13:20:54
5,7,419,2020-05-12 13:20:38,2020-05-12 13:21:11
110,121,301,2020-05-12 13:20:39,2020-05-12 13:20:48
42,22,137,2020-05-12 13:20:40,2020-05-12 16:48:58
33,51,0,2020-05-12 13:20:45,2020-05-12 13:29:00
110,121,401,2020-05-12 13:20:48,2020-05-12 13:21:05
72,0,0,2020-05-12 13:20:52,2020-05-12 13:30:56
126,96,414,2020-05-12 13:20:54,2020-05-12 13:21:19
101,125,149,2020-05-12 13:20:56,2020-05-12 14:19:45
93,41,0,2020-05-12 13:20:57,2020-05-12 13:23:26
19,0,406,2020-05-12 13:21:01,2020-05-12 13:21:51
110,121,402,2020-05-12 13:21:05,2020-05-12 13:21:32
5,7,252,2020-05-12 13:21:11,2020-05-12 17:06:23
80,0,0,2020-05-12 13:21:11,2020-05-12 13:31:02
67,76,310,2020-05-12 13:21:17,2020-05-12 13:21:27
126,96,237,2020-05-12 13:21:19,2020-05-12 14:54:23
67,76,309,2020-05-12 13:21:27,2020-05-12 13:21:46
110,121,403,2020-05-12 13:21:32,2020-05-12 13:22:36
69,0,0,2020-05-12 13:21:36,2020-05-12 13:31:23
15,0,0,2020-05-12 13:21:43,2020-05-12 13:31:09
141,99,421,2020-05-12 13:21:43,2020-05-12 13:22:10
67,76,308,2020-05-12 13:21:46,2020-05-12 13:22:35
103,129,0,2020-05-12 13:21:46,2020-05-12 13:22:22
19,0,405,2020-05-12 13:21:51,2020-05-12 13:22:21
21,0,0,2020-05-12 13:21:54,2020-05-12 13:27:30
85,0,0,2020-05-12 13:22:07,2020-05-12 13:27:38
141,99,419,2020-05-12 13:22:10,2020-05-12 13:22:37
71,0,129,2020-05-12 13:22:21,2020-05-12 13:22:36
19,0,404,2020-05-12 13:22:21,2020-05-12 13:22:57
103,129,326,2020-05-12 13:22:22,2020-05-12 13:22:42
154,0,0,2020-05-12 13:22:27,2020-05-12 13:33:33
73,62,0,2020-05-12 13:22:30,2020-05-12 13:27:12
67,76,307,2020-05-12 13:22:35,2020-05-12 13:23:32
110,121,412,2020-05-12 13:22:36,2020-05-12 13:23:52
71,0,306,2020-05-12 13:22:36,2020-05-12 13:28:17
91,0,137,2020-05-12 13:22:37,2020-05-12 13:23:04
141,99,256,2020-05-12 13:22:37,2020-05-12 13:56:07
136,0,0,2020-05-12 13:22:41,2020-05-12 13:33:27
50,0,0,2020-05-12 13:22:42,2020-05-12 13:32:30
103,129,320,2020-05-12 13:22:42,2020-05-12 13:24:26
19,0,403,2020-05-12 13:22:57,2020-05-12 13:23:23
91,0,305,2020-05-12 13:23:04,2020-05-12 13:23:27
100,0,0,2020-05-12 13:23:05,2020-05-12 13:34:13
95,0,0,2020-05-12 13:23:11,2020-05-12 13:34:39
75,0,0,2020-05-12 13:23:13,2020-05-12 13:33:34
40,46,143,2020-05-12 13:23:17,2020-05-12 13:24:24
19,0,402,2020-05-12 13:23:23,2020-05-12 13:23:38
93,41,301,2020-05-12 13:23:26,2020-05-12 13:23:34
91,0,304,2020-05-12 13:23:27,2020-05-12 13:23:55
56,0,0,2020-05-12 13:23:29,2020-05-12 13:34:38
67,76,141,2020-05-12 13:23:32,2020-05-12 15:03:07
93,41,401,2020-05-12 13:23:34,2020-05-12 13:23:52
19,0,401,2020-05-12 13:23:38,2020-05-12 13:23:50
55,0,0,2020-05-12 13:23:49,2020-05-12 13:34:47
19,0,301,2020-05-12 13:23:50,2020-05-12 13:27:06
93,41,402,2020-05-12 13:23:52,2020-05-12 13:24:20
110,121,415,2020-05-12 13:23:52,2020-05-12 13:24:27
10,0,0,2020-05-12 13:23:54,2020-05-12 13:34:08
91,0,303,2020-05-12 13:23:55,2020-05-12 13:24:18
53,0,0,2020-05-12 13:24:03,2020-05-12 13:33:44
31,0,0,2020-05-12 13:24:15,2020-05-12 13:34:22
91,0,302,2020-05-12 13:24:18,2020-05-12 13:24:35
93,41,403,2020-05-12 13:24:20,2020-05-12 13:25:07
40,46,321,2020-05-12 13:24:24,2020-05-12 13:25:44
103,129,145,2020-05-12 13:24:26,2020-05-12 14:44:05
110,121,414,2020-05-12 13:24:27,2020-05-12 13:24:42
91,0,301,2020-05-12 13:24:35,2020-05-12 13:27:58
110,121,238,2020-05-12 13:24:42,2020-05-12 15:08:44
44,0,0,2020-05-12 13:24:50,2020-05-12 13:34:14
125,98,0,2020-05-12 13:24:51,2020-05-12 13:25:36
3,0,0,2020-05-12 13:24:59,2020-05-12 13:36:11
93,41,206,2020-05-12 13:25:07,2020-05-12 15:28:57
131,0,0,2020-05-12 13:25:25,2020-05-12 13:35:56
129,0,0,2020-05-12 13:25:27,2020-05-12 13:33:53
125,98,326,2020-05-12 13:25:36,2020-05-12 13:26:27
40,46,325,2020-05-12 13:25:44,2020-05-12 13:26:48
6,0,0,2020-05-12 13:25:47,2020-05-12 13:34:21
119,0,178,2020-05-12 13:26:00,2020-05-12 13:27:12
77,0,0,2020-05-12 13:26:04,2020-05-12 13:36:48
39,0,0,2020-05-12 13:26:23,2020-05-12 13:35:42
78,0,0,2020-05-12 13:26:24,2020-05-12 13:35:35
125,98,102,2020-05-12 13:26:27,2020-05-12 14:40:54
40,46,421,2020-05-12 13:26:48,2020-05-12 13:27:16
82,59,0,2020-05-12 13:26:49,2020-05-12 13:29:18
2,0,0,2020-05-12 13:26:55,2020-05-12 13:36:28
62,42,0,2020-05-12 13:26:58,2020-05-12 13:27:45
142,0,0,2020-05-12 13:26:59,2020-05-12 13:36:53
19,0,0,2020-05-12 13:27:06,2020-05-12 13:30:05
147,0,220,2020-05-12 13:27:09,2020-05-12 13:27:27
73,62,301,2020-05-12 13:27:12,2020-05-12 13:27:22
119,0,321,2020-05-12 13:27:12,2020-05-12 13:28:41
40,46,252,2020-05-12 13:27:16,2020-05-12 16:06:58
94,0,0,2020-05-12 13:27:18,2020-05-12 13:36:21
73,62,401,2020-05-12 13:27:22,2020-05-12 13:27:32
34,14,136,2020-05-12 13:27:26,2020-05-12 13:28:06
147,0,403,2020-05-12 13:27:27,2020-05-12 13:27:52
21,0,0,2020-05-12 13:27:30,2020-05-12 13:36:37
73,62,402,2020-05-12 13:27:32,2020-05-12 13:27:53
85,0,0,2020-05-12 13:27:38,2020-05-12 13:37:40
62,42,326,2020-05-12 13:27:45,2020-05-12 13:28:33
147,0,402,2020-05-12 13:27:52,2020-05-12 13:28:07
73,62,403,2020-05-12 13:27:53,2020-05-12 13:28:32
91,0,0,2020-05-12 13:27:58,2020-05-12 13:33:46
118,0,0,2020-05-12 13:28:03,2020-05-12 13:38:30
34,14,305,2020-05-12 13:28:06,2020-05-12 13:28:41
147,0,401,2020-05-12 13:28:07,2020-05-12 13:28:16
120,0,0,2020-05-12 13:28:10,2020-05-12 13:36:55
147,0,301,2020-05-12 13:28:16,2020-05-12 13:31:24
71,0,0,2020-05-12 13:28:17,2020-05-12 13:33:49
124,0,0,2020-05-12 13:28:23,2020-05-12 13:39:26
11,0,234,2020-05-12 13:28:24,2020-05-12 13:28:42
60,50,0,2020-05-12 13:28:25,2020-05-12 13:33:43
14,0,0,2020-05-12 13:28:30,2020-05-12 13:37:30
73,62,404,2020-05-12 13:28:32,2020-05-12 13:28:59
62,42,102,2020-05-12 13:28:33,2020-05-12 13:29:57
34,14,306,2020-05-12 13:28:41,2020-05-12 13:29:26
119,0,102,2020-05-12 13:28:41,2020-05-12 13:29:32
11,0,411,2020-05-12 13:28:42,2020-05-12 13:29:09
73,62,222,2020-05-12 13:28:59,2020-05-12 14:38:28
33,51,324,2020-05-12 13:29:00,2020-05-12 13:30:03
11,0,412,2020-05-12 13:29:09,2020-05-12 13:30:28
51,0,155,2020-05-12 13:29:13,2020-05-12 13:29:44
82,59,301,2020-05-12 13:29:18,2020-05-12 13:29:26
84,0,0,2020-05-12 13:29:23,2020-05-12 13:38:22
34,14,307,2020-05-12 13:29:26,2020-05-12 13:30:08
82,59,401,2020-05-12 13:29:26,2020-05-12 13:29:44
119,0,326,2020-05-12 13:29:32,2020-05-12 13:30:12
82,59,402,2020-05-12 13:29:44,2020-05-12 13:30:12
51,0,318,2020-05-12 13:29:44,2020-05-12 13:30:23
62,42,321,2020-05-12 13:29:57,2020-05-12 13:32:22
76,0,216,2020-05-12 13:29:57,2020-05-12 13:30:39
116,127,0,2020-05-12 13:30:00,2020-05-12 13:33:10
90,0,0,2020-05-12 13:30:01,2020-05-12 13:39:16
33,51,175,2020-05-12 13:30:03,2020-05-12 15:07:08
19,0,0,2020-05-12 13:30:05,2020-05-12 13:38:52
34,14,308,2020-05-12 13:30:08,2020-05-12 13:30:37
119,0,0,2020-05-12 13:30:12,2020-05-12 13:38:08
82,59,403,2020-05-12 13:30:12,2020-05-12 13:30:59
51,0,319,2020-05-12 13:30:23,2020-05-12 13:32:20
11,0,403,2020-05-12 13:30:28,2020-05-12 13:30:55
34,14,318,2020-05-12 13:30:37,2020-05-12 13:31:13
76,0,407,2020-05-12 13:30:39,2020-05-12 13:31:10
11,0,402,2020-05-12 13:30:55,2020-05-12 13:31:10
72,0,0,2020-05-12 13:30:56,2020-05-12 13:41:33
82,59,206,2020-05-12 13:30:59,2020-05-12 17:20:15
80,0,0,2020-05-12 13:31:02,2020-05-12 13:40:05
15,0,0,2020-05-12 13:31:09,2020-05-12 13:42:12
11,0,401,2020-05-12 13:31:10,2020-05-12 13:31:20
76,0,406,2020-05-12 13:31:10,2020-05-12 13:31:51
34,14,319,2020-05-12 13:31:13,2020-05-12 13:31:45
11,0,301,2020-05-12 13:31:20,2020-05-12 13:34:42
69,0,0,2020-05-12 13:31:23,2020-05-12 13:41:07
147,0,0,2020-05-12 13:31:24,2020-05-12 13:36:37
29,0,255,2020-05-12 13:31:36,2020-05-12 13:32:13
34,14,168,2020-05-12 13:31:45,2020-05-12 14:36:21
76,0,405,2020-05-12 13:31:51,2020-05-12 13:32:21
29,0,418,2020-05-12 13:32:13,2020-05-12 13:32:22
13,0,166,2020-05-12 13:32:13,2020-05-12 13:32:47
51,0,317,2020-05-12 13:32:20,2020-05-12 13:32:52
76,0,404,2020-05-12 13:32:21,2020-05-12 13:32:53
62,42,322,2020-05-12 13:32:22,2020-05-12 13:32:42
29,0,419,2020-05-12 13:32:22,2020-05-12 13:32:53
50,22,0,2020-05-12 13:32:30,2020-05-12 13:33:16
62,42,323,2020-05-12 13:32:42,2020-05-12 13:33:13
13,0,319,2020-05-12 13:32:47,2020-05-12 13:34:51
51,0,316,2020-05-12 13:32:52,2020-05-12 13:33:32
76,0,403,2020-05-12 13:32:53,2020-05-12 13:33:15
29,0,421,2020-05-12 13:32:53,2020-05-12 13:34:32
116,127,325,2020-05-12 13:33:10,2020-05-12 13:34:40
62,42,172,2020-05-12 13:33:13,2020-05-12 15:22:03
76,0,402,2020-05-12 13:33:15,2020-05-12 13:33:26
50,22,326,2020-05-12 13:33:16,2020-05-12 13:33:34
76,0,401,2020-05-12 13:33:26,2020-05-12 13:33:33
136,0,0,2020-05-12 13:33:27,2020-05-12 13:41:02
51,0,315,2020-05-12 13:33:32,2020-05-12 13:35:00
76,0,301,2020-05-12 13:33:33,2020-05-12 13:36:29
154,0,0,2020-05-12 13:33:33,2020-05-12 13:43:58
50,22,320,2020-05-12 13:33:34,2020-05-12 13:34:24
75,0,0,2020-05-12 13:33:34,2020-05-12 13:41:49
60,50,312,2020-05-12 13:33:43,2020-05-12 13:34:32
53,0,0,2020-05-12 13:33:44,2020-05-12 13:43:51
91,0,0,2020-05-12 13:33:46,2020-05-12 13:43:19
71,13,0,2020-05-12 13:33:49,2020-05-12 13:38:31
129,0,0,2020-05-12 13:33:53,2020-05-12 13:43:22
10,0,0,2020-05-12 13:34:08,2020-05-12 13:44:16
100,0,0,2020-05-12 13:34:13,2020-05-12 13:43:34
44,0,0,2020-05-12 13:34:14,2020-05-12 13:45:19
6,0,0,2020-05-12 13:34:21,2020-05-12 13:43:47
31,0,0,2020-05-12 13:34:22,2020-05-12 13:44:15
50,22,315,2020-05-12 13:34:24,2020-05-12 13:35:02
29,0,325,2020-05-12 13:34:32,2020-05-12 13:39:36
60,50,308,2020-05-12 13:34:32,2020-05-12 13:35:02
56,0,0,2020-05-12 13:34:38,2020-05-12 13:43:59
95,0,0,2020-05-12 13:34:39,2020-05-12 13:44:35
116,127,421,2020-05-12 13:34:40,2020-05-12 13:35:50
11,0,0,2020-05-12 13:34:42,2020-05-12 13:39:23
55,0,0,2020-05-12 13:34:47,2020-05-12 13:45:50
13,0,317,2020-05-12 13:34:51,2020-05-12 13:35:26
51,0,320,2020-05-12 13:35:00,2020-05-12 13:35:22
50,22,316,2020-05-12 13:35:02,2020-05-12 13:35:42
60,50,309,2020-05-12 13:35:02,2020-05-12 13:35:49
51,0,326,2020-05-12 13:35:22,2020-05-12 13:35:59
13,0,316,2020-05-12 13:35:26,2020-05-12 13:35:57
78,0,0,2020-05-12 13:35:35,2020-05-12 13:45:28
39,0,0,2020-05-12 13:35:42,2020-05-12 13:45:39
50,22,317,2020-05-12 13:35:42,2020-05-12 13:36:08
60,50,159,2020-05-12 13:35:49,2020-05-12 15:42:43
116,127,417,2020-05-12 13:35:50,2020-05-12 13:36:03
131,0,0,2020-05-12 13:35:56,2020-05-12 13:46:46
13,0,315,2020-05-12 13:35:57,2020-05-12 13:37:18
51,0,0,2020-05-12 13:35:59,2020-05-12 13:40:13
116,127,244,2020-05-12 13:36:03,2020-05-12 13:57:40
50,22,110,2020-05-12 13:36:08,2020-05-12 16:35:19
3,0,0,2020-05-12 13:36:11,2020-05-12 13:46:35
94,87,0,2020-05-12 13:36:21,2020-05-12 13:38:07
2,0,0,2020-05-12 13:36:28,2020-05-12 13:46:02
76,0,0,2020-05-12 13:36:29,2020-05-12 13:41:17
21,69,0,2020-05-12 13:36:37,2020-05-12 13:40:35
147,0,0,2020-05-12 13:36:37,2020-05-12 13:46:00
77,0,0,2020-05-12 13:36:48,2020-05-12 13:44:37
142,0,0,2020-05-12 13:36:53,2020-05-12 13:47:45
120,0,0,2020-05-12 13:36:55,2020-05-12 13:47:33
99,0,216,2020-05-12 13:37:18,2020-05-12 13:38:00
13,0,320,2020-05-12 13:37:18,2020-05-12 13:37:43
14,0,0,2020-05-12 13:37:30,2020-05-12 13:47:30
85,0,0,2020-05-12 13:37:40,2020-05-12 13:46:59
13,0,326,2020-05-12 13:37:43,2020-05-12 13:38:17
99,0,407,2020-05-12 13:38:00,2020-05-12 13:38:31
94,87,301,2020-05-12 13:38:07,2020-05-12 13:38:16
119,0,0,2020-05-12 13:38:08,2020-05-12 13:48:27
94,87,401,2020-05-12 13:38:16,2020-05-12 13:38:33
13,0,0,2020-05-12 13:38:17,2020-05-12 13:42:54
84,0,0,2020-05-12 13:38:22,2020-05-12 13:46:37
118,0,0,2020-05-12 13:38:30,2020-05-12 13:47:24
99,0,406,2020-05-12 13:38:31,2020-05-12 13:39:12
71,13,301,2020-05-12 13:38:31,2020-05-12 13:38:41
94,87,402,2020-05-12 13:38:33,2020-05-12 13:39:00
71,13,401,2020-05-12 13:38:41,2020-05-12 13:38:51
71,13,402,2020-05-12 13:38:51,2020-05-12 13:39:12
19,0,0,2020-05-12 13:38:52,2020-05-12 13:49:35
94,87,403,2020-05-12 13:39:00,2020-05-12 13:40:04
71,13,403,2020-05-12 13:39:12,2020-05-12 13:39:51
99,0,405,2020-05-12 13:39:12,2020-05-12 13:39:42
90,0,0,2020-05-12 13:39:16,2020-05-12 13:49:10
11,0,0,2020-05-12 13:39:23,2020-05-12 13:48:24
124,97,0,2020-05-12 13:39:26,2020-05-12 13:40:13
159,0,231,2020-05-12 13:39:29,2020-05-12 13:39:52
29,0,0,2020-05-12 13:39:36,2020-05-12 13:41:13
99,0,404,2020-05-12 13:39:42,2020-05-12 13:40:14
71,13,404,2020-05-12 13:39:51,2020-05-12 13:40:18
159,0,412,2020-05-12 13:39:52,2020-05-12 13:40:56
94,87,412,2020-05-12 13:40:04,2020-05-12 13:41:20
80,33,0,2020-05-12 13:40:05,2020-05-12 13:48:01
124,97,326,2020-05-12 13:40:13,2020-05-12 13:40:37
51,0,0,2020-05-12 13:40:13,2020-05-12 13:50:21
99,0,403,2020-05-12 13:40:14,2020-05-12 13:40:36
71,13,222,2020-05-12 13:40:18,2020-05-12 14:30:52
21,69,301,2020-05-12 13:40:35,2020-05-12 13:40:46
99,0,402,2020-05-12 13:40:36,2020-05-12 13:40:47
124,97,320,2020-05-12 13:40:37,2020-05-12 13:41:39
111,0,105,2020-05-12 13:40:43,2020-05-12 13:41:12
21,69,302,2020-05-12 13:40:46,2020-05-12 13:41:14
99,0,401,2020-05-12 13:40:47,2020-05-12 13:40:54
99,0,301,2020-05-12 13:40:54,2020-05-12 13:43:50
159,0,403,2020-05-12 13:40:56,2020-05-12 13:41:20
136,0,0,2020-05-12 13:41:02,2020-05-12 13:51:28
69,0,0,2020-05-12 13:41:07,2020-05-12 13:51:26
32,0,130,2020-05-12 13:41:07,2020-05-12 13:41:30
111,0,315,2020-05-12 13:41:12,2020-05-12 13:42:24
29,0,0,2020-05-12 13:41:13,2020-05-12 13:50:18
21,69,122,2020-05-12 13:41:14,2020-05-12 15:31:00
76,30,0,2020-05-12 13:41:17,2020-05-12 13:46:29
94,87,415,2020-05-12 13:41:20,2020-05-12 13:41:55
159,0,402,2020-05-12 13:41:20,2020-05-12 13:41:33
32,0,306,2020-05-12 13:41:30,2020-05-12 13:46:39
159,0,401,2020-05-12 13:41:33,2020-05-12 13:41:43
72,0,0,2020-05-12 13:41:33,2020-05-12 13:51:35
124,97,315,2020-05-12 13:41:39,2020-05-12 13:42:04
159,0,301,2020-05-12 13:41:43,2020-05-12 13:45:14
75,0,0,2020-05-12 13:41:49,2020-05-12 13:53:29
94,87,414,2020-05-12 13:41:55,2020-05-12 13:42:10
124,97,314,2020-05-12 13:42:04,2020-05-12 13:42:22
94,87,238,2020-05-12 13:42:10,2020-05-12 16:18:13
15,0,0,2020-05-12 13:42:12,2020-05-12 13:52:44
124,97,111,2020-05-12 13:42:22,2020-05-12 16:56:03
111,0,320,2020-05-12 13:42:24,2020-05-12 13:42:52
79,0,239,2020-05-12 13:42:29,2020-05-12 13:42:49
79,0,415,2020-05-12 13:42:49,2020-05-12 13:44:09
111,0,326,2020-05-12 13:42:52,2020-05-12 13:43:38
13,27,0,2020-05-12 13:42:54,2020-05-12 13:45:54
91,0,0,2020-05-12 13:43:19,2020-05-12 13:53:01
129,0,0,2020-05-12 13:43:22,2020-05-12 13:52:46
100,0,0,2020-05-12 13:43:34,2020-05-12 13:53:41
111,0,0,2020-05-12 13:43:38,2020-05-12 13:50:49
6,2,0,2020-05-12 13:43:47,2020-05-12 13:47:10
99,0,0,2020-05-12 13:43:50,2020-05-12 13:47:18
53,0,0,2020-05-12 13:43:51,2020-05-12 13:53:06
154,0,0,2020-05-12 13:43:58,2020-05-12 13:53:41
56,39,0,2020-05-12 13:43:59,2020-05-12 13:51:12
79,0,412,2020-05-12 13:44:09,2020-05-12 13:45:38
31,0,0,2020-05-12 13:44:15,2020-05-12 13:55:19
10,0,0,2020-05-12 13:44:16,2020-05-12 13:55:20
95,0,0,2020-05-12 13:44:35,2020-05-12 13:54:22
77,84,0,2020-05-12 13:44:37,2020-05-12 13:48:01
155,0,145,2020-05-12 13:45:01,2020-05-12 13:46:05
159,0,0,2020-05-12 13:45:14,2020-05-12 13:47:37
44,0,0,2020-05-12 13:45:19,2020-05-12 13:56:38
78,0,0,2020-05-12 13:45:28,2020-05-12 13:55:19
79,0,403,2020-05-12 13:45:38,2020-05-12 13:46:03
39,0,0,2020-05-12 13:45:39,2020-05-12 13:55:52
115,0,151,2020-05-12 13:45:46,2020-05-12 13:46:28
55,0,0,2020-05-12 13:45:50,2020-05-12 13:54:09
13,27,301,2020-05-12 13:45:54,2020-05-12 13:46:23
147,135,0,2020-05-12 13:46:00,2020-05-12 13:46:49
2,0,0,2020-05-12 13:46:02,2020-05-12 13:56:09
79,0,402,2020-05-12 13:46:03,2020-05-12 13:46:18
155,0,320,2020-05-12 13:46:05,2020-05-12 13:46:28
79,0,401,2020-05-12 13:46:18,2020-05-12 13:46:28
13,27,302,2020-05-12 13:46:23,2020-05-12 13:46:37
155,0,326,2020-05-12 13:46:28,2020-05-12 13:47:16
79,0,301,2020-05-12 13:46:28,2020-05-12 13:50:07
115,0,309,2020-05-12 13:46:28,2020-05-12 13:46:49
76,30,306,2020-05-12 13:46:29,2020-05-12 13:46:51
3,89,0,2020-05-12 13:46:35,2020-05-12 13:50:09
13,27,132,2020-05-12 13:46:37,2020-05-12 15:59:25
84,0,0,2020-05-12 13:46:37,2020-05-12 13:56:46
32,0,0,2020-05-12 13:46:39,2020-05-12 13:51:30
131,0,0,2020-05-12 13:46:46,2020-05-12 13:57:52
147,135,326,2020-05-12 13:46:49,2020-05-12 13:47:09
115,0,308,2020-05-12 13:46:49,2020-05-12 13:47:30
76,30,141,2020-05-12 13:46:51,2020-05-12 15:30:58
85,0,0,2020-05-12 13:46:59,2020-05-12 13:57:31
147,135,320,2020-05-12 13:47:09,2020-05-12 13:48:26
6,2,301,2020-05-12 13:47:10,2020-05-12 13:47:36
155,0,0,2020-05-12 13:47:16,2020-05-12 13:56:29
99,0,0,2020-05-12 13:47:18,2020-05-12 13:56:59
118,0,0,2020-05-12 13:47:24,2020-05-12 13:59:31
115,0,307,2020-05-12 13:47:30,2020-05-12 13:52:04
14,0,0,2020-05-12 13:47:30,2020-05-12 13:55:43
120,98,0,2020-05-12 13:47:33,2020-05-12 13:50:22
6,2,302,2020-05-12 13:47:36,2020-05-12 13:47:55
159,0,0,2020-05-12 13:47:37,2020-05-12 13:58:30
142,0,0,2020-05-12 13:47:45,2020-05-12 13:56:54
6,2,133,2020-05-12 13:47:55,2020-05-12 14:27:44
150,0,105,2020-05-12 13:47:57,2020-05-12 13:48:26
77,84,301,2020-05-12 13:48:01,2020-05-12 13:48:13
80,33,312,2020-05-12 13:48:01,2020-05-12 13:48:59
77,84,401,2020-05-12 13:48:13,2020-05-12 13:48:26
11,0,0,2020-05-12 13:48:24,2020-05-12 13:58:23
147,135,315,2020-05-12 13:48:26,2020-05-12 13:49:10
77,84,402,2020-05-12 13:48:26,2020-05-12 13:48:50
150,0,315,2020-05-12 13:48:26,2020-05-12 13:49:38
119,0,0,2020-05-12 13:48:27,2020-05-12 13:59:08
77,84,403,2020-05-12 13:48:50,2020-05-12 13:50:10
80,33,308,2020-05-12 13:48:59,2020-05-12 13:49:24
90,1,0,2020-05-12 13:49:10,2020-05-12 13:56:27
147,135,316,2020-05-12 13:49:10,2020-05-12 13:49:39
80,33,309,2020-05-12 13:49:24,2020-05-12 13:49:30
145,0,217,2020-05-12 13:49:26,2020-05-12 13:50:52
80,33,310,2020-05-12 13:49:30,2020-05-12 13:50:37
122,113,211,2020-05-12 13:49:33,2020-05-12 13:50:06
19,56,0,2020-05-12 13:49:35,2020-05-12 13:50:24
150,0,320,2020-05-12 13:49:38,2020-05-12 13:50:06
147,135,317,2020-05-12 13:49:39,2020-05-12 13:51:42
157,0,141,2020-05-12 13:49:49,2020-05-12 13:50:16
150,0,326,2020-05-12 13:50:06,2020-05-12 13:50:52
122,113,406,2020-05-12 13:50:06,2020-05-12 13:50:37
79,0,0,2020-05-12 13:50:07,2020-05-12 13:52:51
3,89,301,2020-05-12 13:50:09,2020-05-12 13:50:18
77,84,412,2020-05-12 13:50:10,2020-05-12 13:51:34
157,0,306,2020-05-12 13:50:16,2020-05-12 13:56:23
29,0,0,2020-05-12 13:50:18,2020-05-12 14:00:22
3,89,401,2020-05-12 13:50:18,2020-05-12 13:50:31
51,37,0,2020-05-12 13:50:21,2020-05-12 13:51:06
120,98,301,2020-05-12 13:50:22,2020-05-12 13:50:32
19,56,326,2020-05-12 13:50:24,2020-05-12 13:50:44
3,89,402,2020-05-12 13:50:31,2020-05-12 13:51:02
120,98,401,2020-05-12 13:50:32,2020-05-12 13:50:43
80,33,311,2020-05-12 13:50:37,2020-05-12 13:51:00
122,113,407,2020-05-12 13:50:37,2020-05-12 13:50:59
120,98,402,2020-05-12 13:50:43,2020-05-12 13:51:08
19,56,320,2020-05-12 13:50:44,2020-05-12 13:52:01
111,0,0,2020-05-12 13:50:49,2020-05-12 14:00:30
150,0,0,2020-05-12 13:50:52,2020-05-12 13:57:10
145,0,410,2020-05-12 13:50:52,2020-05-12 13:50:59
122,113,409,2020-05-12 13:50:59,2020-05-12 13:51:09
145,0,313,2020-05-12 13:50:59,2020-05-12 14:01:12
80,33,153,2020-05-12 13:51:00,2020-05-12 14:56:23
3,89,403,2020-05-12 13:51:02,2020-05-12 13:52:33
51,37,326,2020-05-12 13:51:06,2020-05-12 13:51:25
120,98,403,2020-05-12 13:51:08,2020-05-12 13:51:53
122,113,312,2020-05-12 13:51:09,2020-05-12 13:52:15
56,39,312,2020-05-12 13:51:12,2020-05-12 13:52:07
51,37,320,2020-05-12 13:51:25,2020-05-12 13:52:37
69,0,0,2020-05-12 13:51:26,2020-05-12 14:00:42
136,106,0,2020-05-12 13:51:28,2020-05-12 13:52:03
32,0,0,2020-05-12 13:51:30,2020-05-12 14:02:27
77,84,415,2020-05-12 13:51:34,2020-05-12 13:52:08
72,0,0,2020-05-12 13:51:35,2020-05-12 14:03:19
147,135,319,2020-05-12 13:51:42,2020-05-12 13:52:23
120,98,404,2020-05-12 13:51:53,2020-05-12 13:52:27
19,56,315,2020-05-12 13:52:01,2020-05-12 13:52:45
136,106,326,2020-05-12 13:52:03,2020-05-12 13:52:23
115,0,0,2020-05-12 13:52:04,2020-05-12 13:55:46
7,0,132,2020-05-12 13:52:06,2020-05-12 13:52:21
152,135,232,2020-05-12 13:52:07,2020-05-12 13:52:42
56,39,308,2020-05-12 13:52:07,2020-05-12 13:52:38
77,84,241,2020-05-12 13:52:08,2020-05-12 17:25:26
122,113,308,2020-05-12 13:52:15,2020-05-12 13:52:19
122,113,155,2020-05-12 13:52:19,2020-05-12 15:41:31
7,0,302,2020-05-12 13:52:21,2020-05-12 13:52:50
136,106,320,2020-05-12 13:52:23,2020-05-12 13:53:22
147,135,318,2020-05-12 13:52:23,2020-05-12 13:53:03
120,98,224,2020-05-12 13:52:27,2020-05-12 16:22:16
127,0,202,2020-05-12 13:52:31,2020-05-12 13:52:46
3,89,412,2020-05-12 13:52:33,2020-05-12 13:54:04
51,37,315,2020-05-12 13:52:37,2020-05-12 13:53:07
56,39,309,2020-05-12 13:52:38,2020-05-12 13:52:48
152,135,412,2020-05-12 13:52:42,2020-05-12 13:54:14
15,0,0,2020-05-12 13:52:44,2020-05-12 14:02:18
19,56,316,2020-05-12 13:52:45,2020-05-12 13:53:14
129,0,0,2020-05-12 13:52:46,2020-05-12 14:02:24
127,0,402,2020-05-12 13:52:46,2020-05-12 13:53:00
56,39,310,2020-05-12 13:52:48,2020-05-12 13:53:28
7,0,301,2020-05-12 13:52:50,2020-05-12 13:56:41
79,0,0,2020-05-12 13:52:51,2020-05-12 14:01:29
127,0,401,2020-05-12 13:53:00,2020-05-12 13:53:10
91,0,0,2020-05-12 13:53:01,2020-05-12 14:02:32
147,135,154,2020-05-12 13:53:03,2020-05-12 14:25:02
53,0,0,2020-05-12 13:53:06,2020-05-12 14:02:54
51,37,316,2020-05-12 13:53:07,2020-05-12 13:53:38
127,0,301,2020-05-12 13:53:10,2020-05-12 13:56:33
19,56,317,2020-05-12 13:53:14,2020-05-12 13:55:17
136,106,315,2020-05-12 13:53:22,2020-05-12 13:53:49
56,39,152,2020-05-12 13:53:28,2020-05-12 14:43:39
75,0,0,2020-05-12 13:53:29,2020-05-12 14:03:29
51,37,317,2020-05-12 13:53:38,2020-05-12 13:55:42
154,0,0,2020-05-12 13:53:41,2020-05-12 14:04:48
100,0,0,2020-05-12 13:53:41,2020-05-12 14:04:23
136,106,316,2020-05-12 13:53:49,2020-05-12 13:54:31
3,89,415,2020-05-12 13:54:04,2020-05-12 13:54:24
55,0,0,2020-05-12 13:54:09,2020-05-12 14:05:26
152,135,415,2020-05-12 13:54:14,2020-05-12 13:54:42
95,0,0,2020-05-12 13:54:22,2020-05-12 14:03:51
3,89,414,2020-05-12 13:54:24,2020-05-12 13:54:49
136,106,317,2020-05-12 13:54:31,2020-05-12 13:54:44
152,135,416,2020-05-12 13:54:42,2020-05-12 13:55:06
136,106,109,2020-05-12 13:54:44,2020-05-12 16:58:43
3,89,237,2020-05-12 13:54:49,2020-05-12 16:06:09
152,135,417,2020-05-12 13:55:06,2020-05-12 13:56:31
19,56,319,2020-05-12 13:55:17,2020-05-12 13:55:58
78,0,0,2020-05-12 13:55:19,2020-05-12 14:05:08
31,0,0,2020-05-12 13:55:19,2020-05-12 14:04:24
10,0,0,2020-05-12 13:55:20,2020-05-12 14:02:38
51,37,319,2020-05-12 13:55:42,2020-05-12 13:56:50
14,42,0,2020-05-12 13:55:43,2020-05-12 14:01:09
115,0,0,2020-05-12 13:55:46,2020-05-12 14:06:22
39,0,0,2020-05-12 13:55:52,2020-05-12 14:05:16
19,56,318,2020-05-12 13:55:58,2020-05-12 13:56:38
141,0,256,2020-05-12 13:56:07,2020-05-12 13:56:38
2,85,0,2020-05-12 13:56:09,2020-05-12 13:59:25
157,0,0,2020-05-12 13:56:23,2020-05-12 14:00:32
90,1,312,2020-05-12 13:56:27,2020-05-12 13:57:10
155,0,0,2020-05-12 13:56:29,2020-05-12 14:08:07
152,135,421,2020-05-12 13:56:31,2020-05-12 13:56:57
127,0,0,2020-05-12 13:56:33,2020-05-12 14:03:53
19,56,154,2020-05-12 13:56:38,2020-05-12 16:14:34
141,0,419,2020-05-12 13:56:38,2020-05-12 13:57:10
44,35,0,2020-05-12 13:56:38,2020-05-12 14:02:27
7,0,0,2020-05-12 13:56:41,2020-05-12 14:00:01
84,0,0,2020-05-12 13:56:46,2020-05-12 14:06:01
51,37,318,2020-05-12 13:56:50,2020-05-12 13:57:07
142,111,0,2020-05-12 13:56:54,2020-05-12 13:59:43
152,135,419,2020-05-12 13:56:57,2020-05-12 13:57:25
99,0,0,2020-05-12 13:56:59,2020-05-12 14:05:11
51,37,155,2020-05-12 13:57:07,2020-05-12 16:26:46
90,1,308,2020-05-12 13:57:10,2020-05-12 13:57:35
141,0,421,2020-05-12 13:57:10,2020-05-12 13:58:39
150,0,0,2020-05-12 13:57:10,2020-05-12 14:06:12
152,135,256,2020-05-12 13:57:25,2020-05-12 17:07:49
85,0,0,2020-05-12 13:57:31,2020-05-12 14:07:19
90,1,309,2020-05-12 13:57:35,2020-05-12 13:57:51
116,0,244,2020-05-12 13:57:40,2020-05-12 13:57:53
90,1,158,2020-05-12 13:57:51,2020-05-12 15:39:03
131,0,0,2020-05-12 13:57:52,2020-05-12 14:09:19
116,0,417,2020-05-12 13:57:53,2020-05-12 13:59:21
11,0,0,2020-05-12 13:58:23,2020-05-12 14:07:54
159,0,0,2020-05-12 13:58:30,2020-05-12 14:09:10
141,0,325,2020-05-12 13:58:39,2020-05-12 14:03:34
119,129,0,2020-05-12 13:59:08,2020-05-12 14:04:11
116,0,421,2020-05-12 13:59:21,2020-05-12 14:00:51
2,85,312,2020-05-12 13:59:25,2020-05-12 14:00:22
118,0,0,2020-05-12 13:59:31,2020-05-12 14:09:14
142,111,301,2020-05-12 13:59:43,2020-05-12 13:59:52
145,0,0,2020-05-12 13:59:43,2020-05-12 14:09:49
142,111,401,2020-05-12 13:59:52,2020-05-12 14:00:07
139,0,207,2020-05-12 13:59:53,2020-05-12 14:00:07
7,0,0,2020-05-12 14:00:01,2020-05-12 14:10:09
139,0,404,2020-05-12 14:00:07,2020-05-12 14:00:45
142,111,402,2020-05-12 14:00:07,2020-05-12 14:00:27
29,78,0,2020-05-12 14:00:22,2020-05-12 14:05:39
2,85,308,2020-05-12 14:00:22,2020-05-12 14:00:49
142,111,403,2020-05-12 14:00:27,2020-05-12 14:01:49
111,0,0,2020-05-12 14:00:30,2020-05-12 14:10:56
157,142,0,2020-05-12 14:00:32,2020-05-12 14:07:24
69,0,0,2020-05-12 14:00:42,2020-05-12 14:09:34
139,0,403,2020-05-12 14:00:45,2020-05-12 14:01:04
2,85,309,2020-05-12 14:00:49,2020-05-12 14:00:59
116,0,325,2020-05-12 14:00:51,2020-05-12 14:04:59
2,85,310,2020-05-12 14:00:59,2020-05-12 14:01:54
139,0,402,2020-05-12 14:01:04,2020-05-12 14:01:17
14,42,325,2020-05-12 14:01:09,2020-05-12 14:03:09
145,0,0,2020-05-12 14:01:12,2020-05-12 13:59:43
139,0,401,2020-05-12 14:01:17,2020-05-12 14:01:28
139,0,301,2020-05-12 14:01:28,2020-05-12 14:04:27
79,0,0,2020-05-12 14:01:29,2020-05-12 14:13:04
142,111,412,2020-05-12 14:01:49,2020-05-12 14:03:28
2,85,161,2020-05-12 14:01:54,2020-05-12 15:45:38
15,0,0,2020-05-12 14:02:18,2020-05-12 14:11:32
129,0,0,2020-05-12 14:02:24,2020-05-12 14:14:03
44,35,325,2020-05-12 14:02:27,2020-05-12 14:04:09
32,0,0,2020-05-12 14:02:27,2020-05-12 14:13:02
89,0,203,2020-05-12 14:02:31,2020-05-12 14:02:57
91,0,0,2020-05-12 14:02:32,2020-05-12 14:12:30
10,0,0,2020-05-12 14:02:38,2020-05-12 14:11:59
53,1,0,2020-05-12 14:02:54,2020-05-12 14:03:43
89,0,402,2020-05-12 14:02:57,2020-05-12 14:03:09
89,0,401,2020-05-12 14:03:09,2020-05-12 14:03:20
14,42,421,2020-05-12 14:03:09,2020-05-12 14:04:06
156,132,229,2020-05-12 14:03:18,2020-05-12 14:03:38
72,0,0,2020-05-12 14:03:19,2020-05-12 14:13:14
89,0,301,2020-05-12 14:03:20,2020-05-12 14:05:37
142,111,415,2020-05-12 14:03:28,2020-05-12 14:03:53
75,19,0,2020-05-12 14:03:29,2020-05-12 14:04:14
1,0,223,2020-05-12 14:03:33,2020-05-12 14:03:45
141,0,0,2020-05-12 14:03:34,2020-05-12 14:06:18
156,132,411,2020-05-12 14:03:38,2020-05-12 14:04:01
53,1,326,2020-05-12 14:03:43,2020-05-12 14:04:03
1,0,404,2020-05-12 14:03:45,2020-05-12 14:04:31
95,0,0,2020-05-12 14:03:51,2020-05-12 14:12:18
127,122,0,2020-05-12 14:03:53,2020-05-12 14:08:00
142,111,414,2020-05-12 14:03:53,2020-05-12 14:04:05
156,132,412,2020-05-12 14:04:01,2020-05-12 14:05:01
53,1,320,2020-05-12 14:04:03,2020-05-12 14:05:16
142,111,246,2020-05-12 14:04:05,2020-05-12 15:59:57
106,0,142,2020-05-12 14:04:06,2020-05-12 14:04:35
14,42,417,2020-05-12 14:04:06,2020-05-12 14:04:16
44,35,421,2020-05-12 14:04:09,2020-05-12 14:05:03
119,129,306,2020-05-12 14:04:11,2020-05-12 14:04:41
75,19,326,2020-05-12 14:04:14,2020-05-12 14:04:33
14,42,251,2020-05-12 14:04:16,2020-05-12 15:03:57
100,0,0,2020-05-12 14:04:23,2020-05-12 14:14:43
31,0,0,2020-05-12 14:04:24,2020-05-12 14:12:23
139,0,0,2020-05-12 14:04:27,2020-05-12 14:08:52
1,0,403,2020-05-12 14:04:31,2020-05-12 14:04:58
75,19,320,2020-05-12 14:04:33,2020-05-12 14:05:48
106,0,320,2020-05-12 14:04:35,2020-05-12 14:04:55
119,129,130,2020-05-12 14:04:41,2020-05-12 15:46:30
154,0,0,2020-05-12 14:04:48,2020-05-12 14:15:16
106,0,326,2020-05-12 14:04:55,2020-05-12 14:05:50
1,0,402,2020-05-12 14:04:58,2020-05-12 14:05:08
116,0,0,2020-05-12 14:04:59,2020-05-12 14:06:44
156,132,415,2020-05-12 14:05:01,2020-05-12 14:05:45
44,35,252,2020-05-12 14:05:03,2020-05-12 15:58:01
1,0,401,2020-05-12 14:05:08,2020-05-12 14:05:17
78,0,0,2020-05-12 14:05:08,2020-05-12 14:14:14
99,114,0,2020-05-12 14:05:11,2020-05-12 14:05:57
39,0,0,2020-05-12 14:05:16,2020-05-12 14:16:05
53,1,315,2020-05-12 14:05:16,2020-05-12 14:05:48
1,0,301,2020-05-12 14:05:17,2020-05-12 14:07:52
55,141,0,2020-05-12 14:05:26,2020-05-12 14:12:18
89,0,0,2020-05-12 14:05:37,2020-05-12 14:11:29
29,78,325,2020-05-12 14:05:39,2020-05-12 14:07:11
156,132,416,2020-05-12 14:05:45,2020-05-12 14:06:12
53,1,104,2020-05-12 14:05:48,2020-05-12 14:28:46
75,19,315,2020-05-12 14:05:48,2020-05-12 14:06:24
106,0,0,2020-05-12 14:05:50,2020-05-12 14:14:21
99,114,326,2020-05-12 14:05:57,2020-05-12 14:06:14
84,28,0,2020-05-12 14:06:01,2020-05-12 14:08:38
156,132,417,2020-05-12 14:06:12,2020-05-12 14:07:10
150,132,0,2020-05-12 14:06:12,2020-05-12 14:11:24
99,114,320,2020-05-12 14:06:14,2020-05-12 14:07:38
141,0,0,2020-05-12 14:06:18,2020-05-12 14:16:08
115,0,0,2020-05-12 14:06:22,2020-05-12 14:16:56
75,19,117,2020-05-12 14:06:24,2020-05-12 16:54:18
116,0,0,2020-05-12 14:06:44,2020-05-12 14:14:37
156,132,421,2020-05-12 14:07:10,2020-05-12 14:07:50
29,78,421,2020-05-12 14:07:11,2020-05-12 14:07:38
85,0,0,2020-05-12 14:07:19,2020-05-12 14:18:04
157,142,324,2020-05-12 14:07:24,2020-05-12 14:08:20
99,114,315,2020-05-12 14:07:38,2020-05-12 14:08:15
29,78,419,2020-05-12 14:07:38,2020-05-12 14:08:05
156,132,252,2020-05-12 14:07:50,2020-05-12 16:08:35
64,0,151,2020-05-12 14:07:51,2020-05-12 14:08:33
1,0,0,2020-05-12 14:07:52,2020-05-12 14:12:29
11,6,0,2020-05-12 14:07:54,2020-05-12 14:11:01
127,122,301,2020-05-12 14:08:00,2020-05-12 14:08:12
29,78,256,2020-05-12 14:08:05,2020-05-12 15:17:32
155,137,0,2020-05-12 14:08:07,2020-05-12 14:14:05
127,122,401,2020-05-12 14:08:12,2020-05-12 14:08:29
99,114,105,2020-05-12 14:08:15,2020-05-12 16:47:13
157,142,177,2020-05-12 14:08:20,2020-05-12 16:49:41
81,0,122,2020-05-12 14:08:26,2020-05-12 14:08:53
143,0,214,2020-05-12 14:08:26,2020-05-12 14:09:45
127,122,402,2020-05-12 14:08:29,2020-05-12 14:08:45
64,0,309,2020-05-12 14:08:33,2020-05-12 14:08:54
84,28,301,2020-05-12 14:08:38,2020-05-12 14:08:49
127,122,403,2020-05-12 14:08:45,2020-05-12 14:09:47
84,28,401,2020-05-12 14:08:49,2020-05-12 14:09:05
139,0,0,2020-05-12 14:08:52,2020-05-12 14:18:31
81,0,302,2020-05-12 14:08:53,2020-05-12 14:09:27
64,0,308,2020-05-12 14:08:54,2020-05-12 14:09:35
84,28,402,2020-05-12 14:09:05,2020-05-12 14:09:26
27,0,102,2020-05-12 14:09:08,2020-05-12 14:09:35
159,130,0,2020-05-12 14:09:10,2020-05-12 14:15:18
118,99,0,2020-05-12 14:09:14,2020-05-12 14:12:05
131,0,0,2020-05-12 14:09:19,2020-05-12 14:19:14
84,28,403,2020-05-12 14:09:26,2020-05-12 14:10:17
81,0,301,2020-05-12 14:09:27,2020-05-12 14:12:02
69,0,0,2020-05-12 14:09:34,2020-05-12 14:18:53
27,0,326,2020-05-12 14:09:35,2020-05-12 14:10:29
64,0,307,2020-05-12 14:09:35,2020-05-12 14:14:09
143,0,407,2020-05-12 14:09:45,2020-05-12 14:10:12
127,122,412,2020-05-12 14:09:47,2020-05-12 14:10:17
145,0,0,2020-05-12 14:09:49,2020-05-12 14:18:12
7,11,0,2020-05-12 14:10:09,2020-05-12 14:10:59
143,0,406,2020-05-12 14:10:12,2020-05-12 14:11:02
84,28,404,2020-05-12 14:10:17,2020-05-12 14:10:51
127,122,411,2020-05-12 14:10:17,2020-05-12 14:10:39
27,0,0,2020-05-12 14:10:29,2020-05-12 14:18:59
127,122,234,2020-05-12 14:10:39,2020-05-12 16:55:57
84,28,405,2020-05-12 14:10:51,2020-05-12 14:11:24
111,0,0,2020-05-12 14:10:56,2020-05-12 14:21:16
7,11,326,2020-05-12 14:10:59,2020-05-12 14:12:00
11,6,301,2020-05-12 14:11:01,2020-05-12 14:11:10
143,0,405,2020-05-12 14:11:02,2020-05-12 14:11:39
11,6,401,2020-05-12 14:11:10,2020-05-12 14:11:25
84,28,406,2020-05-12 14:11:24,2020-05-12 14:11:40
150,132,306,2020-05-12 14:11:24,2020-05-12 14:11:46
11,6,402,2020-05-12 14:11:25,2020-05-12 14:11:50
89,0,0,2020-05-12 14:11:29,2020-05-12 14:20:18
15,0,0,2020-05-12 14:11:32,2020-05-12 14:22:10
143,0,404,2020-05-12 14:11:39,2020-05-12 14:12:04
84,28,228,2020-05-12 14:11:40,2020-05-12 15:15:52
150,132,141,2020-05-12 14:11:46,2020-05-12 15:03:14
11,6,403,2020-05-12 14:11:50,2020-05-12 14:12:15
10,0,0,2020-05-12 14:11:59,2020-05-12 14:21:35
7,11,102,2020-05-12 14:12:00,2020-05-12 14:13:17
81,0,0,2020-05-12 14:12:02,2020-05-12 14:16:28
143,0,403,2020-05-12 14:12:04,2020-05-12 14:12:30
118,99,301,2020-05-12 14:12:05,2020-05-12 14:12:15
151,0,0,2020-05-12 14:12:07,2020-05-12 14:22:26
11,6,205,2020-05-12 14:12:15,2020-05-12 16:10:01
118,99,401,2020-05-12 14:12:15,2020-05-12 14:12:34
95,0,0,2020-05-12 14:12:18,2020-05-12 14:22:39
55,141,324,2020-05-12 14:12:18,2020-05-12 14:13:14
31,0,0,2020-05-12 14:12:23,2020-05-12 14:21:53
1,0,0,2020-05-12 14:12:29,2020-05-12 14:23:55
91,143,0,2020-05-12 14:12:30,2020-05-12 14:19:59
143,0,402,2020-05-12 14:12:30,2020-05-12 14:12:44
118,99,402,2020-05-12 14:12:34,2020-05-12 14:13:03
143,0,401,2020-05-12 14:12:44,2020-05-12 14:12:52
143,0,301,2020-05-12 14:12:52,2020-05-12 14:15:07
32,0,0,2020-05-12 14:13:02,2020-05-12 14:22:41
118,99,403,2020-05-12 14:13:03,2020-05-12 14:13:13
79,0,0,2020-05-12 14:13:04,2020-05-12 14:24:29
118,99,204,2020-05-12 14:13:13,2020-05-12 15:34:53
72,0,0,2020-05-12 14:13:14,2020-05-12 14:20:18
55,141,177,2020-05-12 14:13:14,2020-05-12 14:59:13
7,11,321,2020-05-12 14:13:17,2020-05-12 14:16:41
129,0,0,2020-05-12 14:14:03,2020-05-12 14:24:20
155,137,307,2020-05-12 14:14:05,2020-05-12 14:14:31
64,0,0,2020-05-12 14:14:09,2020-05-12 14:17:41
78,0,0,2020-05-12 14:14:14,2020-05-12 14:22:49
106,0,0,2020-05-12 14:14:21,2020-05-12 14:26:11
155,137,147,2020-05-12 14:14:31,2020-05-12 18:02:34
116,125,0,2020-05-12 14:14:37,2020-05-12 14:17:39
100,0,0,2020-05-12 14:14:43,2020-05-12 14:26:03
70,23,109,2020-05-12 14:14:57,2020-05-12 14:15:19
143,0,0,2020-05-12 14:15:07,2020-05-12 14:16:32
154,0,0,2020-05-12 14:15:16,2020-05-12 14:25:45
159,130,312,2020-05-12 14:15:18,2020-05-12 14:15:55
70,23,317,2020-05-12 14:15:19,2020-05-12 14:15:49
70,23,316,2020-05-12 14:15:49,2020-05-12 14:16:27
159,130,308,2020-05-12 14:15:55,2020-05-12 14:16:17
39,0,0,2020-05-12 14:16:05,2020-05-12 14:24:31
141,0,0,2020-05-12 14:16:08,2020-05-12 14:28:22
159,130,309,2020-05-12 14:16:17,2020-05-12 14:16:30
70,23,315,2020-05-12 14:16:27,2020-05-12 14:17:40
81,0,0,2020-05-12 14:16:28,2020-05-12 14:26:52
159,130,310,2020-05-12 14:16:30,2020-05-12 14:17:19
143,0,0,2020-05-12 14:16:32,2020-05-12 14:26:33
7,11,322,2020-05-12 14:16:41,2020-05-12 14:16:56
7,11,171,2020-05-12 14:16:56,2020-05-12 14:38:33
115,120,0,2020-05-12 14:16:56,2020-05-12 14:22:14
9,0,213,2020-05-12 14:17:17,2020-05-12 14:17:59
159,130,160,2020-05-12 14:17:19,2020-05-12 15:51:39
116,125,301,2020-05-12 14:17:39,2020-05-12 14:17:48
70,23,303,2020-05-12 14:17:40,2020-05-12 14:17:59
64,0,0,2020-05-12 14:17:41,2020-05-12 14:27:04
116,125,401,2020-05-12 14:17:48,2020-05-12 14:17:59
8,0,112,2020-05-12 14:17:52,2020-05-12 14:18:21
70,23,302,2020-05-12 14:17:59,2020-05-12 14:18:26
116,125,402,2020-05-12 14:17:59,2020-05-12 14:18:31
9,0,406,2020-05-12 14:17:59,2020-05-12 14:18:49
85,0,0,2020-05-12 14:18:04,2020-05-12 14:27:35
145,0,0,2020-05-12 14:18:12,2020-05-12 14:28:23
8,0,315,2020-05-12 14:18:21,2020-05-12 14:19:34
70,23,301,2020-05-12 14:18:26,2020-05-12 14:18:38
116,125,403,2020-05-12 14:18:31,2020-05-12 14:20:02
139,0,0,2020-05-12 14:18:31,2020-05-12 14:27:29
70,23,401,2020-05-12 14:18:38,2020-05-12 14:18:51
9,0,405,2020-05-12 14:18:49,2020-05-12 14:19:19
70,23,402,2020-05-12 14:18:51,2020-05-12 14:19:14
69,20,0,2020-05-12 14:18:53,2020-05-12 14:19:32
27,0,0,2020-05-12 14:18:59,2020-05-12 14:28:58
108,0,237,2020-05-12 14:19:07,2020-05-12 14:19:30
70,23,403,2020-05-12 14:19:14,2020-05-12 14:19:49
131,0,0,2020-05-12 14:19:14,2020-05-12 14:31:04
9,0,404,2020-05-12 14:19:19,2020-05-12 14:19:55
108,0,414,2020-05-12 14:19:30,2020-05-12 14:19:53
69,20,326,2020-05-12 14:19:32,2020-05-12 14:19:50
113,0,170,2020-05-12 14:19:33,2020-05-12 14:21:14
8,0,320,2020-05-12 14:19:34,2020-05-12 14:19:55
101,0,149,2020-05-12 14:19:45,2020-05-12 14:20:08
70,23,404,2020-05-12 14:19:49,2020-05-12 14:20:27
69,20,320,2020-05-12 14:19:50,2020-05-12 14:21:01
108,0,415,2020-05-12 14:19:53,2020-05-12 14:20:55
8,0,326,2020-05-12 14:19:55,2020-05-12 14:20:17
9,0,403,2020-05-12 14:19:55,2020-05-12 14:20:21
91,143,324,2020-05-12 14:19:59,2020-05-12 14:21:05
116,125,412,2020-05-12 14:20:02,2020-05-12 14:21:43
101,0,308,2020-05-12 14:20:08,2020-05-12 14:20:53
8,0,0,2020-05-12 14:20:17,2020-05-12 14:27:13
89,0,0,2020-05-12 14:20:18,2020-05-12 14:28:45
72,12,0,2020-05-12 14:20:18,2020-05-12 14:23:42
9,0,402,2020-05-12 14:20:21,2020-05-12 14:20:36
70,23,224,2020-05-12 14:20:27,2020-05-12 16:27:11
9,0,401,2020-05-12 14:20:36,2020-05-12 14:20:48
9,0,301,2020-05-12 14:20:48,2020-05-12 14:24:04
101,0,307,2020-05-12 14:20:53,2020-05-12 14:26:48
108,0,412,2020-05-12 14:20:55,2020-05-12 14:22:27
69,20,315,2020-05-12 14:21:01,2020-05-12 14:22:46
91,143,176,2020-05-12 14:21:05,2020-05-12 14:56:39
113,0,323,2020-05-12 14:21:14,2020-05-12 14:21:34
111,0,0,2020-05-12 14:21:16,2020-05-12 14:30:41
113,0,322,2020-05-12 14:21:34,2020-05-12 14:22:27
10,0,0,2020-05-12 14:21:35,2020-05-12 14:30:53
158,0,207,2020-05-12 14:21:43,2020-05-12 14:21:57
116,125,415,2020-05-12 14:21:43,2020-05-12 14:22:16
31,0,0,2020-05-12 14:21:53,2020-05-12 14:32:57
158,0,404,2020-05-12 14:21:57,2020-05-12 14:22:35
15,0,0,2020-05-12 14:22:10,2020-05-12 14:31:40
115,120,312,2020-05-12 14:22:14,2020-05-12 14:23:03
116,125,249,2020-05-12 14:22:16,2020-05-12 15:15:36
151,0,0,2020-05-12 14:22:26,2020-05-12 14:33:00
113,0,325,2020-05-12 14:22:27,2020-05-12 14:28:28
108,0,403,2020-05-12 14:22:27,2020-05-12 14:22:54
158,0,403,2020-05-12 14:22:35,2020-05-12 14:22:54
95,0,0,2020-05-12 14:22:39,2020-05-12 14:31:51
32,0,0,2020-05-12 14:22:41,2020-05-12 14:31:22
69,20,303,2020-05-12 14:22:46,2020-05-12 14:23:16
78,0,0,2020-05-12 14:22:49,2020-05-12 14:32:24
108,0,402,2020-05-12 14:22:54,2020-05-12 14:23:10
158,0,402,2020-05-12 14:22:54,2020-05-12 14:23:07
115,120,308,2020-05-12 14:23:03,2020-05-12 14:23:33
158,0,401,2020-05-12 14:23:07,2020-05-12 14:23:18
108,0,401,2020-05-12 14:23:10,2020-05-12 14:23:17
69,20,304,2020-05-12 14:23:16,2020-05-12 14:23:36
108,0,301,2020-05-12 14:23:17,2020-05-12 14:26:34
158,0,301,2020-05-12 14:23:18,2020-05-12 14:26:17
27,0,137,2020-05-12 14:23:21,2020-05-12 14:23:48
149,0,215,2020-05-12 14:23:27,2020-05-12 14:23:56
115,120,309,2020-05-12 14:23:33,2020-05-12 14:24:20
69,20,135,2020-05-12 14:23:36,2020-05-12 15:22:06
72,12,301,2020-05-12 14:23:42,2020-05-12 14:23:54
27,0,305,2020-05-12 14:23:48,2020-05-12 14:24:11
72,12,401,2020-05-12 14:23:54,2020-05-12 14:24:07
1,0,0,2020-05-12 14:23:55,2020-05-12 14:34:46
149,0,410,2020-05-12 14:23:56,2020-05-12 14:24:05
9,0,0,2020-05-12 14:24:04,2020-05-12 14:28:53
149,0,313,2020-05-12 14:24:05,2020-05-12 14:32:00
72,12,402,2020-05-12 14:24:07,2020-05-12 14:24:31
27,0,304,2020-05-12 14:24:11,2020-05-12 14:24:39
129,0,0,2020-05-12 14:24:20,2020-05-12 14:34:14
115,120,159,2020-05-12 14:24:20,2020-05-12 17:55:20
79,0,0,2020-05-12 14:24:29,2020-05-12 14:35:37
72,12,403,2020-05-12 14:24:31,2020-05-12 14:25:51
39,51,0,2020-05-12 14:24:31,2020-05-12 14:25:14
27,0,303,2020-05-12 14:24:39,2020-05-12 14:25:02
27,0,302,2020-05-12 14:25:02,2020-05-12 14:25:19
147,0,154,2020-05-12 14:25:02,2020-05-12 14:25:48
39,51,326,2020-05-12 14:25:14,2020-05-12 14:25:34
27,0,301,2020-05-12 14:25:19,2020-05-12 14:28:42
39,51,320,2020-05-12 14:25:34,2020-05-12 14:26:24
154,0,0,2020-05-12 14:25:45,2020-05-12 14:35:45
153,0,204,2020-05-12 14:25:47,2020-05-12 14:26:02
147,0,318,2020-05-12 14:25:48,2020-05-12 14:26:36
72,12,412,2020-05-12 14:25:51,2020-05-12 14:27:15
43,49,178,2020-05-12 14:25:57,2020-05-12 14:26:50
153,0,403,2020-05-12 14:26:02,2020-05-12 14:26:38
100,0,0,2020-05-12 14:26:03,2020-05-12 14:36:23
106,0,0,2020-05-12 14:26:11,2020-05-12 14:35:49
158,0,0,2020-05-12 14:26:17,2020-05-12 14:29:54
39,51,315,2020-05-12 14:26:24,2020-05-12 14:27:00
143,0,0,2020-05-12 14:26:33,2020-05-12 14:35:27
108,0,0,2020-05-12 14:26:34,2020-05-12 14:26:59
147,0,319,2020-05-12 14:26:36,2020-05-12 14:28:38
153,0,402,2020-05-12 14:26:38,2020-05-12 14:26:52
101,0,0,2020-05-12 14:26:48,2020-05-12 14:29:58
43,49,325,2020-05-12 14:26:50,2020-05-12 14:28:19
130,0,238,2020-05-12 14:26:51,2020-05-12 14:27:08
81,0,0,2020-05-12 14:26:52,2020-05-12 14:36:33
153,0,401,2020-05-12 14:26:52,2020-05-12 14:27:02
108,129,0,2020-05-12 14:26:59,2020-05-12 14:34:59
39,51,316,2020-05-12 14:27:00,2020-05-12 14:27:24
153,0,301,2020-05-12 14:27:02,2020-05-12 14:29:09
64,74,0,2020-05-12 14:27:04,2020-05-12 14:29:55
130,0,414,2020-05-12 14:27:08,2020-05-12 14:27:34
8,0,0,2020-05-12 14:27:13,2020-05-12 14:37:12
72,12,415,2020-05-12 14:27:15,2020-05-12 14:27:49
39,51,317,2020-05-12 14:27:24,2020-05-12 14:29:09
139,0,0,2020-05-12 14:27:29,2020-05-12 14:35:57
130,0,415,2020-05-12 14:27:34,2020-05-12 14:28:32
85,0,0,2020-05-12 14:27:35,2020-05-12 14:37:31
6,0,133,2020-05-12 14:27:44,2020-05-12 14:28:01
72,12,241,2020-05-12 14:27:49,2020-05-12 15:23:15
6,0,302,2020-05-12 14:28:01,2020-05-12 14:28:31
43,49,421,2020-05-12 14:28:19,2020-05-12 14:29:25
141,0,0,2020-05-12 14:28:22,2020-05-12 14:39:03
145,130,0,2020-05-12 14:28:23,2020-05-12 14:31:47
113,0,0,2020-05-12 14:28:28,2020-05-12 14:29:45
6,0,301,2020-05-12 14:28:31,2020-05-12 14:30:56
130,0,412,2020-05-12 14:28:32,2020-05-12 14:29:50
147,0,317,2020-05-12 14:28:38,2020-05-12 14:29:25
27,0,0,2020-05-12 14:28:42,2020-05-12 14:34:51
89,0,0,2020-05-12 14:28:45,2020-05-12 14:37:13
53,0,104,2020-05-12 14:28:46,2020-05-12 14:29:13
9,0,0,2020-05-12 14:28:53,2020-05-12 14:37:30
27,0,0,2020-05-12 14:28:58,2020-05-12 14:38:15
39,51,319,2020-05-12 14:29:09,2020-05-12 14:29:39
153,0,0,2020-05-12 14:29:09,2020-05-12 14:34:31
53,0,315,2020-05-12 14:29:13,2020-05-12 14:30:35
43,49,417,2020-05-12 14:29:25,2020-05-12 14:29:50
147,0,316,2020-05-12 14:29:25,2020-05-12 14:29:57
39,51,166,2020-05-12 14:29:39,2020-05-12 18:25:09
88,0,158,2020-05-12 14:29:40,2020-05-12 14:30:00
113,0,0,2020-05-12 14:29:45,2020-05-12 14:40:04
43,49,416,2020-05-12 14:29:50,2020-05-12 14:30:32
130,0,403,2020-05-12 14:29:50,2020-05-12 14:30:24
158,137,0,2020-05-12 14:29:54,2020-05-12 14:32:43
22,0,111,2020-05-12 14:29:54,2020-05-12 14:30:08
64,74,301,2020-05-12 14:29:55,2020-05-12 14:30:05
147,0,315,2020-05-12 14:29:57,2020-05-12 14:31:05
101,0,0,2020-05-12 14:29:58,2020-05-12 14:38:09
88,0,309,2020-05-12 14:30:00,2020-05-12 14:30:32
64,74,401,2020-05-12 14:30:05,2020-05-12 14:30:24
22,0,314,2020-05-12 14:30:08,2020-05-12 14:30:38
114,0,129,2020-05-12 14:30:22,2020-05-12 14:30:37
130,0,402,2020-05-12 14:30:24,2020-05-12 14:30:36
64,74,402,2020-05-12 14:30:24,2020-05-12 14:30:53
88,0,308,2020-05-12 14:30:32,2020-05-12 14:31:17
43,49,415,2020-05-12 14:30:32,2020-05-12 14:30:57
53,0,320,2020-05-12 14:30:35,2020-05-12 14:31:06
130,0,401,2020-05-12 14:30:36,2020-05-12 14:30:46
114,0,306,2020-05-12 14:30:37,2020-05-12 14:36:18
22,0,315,2020-05-12 14:30:38,2020-05-12 14:32:05
111,0,0,2020-05-12 14:30:41,2020-05-12 14:40:03
130,0,301,2020-05-12 14:30:46,2020-05-12 14:34:49
71,0,222,2020-05-12 14:30:52,2020-05-12 14:31:22
64,74,403,2020-05-12 14:30:53,2020-05-12 14:31:03
10,0,0,2020-05-12 14:30:53,2020-05-12 14:40:52
6,0,0,2020-05-12 14:30:56,2020-05-12 14:38:10
43,49,414,2020-05-12 14:30:57,2020-05-12 14:31:07
64,74,204,2020-05-12 14:31:03,2020-05-12 17:17:00
131,96,0,2020-05-12 14:31:04,2020-05-12 14:31:48
147,0,320,2020-05-12 14:31:05,2020-05-12 14:31:28
53,0,326,2020-05-12 14:31:06,2020-05-12 14:31:46
43,49,238,2020-05-12 14:31:07,2020-05-12 15:41:28
88,0,307,2020-05-12 14:31:17,2020-05-12 14:35:26
71,0,404,2020-05-12 14:31:22,2020-05-12 14:31:49
32,0,0,2020-05-12 14:31:22,2020-05-12 14:43:09
147,0,326,2020-05-12 14:31:28,2020-05-12 14:32:21
15,27,0,2020-05-12 14:31:40,2020-05-12 14:35:08
53,0,0,2020-05-12 14:31:46,2020-05-12 14:39:10
145,130,301,2020-05-12 14:31:47,2020-05-12 14:31:59
131,96,326,2020-05-12 14:31:48,2020-05-12 14:32:35
71,0,403,2020-05-12 14:31:49,2020-05-12 14:32:09
95,0,0,2020-05-12 14:31:51,2020-05-12 14:41:58
145,130,401,2020-05-12 14:31:59,2020-05-12 14:32:12
149,0,0,2020-05-12 14:32:00,2020-05-12 14:35:02
22,0,320,2020-05-12 14:32:05,2020-05-12 14:32:26
71,0,402,2020-05-12 14:32:09,2020-05-12 14:32:26
145,130,402,2020-05-12 14:32:12,2020-05-12 14:32:36
147,0,0,2020-05-12 14:32:21,2020-05-12 14:34:40
78,26,0,2020-05-12 14:32:24,2020-05-12 14:34:49
71,0,401,2020-05-12 14:32:26,2020-05-12 14:32:39
22,0,326,2020-05-12 14:32:26,2020-05-12 14:33:10
131,96,102,2020-05-12 14:32:35,2020-05-12 14:34:07
145,130,403,2020-05-12 14:32:36,2020-05-12 14:33:56
71,0,301,2020-05-12 14:32:39,2020-05-12 14:34:54
158,137,301,2020-05-12 14:32:43,2020-05-12 14:32:53
158,137,401,2020-05-12 14:32:53,2020-05-12 14:33:04
31,0,0,2020-05-12 14:32:57,2020-05-12 14:44:28
151,0,0,2020-05-12 14:33:00,2020-05-12 14:43:25
158,137,402,2020-05-12 14:33:04,2020-05-12 14:33:29
22,0,0,2020-05-12 14:33:10,2020-05-12 14:40:23
138,0,143,2020-05-12 14:33:15,2020-05-12 14:33:59
158,137,403,2020-05-12 14:33:29,2020-05-12 14:34:14
117,0,222,2020-05-12 14:33:40,2020-05-12 14:34:10
145,130,412,2020-05-12 14:33:56,2020-05-12 14:35:20
138,0,320,2020-05-12 14:33:59,2020-05-12 14:34:21
131,96,321,2020-05-12 14:34:07,2020-05-12 14:36:47
117,0,404,2020-05-12 14:34:10,2020-05-12 14:34:37
158,137,404,2020-05-12 14:34:14,2020-05-12 14:34:48
129,0,0,2020-05-12 14:34:14,2020-05-12 14:42:49
59,75,159,2020-05-12 14:34:17,2020-05-12 14:34:53
138,0,326,2020-05-12 14:34:21,2020-05-12 14:34:58
153,0,0,2020-05-12 14:34:31,2020-05-12 14:45:24
144,0,220,2020-05-12 14:34:36,2020-05-12 14:34:54
117,0,403,2020-05-12 14:34:37,2020-05-12 14:34:57
147,0,0,2020-05-12 14:34:40,2020-05-12 14:43:04
1,0,0,2020-05-12 14:34:46,2020-05-12 14:42:48
158,137,224,2020-05-12 14:34:48,2020-05-12 16:29:19
130,0,0,2020-05-12 14:34:49,2020-05-12 14:37:32
78,26,325,2020-05-12 14:34:49,2020-05-12 14:36:19
27,0,0,2020-05-12 14:34:51,2020-05-12 14:45:08
59,75,309,2020-05-12 14:34:53,2020-05-12 14:35:24
144,0,403,2020-05-12 14:34:54,2020-05-12 14:35:19
71,0,0,2020-05-12 14:34:54,2020-05-12 14:41:06
117,0,402,2020-05-12 14:34:57,2020-05-12 14:35:14
138,0,0,2020-05-12 14:34:58,2020-05-12 14:42:37
108,129,312,2020-05-12 14:34:59,2020-05-12 14:35:42
149,0,0,2020-05-12 14:35:02,2020-05-12 14:45:46
15,27,301,2020-05-12 14:35:08,2020-05-12 14:35:18
117,0,401,2020-05-12 14:35:14,2020-05-12 14:35:27
15,27,401,2020-05-12 14:35:18,2020-05-12 14:35:38
144,0,402,2020-05-12 14:35:19,2020-05-12 14:35:34
145,130,415,2020-05-12 14:35:20,2020-05-12 14:35:54
59,75,308,2020-05-12 14:35:24,2020-05-12 14:36:27
88,0,0,2020-05-12 14:35:26,2020-05-12 14:38:26
117,0,301,2020-05-12 14:35:27,2020-05-12 14:37:42
143,0,0,2020-05-12 14:35:27,2020-05-12 14:45:59
98,0,158,2020-05-12 14:35:30,2020-05-12 14:35:50
144,0,401,2020-05-12 14:35:34,2020-05-12 14:35:43
79,0,0,2020-05-12 14:35:37,2020-05-12 14:47:39
15,27,402,2020-05-12 14:35:38,2020-05-12 14:36:05
108,129,308,2020-05-12 14:35:42,2020-05-12 14:36:23
144,0,301,2020-05-12 14:35:43,2020-05-12 14:38:51
154,135,0,2020-05-12 14:35:45,2020-05-12 14:36:30
106,0,0,2020-05-12 14:35:49,2020-05-12 14:45:35
98,0,309,2020-05-12 14:35:50,2020-05-12 14:36:22
145,130,241,2020-05-12 14:35:54,2020-05-12 16:13:20
139,0,0,2020-05-12 14:35:57,2020-05-12 14:46:21
15,27,403,2020-05-12 14:36:05,2020-05-12 14:36:39
114,0,0,2020-05-12 14:36:18,2020-05-12 14:39:07
78,26,421,2020-05-12 14:36:19,2020-05-12 14:36:42
34,0,168,2020-05-12 14:36:21,2020-05-12 14:36:39
98,0,308,2020-05-12 14:36:22,2020-05-12 14:37:07
100,0,0,2020-05-12 14:36:23,2020-05-12 14:44:56
108,129,309,2020-05-12 14:36:23,2020-05-12 14:36:56
59,75,312,2020-05-12 14:36:27,2020-05-12 14:36:35
154,135,326,2020-05-12 14:36:30,2020-05-12 14:36:49
123,122,132,2020-05-12 14:36:32,2020-05-12 14:36:48
81,0,0,2020-05-12 14:36:33,2020-05-12 14:45:44
59,75,409,2020-05-12 14:36:35,2020-05-12 14:37:01
15,27,404,2020-05-12 14:36:39,2020-05-12 14:37:02
34,0,322,2020-05-12 14:36:39,2020-05-12 14:37:23
78,26,419,2020-05-12 14:36:42,2020-05-12 14:36:49
131,96,322,2020-05-12 14:36:47,2020-05-12 14:37:15
123,122,302,2020-05-12 14:36:48,2020-05-12 14:37:04
78,26,418,2020-05-12 14:36:49,2020-05-12 14:37:24
154,135,320,2020-05-12 14:36:49,2020-05-12 14:38:04
108,129,151,2020-05-12 14:36:56,2020-05-12 18:11:27
59,75,407,2020-05-12 14:37:01,2020-05-12 14:37:33
15,27,405,2020-05-12 14:37:02,2020-05-12 14:37:18
123,122,303,2020-05-12 14:37:04,2020-05-12 14:38:41
98,0,307,2020-05-12 14:37:07,2020-05-12 14:41:16
8,23,0,2020-05-12 14:37:12,2020-05-12 14:37:59
89,0,0,2020-05-12 14:37:13,2020-05-12 14:46:55
131,96,323,2020-05-12 14:37:15,2020-05-12 14:38:20
15,27,209,2020-05-12 14:37:18,2020-05-12 17:40:16
34,0,325,2020-05-12 14:37:23,2020-05-12 14:42:41
78,26,254,2020-05-12 14:37:24,2020-05-12 16:15:27
9,80,0,2020-05-12 14:37:30,2020-05-12 14:40:06
85,21,0,2020-05-12 14:37:31,2020-05-12 14:38:23
130,129,0,2020-05-12 14:37:32,2020-05-12 14:42:58
59,75,406,2020-05-12 14:37:33,2020-05-12 14:38:30
117,0,0,2020-05-12 14:37:42,2020-05-12 14:42:38
8,23,326,2020-05-12 14:37:59,2020-05-12 14:38:21
28,0,213,2020-05-12 14:38:01,2020-05-12 14:38:43
154,135,315,2020-05-12 14:38:04,2020-05-12 14:38:40
101,0,0,2020-05-12 14:38:09,2020-05-12 14:46:46
6,0,0,2020-05-12 14:38:10,2020-05-12 14:49:08
92,0,122,2020-05-12 14:38:11,2020-05-12 14:38:38
27,0,0,2020-05-12 14:38:15,2020-05-12 14:47:41
131,96,170,2020-05-12 14:38:20,2020-05-12 16:52:31
8,23,320,2020-05-12 14:38:21,2020-05-12 14:39:36
85,21,326,2020-05-12 14:38:23,2020-05-12 14:38:47
88,0,0,2020-05-12 14:38:26,2020-05-12 14:47:58
73,0,222,2020-05-12 14:38:28,2020-05-12 14:38:58
59,75,405,2020-05-12 14:38:30,2020-05-12 14:38:43
7,25,171,2020-05-12 14:38:33,2020-05-12 14:38:47
92,0,302,2020-05-12 14:38:38,2020-05-12 14:39:12
154,135,117,2020-05-12 14:38:40,2020-05-12 17:32:05
123,122,315,2020-05-12 14:38:41,2020-05-12 14:39:13
59,75,225,2020-05-12 14:38:43,2020-05-12 17:46:52
28,0,406,2020-05-12 14:38:43,2020-05-12 14:39:33
7,25,322,2020-05-12 14:38:47,2020-05-12 14:39:34
85,21,320,2020-05-12 14:38:47,2020-05-12 14:39:55
20,0,171,2020-05-12 14:38:51,2020-05-12 14:39:07
144,0,0,2020-05-12 14:38:51,2020-05-12 14:45:44
73,0,404,2020-05-12 14:38:58,2020-05-12 14:39:25
141,126,0,2020-05-12 14:39:03,2020-05-12 14:45:09
20,0,322,2020-05-12 14:39:07,2020-05-12 14:40:06
114,104,0,2020-05-12 14:39:07,2020-05-12 14:44:33
53,0,0,2020-05-12 14:39:10,2020-05-12 14:51:42
92,0,301,2020-05-12 14:39:12,2020-05-12 14:41:47
123,122,316,2020-05-12 14:39:13,2020-05-12 14:39:33
73,0,403,2020-05-12 14:39:25,2020-05-12 14:39:45
28,0,405,2020-05-12 14:39:33,2020-05-12 14:40:03
123,122,118,2020-05-12 14:39:33,2020-05-12 16:51:18
7,25,319,2020-05-12 14:39:34,2020-05-12 14:40:17
8,23,315,2020-05-12 14:39:36,2020-05-12 14:39:52
73,0,402,2020-05-12 14:39:45,2020-05-12 14:40:02
8,23,314,2020-05-12 14:39:52,2020-05-12 14:40:07
85,21,315,2020-05-12 14:39:55,2020-05-12 14:41:17
73,0,401,2020-05-12 14:40:02,2020-05-12 14:40:15
111,0,0,2020-05-12 14:40:03,2020-05-12 14:48:32
28,0,404,2020-05-12 14:40:03,2020-05-12 14:40:39
113,0,0,2020-05-12 14:40:04,2020-05-12 14:50:38
20,0,325,2020-05-12 14:40:06,2020-05-12 14:45:15
9,80,301,2020-05-12 14:40:06,2020-05-12 14:40:18
8,23,103,2020-05-12 14:40:07,2020-05-12 15:29:06
73,0,301,2020-05-12 14:40:15,2020-05-12 14:42:30
7,25,318,2020-05-12 14:40:17,2020-05-12 14:40:43
9,80,401,2020-05-12 14:40:18,2020-05-12 14:40:37
22,0,0,2020-05-12 14:40:23,2020-05-12 14:50:29
9,80,218,2020-05-12 14:40:37,2020-05-12 16:29:41
28,0,403,2020-05-12 14:40:39,2020-05-12 14:41:05
7,25,308,2020-05-12 14:40:43,2020-05-12 14:41:33
133,0,221,2020-05-12 14:40:51,2020-05-12 14:41:11
10,0,0,2020-05-12 14:40:52,2020-05-12 14:51:33
125,0,102,2020-05-12 14:40:54,2020-05-12 14:41:21
28,0,402,2020-05-12 14:41:05,2020-05-12 14:41:20
71,0,0,2020-05-12 14:41:06,2020-05-12 14:50:08
133,0,403,2020-05-12 14:41:11,2020-05-12 14:41:36
16,0,227,2020-05-12 14:41:15,2020-05-12 14:41:43
98,0,0,2020-05-12 14:41:16,2020-05-12 14:46:21
85,21,303,2020-05-12 14:41:17,2020-05-12 14:41:38
28,0,401,2020-05-12 14:41:20,2020-05-12 14:41:32
125,0,326,2020-05-12 14:41:21,2020-05-12 14:42:15
28,0,301,2020-05-12 14:41:32,2020-05-12 14:44:48
7,25,307,2020-05-12 14:41:33,2020-05-12 14:42:14
133,0,402,2020-05-12 14:41:36,2020-05-12 14:41:59
85,21,123,2020-05-12 14:41:38,2020-05-12 17:44:19
16,0,406,2020-05-12 14:41:43,2020-05-12 14:42:31
49,0,121,2020-05-12 14:41:45,2020-05-12 14:42:03
92,0,0,2020-05-12 14:41:47,2020-05-12 14:47:36
95,0,0,2020-05-12 14:41:58,2020-05-12 14:50:50
133,0,401,2020-05-12 14:41:59,2020-05-12 14:42:08
49,0,302,2020-05-12 14:42:03,2020-05-12 14:42:28
133,0,301,2020-05-12 14:42:08,2020-05-12 14:46:26
7,25,306,2020-05-12 14:42:14,2020-05-12 14:42:47
125,0,0,2020-05-12 14:42:15,2020-05-12 14:50:24
49,0,301,2020-05-12 14:42:28,2020-05-12 14:45:35
73,0,0,2020-05-12 14:42:30,2020-05-12 14:46:36
16,0,405,2020-05-12 14:42:31,2020-05-12 14:42:55
46,0,127,2020-05-12 14:42:32,2020-05-12 14:43:02
138,0,0,2020-05-12 14:42:37,2020-05-12 14:53:29
117,0,0,2020-05-12 14:42:38,2020-05-12 14:52:56
34,0,0,2020-05-12 14:42:41,2020-05-12 14:47:34
7,25,128,2020-05-12 14:42:47,2020-05-12 17:34:19
1,0,0,2020-05-12 14:42:48,2020-05-12 14:54:41
129,0,0,2020-05-12 14:42:49,2020-05-12 14:52:12
16,0,404,2020-05-12 14:42:55,2020-05-12 14:43:42
130,129,325,2020-05-12 14:42:58,2020-05-12 14:44:58
46,0,305,2020-05-12 14:43:02,2020-05-12 14:43:29
147,0,0,2020-05-12 14:43:04,2020-05-12 14:52:15
18,0,253,2020-05-12 14:43:05,2020-05-12 14:43:44
32,0,0,2020-05-12 14:43:09,2020-05-12 14:53:19
151,0,0,2020-05-12 14:43:25,2020-05-12 14:53:59
46,0,304,2020-05-12 14:43:29,2020-05-12 14:44:03
56,0,152,2020-05-12 14:43:39,2020-05-12 14:44:41
16,0,403,2020-05-12 14:43:42,2020-05-12 14:44:06
18,0,419,2020-05-12 14:43:44,2020-05-12 14:44:09
46,0,303,2020-05-12 14:44:03,2020-05-12 14:44:19
103,0,145,2020-05-12 14:44:05,2020-05-12 14:45:09
16,0,402,2020-05-12 14:44:06,2020-05-12 14:44:27
18,0,421,2020-05-12 14:44:09,2020-05-12 14:46:09
109,0,104,2020-05-12 14:44:10,2020-05-12 14:44:37
46,0,302,2020-05-12 14:44:19,2020-05-12 14:44:47
16,0,401,2020-05-12 14:44:27,2020-05-12 14:44:36
31,0,0,2020-05-12 14:44:28,2020-05-12 14:56:15
114,104,312,2020-05-12 14:44:33,2020-05-12 14:45:18
16,0,301,2020-05-12 14:44:36,2020-05-12 14:47:45
109,0,315,2020-05-12 14:44:37,2020-05-12 14:45:59
160,0,243,2020-05-12 14:44:41,2020-05-12 14:45:20
56,0,310,2020-05-12 14:44:41,2020-05-12 14:44:51
46,0,301,2020-05-12 14:44:47,2020-05-12 14:47:32
28,0,0,2020-05-12 14:44:48,2020-05-12 14:47:17
56,0,309,2020-05-12 14:44:51,2020-05-12 14:45:08
100,0,0,2020-05-12 14:44:56,2020-05-12 14:56:18
130,129,421,2020-05-12 14:44:58,2020-05-12 14:45:55
56,0,308,2020-05-12 14:45:08,2020-05-12 14:46:05
27,0,0,2020-05-12 14:45:08,2020-05-12 14:54:56
141,126,325,2020-05-12 14:45:09,2020-05-12 14:46:20
103,0,320,2020-05-12 14:45:09,2020-05-12 14:45:32
20,0,0,2020-05-12 14:45:15,2020-05-12 14:50:01
114,104,308,2020-05-12 14:45:18,2020-05-12 14:45:38
160,0,416,2020-05-12 14:45:20,2020-05-12 14:45:56
153,0,0,2020-05-12 14:45:24,2020-05-12 14:56:35
65,0,172,2020-05-12 14:45:26,2020-05-12 14:45:54
103,0,326,2020-05-12 14:45:32,2020-05-12 14:46:20
49,0,0,2020-05-12 14:45:35,2020-05-12 14:51:23
106,124,0,2020-05-12 14:45:35,2020-05-12 14:48:39
114,104,148,2020-05-12 14:45:38,2020-05-12 17:35:42
81,0,0,2020-05-12 14:45:44,2020-05-12 14:56:24
144,0,0,2020-05-12 14:45:44,2020-05-12 14:54:34
149,0,0,2020-05-12 14:45:46,2020-05-12 14:55:40
65,0,323,2020-05-12 14:45:54,2020-05-12 14:46:14
130,129,417,2020-05-12 14:45:55,2020-05-12 14:46:05
160,0,415,2020-05-12 14:45:56,2020-05-12 14:47:00
143,128,0,2020-05-12 14:45:59,2020-05-12 14:48:28
109,0,320,2020-05-12 14:45:59,2020-05-12 14:46:30
130,129,251,2020-05-12 14:46:05,2020-05-12 16:37:59
56,0,307,2020-05-12 14:46:05,2020-05-12 14:51:06
18,0,325,2020-05-12 14:46:09,2020-05-12 14:52:09
65,0,322,2020-05-12 14:46:14,2020-05-12 14:46:54
141,126,421,2020-05-12 14:46:20,2020-05-12 14:46:51
103,0,0,2020-05-12 14:46:20,2020-05-12 14:54:20
139,0,0,2020-05-12 14:46:21,2020-05-12 14:56:27
98,125,0,2020-05-12 14:46:21,2020-05-12 14:47:11
133,0,0,2020-05-12 14:46:26,2020-05-12 14:50:24
109,0,326,2020-05-12 14:46:30,2020-05-12 14:47:10
73,0,0,2020-05-12 14:46:36,2020-05-12 14:57:30
101,0,0,2020-05-12 14:46:46,2020-05-12 14:58:45
141,126,419,2020-05-12 14:46:51,2020-05-12 14:47:01
65,0,325,2020-05-12 14:46:54,2020-05-12 14:51:17
89,0,0,2020-05-12 14:46:55,2020-05-12 14:56:48
160,0,412,2020-05-12 14:47:00,2020-05-12 14:48:30
141,126,418,2020-05-12 14:47:01,2020-05-12 14:47:39
109,0,0,2020-05-12 14:47:10,2020-05-12 14:54:29
98,125,326,2020-05-12 14:47:11,2020-05-12 14:48:12
12,0,241,2020-05-12 14:47:11,2020-05-12 16:14:18
28,0,0,2020-05-12 14:47:17,2020-05-12 14:56:27
46,0,0,2020-05-12 14:47:32,2020-05-12 14:51:50
34,0,0,2020-05-12 14:47:34,2020-05-12 14:57:29
92,0,0,2020-05-12 14:47:36,2020-05-12 14:55:42
141,126,255,2020-05-12 14:47:39,2020-05-12 15:10:33
79,0,0,2020-05-12 14:47:39,2020-05-12 14:58:44
27,0,0,2020-05-12 14:47:41,2020-05-12 14:56:53
16,0,0,2020-05-12 14:47:45,2020-05-12 14:49:44
88,0,0,2020-05-12 14:47:58,2020-05-12 14:58:19
98,125,102,2020-05-12 14:48:12,2020-05-12 14:49:29
143,128,301,2020-05-12 14:48:28,2020-05-12 14:48:41
160,0,403,2020-05-12 14:48:30,2020-05-12 14:48:48
111,91,0,2020-05-12 14:48:32,2020-05-12 14:51:21
106,124,301,2020-05-12 14:48:39,2020-05-12 14:48:48
143,128,401,2020-05-12 14:48:41,2020-05-12 14:48:55
106,124,401,2020-05-12 14:48:48,2020-05-12 14:49:05
160,0,402,2020-05-12 14:48:48,2020-05-12 14:48:56
143,128,402,2020-05-12 14:48:55,2020-05-12 14:49:23
160,0,401,2020-05-12 14:48:56,2020-05-12 14:49:06
106,124,402,2020-05-12 14:49:05,2020-05-12 14:49:29
160,0,301,2020-05-12 14:49:06,2020-05-12 14:50:58
6,0,0,2020-05-12 14:49:08,2020-05-12 14:58:43
143,128,403,2020-05-12 14:49:23,2020-05-12 14:49:58
106,124,403,2020-05-12 14:49:29,2020-05-12 14:50:25
98,125,321,2020-05-12 14:49:29,2020-05-12 14:52:53
134,0,121,2020-05-12 14:49:41,2020-05-12 14:49:59
16,0,0,2020-05-12 14:49:44,2020-05-12 15:00:16
143,128,404,2020-05-12 14:49:58,2020-05-12 14:50:28
146,0,217,2020-05-12 14:49:59,2020-05-12 14:51:25
134,0,302,2020-05-12 14:49:59,2020-05-12 14:50:24
20,142,0,2020-05-12 14:50:01,2020-05-12 15:00:39
71,0,0,2020-05-12 14:50:08,2020-05-12 14:59:56
134,0,301,2020-05-12 14:50:24,2020-05-12 14:53:31
125,0,0,2020-05-12 14:50:24,2020-05-12 15:00:12
133,0,0,2020-05-12 14:50:24,2020-05-12 14:58:48
106,124,412,2020-05-12 14:50:25,2020-05-12 14:51:11
143,128,405,2020-05-12 14:50:28,2020-05-12 14:51:01
22,0,0,2020-05-12 14:50:29,2020-05-12 15:00:51
113,0,0,2020-05-12 14:50:38,2020-05-12 15:00:49
95,0,0,2020-05-12 14:50:50,2020-05-12 15:00:24
160,0,0,2020-05-12 14:50:58,2020-05-12 14:55:36
143,128,211,2020-05-12 14:51:01,2020-05-12 16:33:19
56,0,0,2020-05-12 14:51:06,2020-05-12 14:53:13
106,124,233,2020-05-12 14:51:11,2020-05-12 16:01:31
65,0,0,2020-05-12 14:51:17,2020-05-12 14:55:26
111,91,301,2020-05-12 14:51:21,2020-05-12 14:51:31
49,0,0,2020-05-12 14:51:23,2020-05-12 15:03:22
146,0,410,2020-05-12 14:51:25,2020-05-12 14:51:32
111,91,401,2020-05-12 14:51:31,2020-05-12 14:51:42
146,0,313,2020-05-12 14:51:32,2020-05-12 15:01:45
10,0,0,2020-05-12 14:51:33,2020-05-12 15:00:24
53,0,0,2020-05-12 14:51:42,2020-05-12 15:01:43
111,91,402,2020-05-12 14:51:42,2020-05-12 14:52:07
46,75,0,2020-05-12 14:51:50,2020-05-12 14:55:53
111,91,403,2020-05-12 14:52:07,2020-05-12 14:52:52
18,0,0,2020-05-12 14:52:09,2020-05-12 14:52:10
18,0,0,2020-05-12 14:52:10,2020-05-12 15:03:02
129,105,0,2020-05-12 14:52:12,2020-05-12 14:55:10
147,136,0,2020-05-12 14:52:15,2020-05-12 14:55:39
74,0,162,2020-05-12 14:52:24,2020-05-12 14:52:24
74,0,313,2020-05-12 14:52:24,2020-05-12 15:02:08
111,91,404,2020-05-12 14:52:52,2020-05-12 14:53:26
98,125,322,2020-05-12 14:52:53,2020-05-12 14:53:08
117,0,0,2020-05-12 14:52:56,2020-05-12 15:02:49
98,125,171,2020-05-12 14:53:08,2020-05-12 16:34:41
56,0,0,2020-05-12 14:53:13,2020-05-12 15:02:30
32,0,0,2020-05-12 14:53:19,2020-05-12 15:03:42
111,91,224,2020-05-12 14:53:26,2020-05-12 17:32:35
138,0,0,2020-05-12 14:53:29,2020-05-12 15:02:07
134,0,0,2020-05-12 14:53:31,2020-05-12 15:00:32
151,0,0,2020-05-12 14:53:59,2020-05-12 15:03:08
103,0,0,2020-05-12 14:54:20,2020-05-12 15:05:04
126,0,237,2020-05-12 14:54:23,2020-05-12 14:54:46
109,0,0,2020-05-12 14:54:29,2020-05-12 15:04:08
144,0,0,2020-05-12 14:54:34,2020-05-12 15:02:59
1,0,0,2020-05-12 14:54:41,2020-05-12 15:02:58
126,0,414,2020-05-12 14:54:46,2020-05-12 14:55:09
27,0,0,2020-05-12 14:54:56,2020-05-12 15:06:25
126,0,415,2020-05-12 14:55:09,2020-05-12 14:56:11
129,105,301,2020-05-12 14:55:10,2020-05-12 14:55:19
129,105,401,2020-05-12 14:55:19,2020-05-12 14:55:34
65,0,0,2020-05-12 14:55:26,2020-05-12 15:06:20
129,105,402,2020-05-12 14:55:34,2020-05-12 14:55:58
160,0,0,2020-05-12 14:55:36,2020-05-12 15:04:05
147,136,301,2020-05-12 14:55:39,2020-05-12 14:55:51
149,0,0,2020-05-12 14:55:40,2020-05-12 15:04:39
92,0,0,2020-05-12 14:55:42,2020-05-12 15:06:35
102,121,148,2020-05-12 14:55:46,2020-05-12 14:56:01
147,136,401,2020-05-12 14:55:51,2020-05-12 14:56:04
46,75,301,2020-05-12 14:55:53,2020-05-12 14:56:01
129,105,403,2020-05-12 14:55:58,2020-05-12 14:56:40
102,121,308,2020-05-12 14:56:01,2020-05-12 14:56:53
46,75,401,2020-05-12 14:56:01,2020-05-12 14:56:15
147,136,402,2020-05-12 14:56:04,2020-05-12 14:56:28
126,0,412,2020-05-12 14:56:11,2020-05-12 14:57:43
46,75,402,2020-05-12 14:56:15,2020-05-12 14:56:46
31,0,0,2020-05-12 14:56:15,2020-05-12 15:05:09
100,0,0,2020-05-12 14:56:18,2020-05-12 15:06:36
80,0,153,2020-05-12 14:56:23,2020-05-12 14:56:51
81,0,0,2020-05-12 14:56:24,2020-05-12 15:06:11
139,0,0,2020-05-12 14:56:27,2020-05-12 15:05:49
28,0,0,2020-05-12 14:56:27,2020-05-12 15:06:03
147,136,403,2020-05-12 14:56:28,2020-05-12 14:57:48
153,0,0,2020-05-12 14:56:35,2020-05-12 15:07:57
91,79,176,2020-05-12 14:56:39,2020-05-12 14:57:22
129,105,404,2020-05-12 14:56:40,2020-05-12 14:57:04
46,75,403,2020-05-12 14:56:46,2020-05-12 14:58:12
89,0,0,2020-05-12 14:56:48,2020-05-12 15:07:23
80,0,313,2020-05-12 14:56:51,2020-05-12 15:04:25
102,121,312,2020-05-12 14:56:53,2020-05-12 14:57:06
27,59,0,2020-05-12 14:56:53,2020-05-12 14:57:45
129,105,405,2020-05-12 14:57:04,2020-05-12 14:57:21
102,121,409,2020-05-12 14:57:06,2020-05-12 14:57:25
129,105,225,2020-05-12 14:57:21,2020-05-12 17:32:43
91,79,324,2020-05-12 14:57:22,2020-05-12 14:58:40
102,121,407,2020-05-12 14:57:25,2020-05-12 14:57:55
34,0,0,2020-05-12 14:57:29,2020-05-12 15:07:10
73,87,0,2020-05-12 14:57:30,2020-05-12 15:01:15
126,0,403,2020-05-12 14:57:43,2020-05-12 14:58:10
27,59,326,2020-05-12 14:57:45,2020-05-12 14:58:01
147,136,412,2020-05-12 14:57:48,2020-05-12 14:59:12
102,121,406,2020-05-12 14:57:55,2020-05-12 14:58:27
27,59,320,2020-05-12 14:58:01,2020-05-12 14:59:40
121,0,175,2020-05-12 14:58:07,2020-05-12 14:59:21
126,0,402,2020-05-12 14:58:10,2020-05-12 14:58:26
46,75,412,2020-05-12 14:58:12,2020-05-12 14:59:02
88,88,0,2020-05-12 14:58:19,2020-05-12 15:01:51
146,0,0,2020-05-12 14:58:25,2020-05-12 15:08:24
126,0,401,2020-05-12 14:58:26,2020-05-12 14:58:33
102,121,211,2020-05-12 14:58:27,2020-05-12 17:11:20
12,0,0,2020-05-12 14:58:31,2020-05-12 15:10:07
126,0,301,2020-05-12 14:58:33,2020-05-12 15:01:50
91,79,313,2020-05-12 14:58:40,2020-05-12 14:58:58
6,0,0,2020-05-12 14:58:43,2020-05-12 15:07:17
79,0,0,2020-05-12 14:58:44,2020-05-12 15:07:38
101,0,0,2020-05-12 14:58:45,2020-05-12 15:10:04
133,96,0,2020-05-12 14:58:48,2020-05-12 15:01:46
91,79,311,2020-05-12 14:58:58,2020-05-12 14:59:23
46,75,232,2020-05-12 14:59:02,2020-05-12 16:38:16
147,136,415,2020-05-12 14:59:12,2020-05-12 14:59:46
55,26,177,2020-05-12 14:59:13,2020-05-12 15:00:16
121,0,324,2020-05-12 14:59:21,2020-05-12 15:04:55
91,79,161,2020-05-12 14:59:23,2020-05-12 15:51:14
27,59,315,2020-05-12 14:59:40,2020-05-12 15:00:56
147,136,241,2020-05-12 14:59:46,2020-05-12 16:33:36
71,0,0,2020-05-12 14:59:56,2020-05-12 15:10:26
125,0,0,2020-05-12 15:00:12,2020-05-12 15:09:44
55,26,324,2020-05-12 15:00:16,2020-05-12 15:02:21
16,0,0,2020-05-12 15:00:16,2020-05-12 15:09:43
95,0,0,2020-05-12 15:00:24,2020-05-12 15:11:37
10,0,0,2020-05-12 15:00:24,2020-05-12 15:09:15
134,0,0,2020-05-12 15:00:32,2020-05-12 15:08:24
20,142,313,2020-05-12 15:00:39,2020-05-12 15:01:43
113,0,0,2020-05-12 15:00:49,2020-05-12 15:10:06
22,0,0,2020-05-12 15:00:51,2020-05-12 15:10:21
27,59,303,2020-05-12 15:00:56,2020-05-12 15:01:29
73,87,301,2020-05-12 15:01:15,2020-05-12 15:01:27
73,87,401,2020-05-12 15:01:27,2020-05-12 15:01:45
27,59,304,2020-05-12 15:01:29,2020-05-12 15:01:59
20,142,163,2020-05-12 15:01:43,2020-05-12 15:42:48
53,0,0,2020-05-12 15:01:43,2020-05-12 15:11:21
146,0,0,2020-05-12 15:01:45,2020-05-12 14:58:25
73,87,402,2020-05-12 15:01:45,2020-05-12 15:02:06
133,96,301,2020-05-12 15:01:46,2020-05-12 15:01:55
126,0,0,2020-05-12 15:01:50,2020-05-12 15:04:48
88,88,306,2020-05-12 15:01:51,2020-05-12 15:02:24
133,96,401,2020-05-12 15:01:55,2020-05-12 15:02:10
27,59,305,2020-05-12 15:01:59,2020-05-12 15:02:18
73,87,403,2020-05-12 15:02:06,2020-05-12 15:02:43
138,0,0,2020-05-12 15:02:07,2020-05-12 15:12:31
74,0,0,2020-05-12 15:02:08,2020-05-12 15:02:54
133,96,402,2020-05-12 15:02:10,2020-05-12 15:02:34
27,59,137,2020-05-12 15:02:18,2020-05-12 14:23:21
55,26,313,2020-05-12 15:02:21,2020-05-12 15:02:56
88,88,128,2020-05-12 15:02:24,2020-05-12 16:41:25
56,0,0,2020-05-12 15:02:30,2020-05-12 15:14:12
133,96,403,2020-05-12 15:02:34,2020-05-12 15:03:16
73,87,404,2020-05-12 15:02:43,2020-05-12 15:03:07
117,0,0,2020-05-12 15:02:49,2020-05-12 15:14:01
74,31,0,2020-05-12 15:02:54,2020-05-12 15:03:25
55,26,153,2020-05-12 15:02:56,2020-05-12 17:34:01
1,0,0,2020-05-12 15:02:58,2020-05-12 15:12:55
144,0,0,2020-05-12 15:02:59,2020-05-12 15:11:41
18,36,0,2020-05-12 15:03:02,2020-05-12 15:07:46
67,0,141,2020-05-12 15:03:07,2020-05-12 15:03:34
73,87,405,2020-05-12 15:03:07,2020-05-12 15:03:32
151,0,0,2020-05-12 15:03:08,2020-05-12 15:13:54
150,0,141,2020-05-12 15:03:14,2020-05-12 15:03:41
133,96,404,2020-05-12 15:03:16,2020-05-12 15:03:40
49,0,0,2020-05-12 15:03:22,2020-05-12 15:13:51
74,31,326,2020-05-12 15:03:25,2020-05-12 15:03:47
73,87,210,2020-05-12 15:03:32,2020-05-12 15:44:30
67,0,306,2020-05-12 15:03:34,2020-05-12 15:09:41
54,48,168,2020-05-12 15:03:40,2020-05-12 15:03:56
133,96,405,2020-05-12 15:03:40,2020-05-12 15:03:57
150,0,306,2020-05-12 15:03:41,2020-05-12 15:09:48
32,0,0,2020-05-12 15:03:42,2020-05-12 15:12:06
74,31,320,2020-05-12 15:03:47,2020-05-12 15:05:05
54,48,319,2020-05-12 15:03:56,2020-05-12 15:04:40
133,96,225,2020-05-12 15:03:57,2020-05-12 17:44:38
14,0,251,2020-05-12 15:03:57,2020-05-12 15:04:08
160,134,0,2020-05-12 15:04:05,2020-05-12 15:07:30
109,95,0,2020-05-12 15:04:08,2020-05-12 15:12:04
14,0,417,2020-05-12 15:04:08,2020-05-12 15:05:28
80,0,0,2020-05-12 15:04:25,2020-05-12 15:06:42
149,131,0,2020-05-12 15:04:39,2020-05-12 15:07:39
54,48,318,2020-05-12 15:04:40,2020-05-12 15:05:19
126,0,0,2020-05-12 15:04:48,2020-05-12 15:15:38
121,0,0,2020-05-12 15:04:55,2020-05-12 15:08:20
103,0,0,2020-05-12 15:05:04,2020-05-12 15:15:32
74,31,315,2020-05-12 15:05:05,2020-05-12 15:05:31
31,0,0,2020-05-12 15:05:09,2020-05-12 15:15:25
54,48,308,2020-05-12 15:05:19,2020-05-12 15:05:33
14,0,421,2020-05-12 15:05:28,2020-05-12 15:07:09
74,31,316,2020-05-12 15:05:31,2020-05-12 15:05:59
54,48,309,2020-05-12 15:05:33,2020-05-12 15:05:39
54,48,310,2020-05-12 15:05:39,2020-05-12 15:06:36
139,0,0,2020-05-12 15:05:49,2020-05-12 15:15:14
74,31,106,2020-05-12 15:05:59,2020-05-12 17:05:14
28,78,0,2020-05-12 15:06:03,2020-05-12 15:09:25
81,0,0,2020-05-12 15:06:11,2020-05-12 15:15:37
65,0,0,2020-05-12 15:06:20,2020-05-12 15:15:38
27,0,0,2020-05-12 15:06:25,2020-05-12 15:17:25
92,0,0,2020-05-12 15:06:35,2020-05-12 15:14:46
54,48,311,2020-05-12 15:06:36,2020-05-12 15:06:58
100,112,0,2020-05-12 15:06:36,2020-05-12 15:09:05
80,0,0,2020-05-12 15:06:42,2020-05-12 15:17:31
54,48,162,2020-05-12 15:06:58,2020-05-12 18:02:13
33,0,175,2020-05-12 15:07:08,2020-05-12 15:08:22
14,0,325,2020-05-12 15:07:09,2020-05-12 15:13:59
34,0,0,2020-05-12 15:07:10,2020-05-12 15:18:32
132,0,111,2020-05-12 15:07:13,2020-05-12 15:07:27
6,0,0,2020-05-12 15:07:17,2020-05-12 15:16:50
89,11,0,2020-05-12 15:07:23,2020-05-12 15:09:52
63,80,216,2020-05-12 15:07:24,2020-05-12 15:08:07
132,0,314,2020-05-12 15:07:27,2020-05-12 15:07:57
160,134,301,2020-05-12 15:07:30,2020-05-12 15:07:42
79,0,0,2020-05-12 15:07:38,2020-05-12 15:18:42
149,131,301,2020-05-12 15:07:39,2020-05-12 15:08:08
160,134,131,2020-05-12 15:07:42,2020-05-12 17:26:14
18,36,325,2020-05-12 15:07:46,2020-05-12 15:08:59
132,0,315,2020-05-12 15:07:57,2020-05-12 15:09:24
153,0,0,2020-05-12 15:07:57,2020-05-12 15:19:47
63,80,407,2020-05-12 15:08:07,2020-05-12 15:08:32
149,131,302,2020-05-12 15:08:08,2020-05-12 15:08:22
121,0,0,2020-05-12 15:08:20,2020-05-12 15:17:46
33,0,324,2020-05-12 15:08:22,2020-05-12 15:13:56
149,131,132,2020-05-12 15:08:22,2020-05-12 16:28:34
134,0,0,2020-05-12 15:08:24,2020-05-12 15:19:04
146,0,0,2020-05-12 15:08:24,2020-05-12 15:19:26
63,80,409,2020-05-12 15:08:32,2020-05-12 15:08:42
63,80,312,2020-05-12 15:08:42,2020-05-12 15:09:02
110,0,238,2020-05-12 15:08:44,2020-05-12 15:09:01
18,36,421,2020-05-12 15:08:59,2020-05-12 15:09:22
110,0,414,2020-05-12 15:09:01,2020-05-12 15:09:27
63,80,307,2020-05-12 15:09:02,2020-05-12 15:09:45
100,112,301,2020-05-12 15:09:05,2020-05-12 15:09:18
10,0,0,2020-05-12 15:09:15,2020-05-12 15:19:19
100,112,401,2020-05-12 15:09:18,2020-05-12 15:09:32
18,36,419,2020-05-12 15:09:22,2020-05-12 15:10:06
132,0,320,2020-05-12 15:09:24,2020-05-12 15:09:45
28,78,301,2020-05-12 15:09:25,2020-05-12 15:09:33
110,0,415,2020-05-12 15:09:27,2020-05-12 15:10:25
100,112,402,2020-05-12 15:09:32,2020-05-12 15:10:00
28,78,401,2020-05-12 15:09:33,2020-05-12 15:09:44
67,0,0,2020-05-12 15:09:41,2020-05-12 15:13:53
16,0,0,2020-05-12 15:09:43,2020-05-12 15:19:46
125,0,0,2020-05-12 15:09:44,2020-05-12 15:20:29
28,78,402,2020-05-12 15:09:44,2020-05-12 15:10:01
63,80,306,2020-05-12 15:09:45,2020-05-12 15:10:32
132,0,326,2020-05-12 15:09:45,2020-05-12 15:10:29
150,0,0,2020-05-12 15:09:48,2020-05-12 15:13:03
89,11,301,2020-05-12 15:09:52,2020-05-12 15:10:00
100,112,403,2020-05-12 15:10:00,2020-05-12 15:10:35
89,11,401,2020-05-12 15:10:00,2020-05-12 15:10:18
28,78,202,2020-05-12 15:10:01,2020-05-12 15:43:33
101,0,0,2020-05-12 15:10:04,2020-05-12 15:20:46
18,36,253,2020-05-12 15:10:06,2020-05-12 16:00:17
113,0,0,2020-05-12 15:10:06,2020-05-12 15:20:32
12,18,0,2020-05-12 15:10:07,2020-05-12 15:13:35
89,11,402,2020-05-12 15:10:18,2020-05-12 15:10:46
22,0,0,2020-05-12 15:10:21,2020-05-12 15:19:45
110,0,412,2020-05-12 15:10:25,2020-05-12 15:11:43
71,0,0,2020-05-12 15:10:26,2020-05-12 15:19:26
132,0,0,2020-05-12 15:10:29,2020-05-12 15:16:09
63,80,305,2020-05-12 15:10:32,2020-05-12 15:11:17
141,125,255,2020-05-12 15:10:33,2020-05-12 15:11:31
100,112,404,2020-05-12 15:10:35,2020-05-12 15:11:05
61,79,209,2020-05-12 15:10:36,2020-05-12 15:10:50
89,11,403,2020-05-12 15:10:46,2020-05-12 15:11:33
61,79,405,2020-05-12 15:10:50,2020-05-12 15:11:35
100,112,405,2020-05-12 15:11:05,2020-05-12 15:11:38
63,80,125,2020-05-12 15:11:17,2020-05-12 18:48:10
53,0,0,2020-05-12 15:11:21,2020-05-12 15:22:29
141,125,418,2020-05-12 15:11:31,2020-05-12 15:11:40
89,11,206,2020-05-12 15:11:33,2020-05-12 15:36:27
61,79,406,2020-05-12 15:11:35,2020-05-12 15:12:02
95,0,0,2020-05-12 15:11:37,2020-05-12 15:22:09
100,112,211,2020-05-12 15:11:38,2020-05-12 18:35:59
141,125,419,2020-05-12 15:11:40,2020-05-12 15:12:06
144,0,0,2020-05-12 15:11:41,2020-05-12 15:21:01
110,0,403,2020-05-12 15:11:43,2020-05-12 15:12:17
61,79,407,2020-05-12 15:12:02,2020-05-12 15:12:21
109,95,312,2020-05-12 15:12:04,2020-05-12 15:13:02
141,125,421,2020-05-12 15:12:06,2020-05-12 15:14:04
32,0,0,2020-05-12 15:12:06,2020-05-12 15:20:50
14,0,0,2020-05-12 15:12:08,2020-05-12 15:20:47
110,0,402,2020-05-12 15:12:17,2020-05-12 15:12:29
61,79,409,2020-05-12 15:12:21,2020-05-12 15:12:28
61,79,312,2020-05-12 15:12:28,2020-05-12 15:12:43
110,0,401,2020-05-12 15:12:29,2020-05-12 15:12:39
137,0,247,2020-05-12 15:12:29,2020-05-12 15:12:57
138,0,0,2020-05-12 15:12:31,2020-05-12 15:24:31
110,0,301,2020-05-12 15:12:39,2020-05-12 15:16:42
61,79,307,2020-05-12 15:12:43,2020-05-12 15:13:31
107,0,153,2020-05-12 15:12:53,2020-05-12 15:13:21
1,0,0,2020-05-12 15:12:55,2020-05-12 15:24:02
137,0,414,2020-05-12 15:12:57,2020-05-12 15:13:26
109,95,308,2020-05-12 15:13:02,2020-05-12 15:13:27
150,0,0,2020-05-12 15:13:03,2020-05-12 15:22:27
148,0,176,2020-05-12 15:13:08,2020-05-12 15:14:15
107,0,313,2020-05-12 15:13:21,2020-05-12 15:20:55
137,0,415,2020-05-12 15:13:26,2020-05-12 15:14:14
109,95,309,2020-05-12 15:13:27,2020-05-12 15:13:33
61,79,306,2020-05-12 15:13:31,2020-05-12 15:14:12
109,95,310,2020-05-12 15:13:33,2020-05-12 15:14:40
12,18,301,2020-05-12 15:13:35,2020-05-12 15:13:45
12,18,401,2020-05-12 15:13:45,2020-05-12 15:14:05
49,0,0,2020-05-12 15:13:51,2020-05-12 15:24:39
67,11,0,2020-05-12 15:13:53,2020-05-12 15:16:44
151,140,0,2020-05-12 15:13:54,2020-05-12 15:16:55
33,0,0,2020-05-12 15:13:56,2020-05-12 15:17:41
14,0,0,2020-05-12 15:13:59,2020-05-12 15:12:08
117,128,0,2020-05-12 15:14:01,2020-05-12 15:18:43
141,125,325,2020-05-12 15:14:04,2020-05-12 15:14:50
12,18,402,2020-05-12 15:14:05,2020-05-12 15:14:32
56,0,0,2020-05-12 15:14:12,2020-05-12 15:23:17
61,79,127,2020-05-12 15:14:12,2020-05-12 17:54:50
137,0,412,2020-05-12 15:14:14,2020-05-12 15:15:40
148,0,324,2020-05-12 15:14:15,2020-05-12 15:20:35
12,18,403,2020-05-12 15:14:32,2020-05-12 15:15:06
109,95,311,2020-05-12 15:14:40,2020-05-12 15:15:03
92,0,0,2020-05-12 15:14:46,2020-05-12 15:23:32
141,125,322,2020-05-12 15:14:50,2020-05-12 15:15:10
109,95,153,2020-05-12 15:15:03,2020-05-12 16:53:35
12,18,404,2020-05-12 15:15:06,2020-05-12 15:15:29
141,125,323,2020-05-12 15:15:10,2020-05-12 15:15:31
139,0,0,2020-05-12 15:15:14,2020-05-12 15:24:02
31,0,0,2020-05-12 15:15:25,2020-05-12 15:24:48
12,18,405,2020-05-12 15:15:29,2020-05-12 15:15:45
141,125,172,2020-05-12 15:15:31,2020-05-12 16:40:45
103,0,0,2020-05-12 15:15:32,2020-05-12 15:26:18
116,0,249,2020-05-12 15:15:36,2020-05-12 15:16:05
81,0,0,2020-05-12 15:15:37,2020-05-12 15:25:01
65,0,0,2020-05-12 15:15:38,2020-05-12 15:25:01
126,0,0,2020-05-12 15:15:38,2020-05-12 15:28:12
137,0,403,2020-05-12 15:15:40,2020-05-12 15:16:02
12,18,209,2020-05-12 15:15:45,2020-05-12 17:35:16
84,0,228,2020-05-12 15:15:52,2020-05-12 15:16:07
137,0,402,2020-05-12 15:16:02,2020-05-12 15:16:17
116,0,415,2020-05-12 15:16:05,2020-05-12 15:17:53
84,0,406,2020-05-12 15:16:07,2020-05-12 15:16:52
132,0,0,2020-05-12 15:16:09,2020-05-12 15:26:32
137,0,401,2020-05-12 15:16:17,2020-05-12 15:16:30
137,0,301,2020-05-12 15:16:30,2020-05-12 15:18:39
110,0,0,2020-05-12 15:16:42,2020-05-12 15:18:24
67,11,301,2020-05-12 15:16:44,2020-05-12 15:16:54
6,0,0,2020-05-12 15:16:50,2020-05-12 15:27:09
84,0,405,2020-05-12 15:16:52,2020-05-12 15:17:32
67,11,401,2020-05-12 15:16:54,2020-05-12 15:17:13
151,140,301,2020-05-12 15:16:55,2020-05-12 15:17:06
97,106,205,2020-05-12 15:17:01,2020-05-12 15:17:38
151,140,401,2020-05-12 15:17:06,2020-05-12 15:17:21
67,11,402,2020-05-12 15:17:13,2020-05-12 15:17:42
151,140,402,2020-05-12 15:17:21,2020-05-12 15:17:48
27,0,0,2020-05-12 15:17:25,2020-05-12 15:26:37
80,0,0,2020-05-12 15:17:31,2020-05-12 15:26:47
84,0,404,2020-05-12 15:17:32,2020-05-12 15:18:20
29,2,256,2020-05-12 15:17:32,2020-05-12 15:18:02
97,106,403,2020-05-12 15:17:38,2020-05-12 15:18:07
33,43,0,2020-05-12 15:17:41,2020-05-12 15:24:40
67,11,403,2020-05-12 15:17:42,2020-05-12 15:17:52
121,0,0,2020-05-12 15:17:46,2020-05-12 15:26:11
151,140,403,2020-05-12 15:17:48,2020-05-12 15:18:36
67,11,204,2020-05-12 15:17:52,2020-05-12 16:34:43
116,0,412,2020-05-12 15:17:53,2020-05-12 15:18:58
29,2,418,2020-05-12 15:18:02,2020-05-12 15:20:12
97,106,404,2020-05-12 15:18:07,2020-05-12 15:18:35
84,0,403,2020-05-12 15:18:20,2020-05-12 15:18:46
110,93,0,2020-05-12 15:18:24,2020-05-12 15:21:08
34,0,0,2020-05-12 15:18:32,2020-05-12 15:28:49
97,106,405,2020-05-12 15:18:35,2020-05-12 15:19:31
151,140,404,2020-05-12 15:18:36,2020-05-12 15:18:55
137,0,0,2020-05-12 15:18:39,2020-05-12 15:21:20
79,0,0,2020-05-12 15:18:42,2020-05-12 15:29:05
117,128,301,2020-05-12 15:18:43,2020-05-12 15:18:53
84,0,402,2020-05-12 15:18:46,2020-05-12 15:19:00
117,128,401,2020-05-12 15:18:53,2020-05-12 15:19:03
151,140,405,2020-05-12 15:18:55,2020-05-12 15:19:45
116,0,403,2020-05-12 15:18:58,2020-05-12 15:19:26
84,0,401,2020-05-12 15:19:00,2020-05-12 15:19:11
117,128,402,2020-05-12 15:19:03,2020-05-12 15:19:24
134,0,0,2020-05-12 15:19:04,2020-05-12 15:30:52
84,0,301,2020-05-12 15:19:11,2020-05-12 15:22:28
10,0,0,2020-05-12 15:19:19,2020-05-12 15:28:18
117,128,403,2020-05-12 15:19:24,2020-05-12 15:20:03
116,0,402,2020-05-12 15:19:26,2020-05-12 15:19:36
71,0,0,2020-05-12 15:19:26,2020-05-12 15:29:06
146,0,0,2020-05-12 15:19:26,2020-05-12 15:28:55
97,106,406,2020-05-12 15:19:31,2020-05-12 15:20:12
116,0,401,2020-05-12 15:19:36,2020-05-12 15:19:46
135,126,111,2020-05-12 15:19:39,2020-05-12 15:19:50
151,140,406,2020-05-12 15:19:45,2020-05-12 15:20:16
22,0,0,2020-05-12 15:19:45,2020-05-12 15:26:55
116,0,301,2020-05-12 15:19:46,2020-05-12 15:22:23
16,0,0,2020-05-12 15:19:46,2020-05-12 15:29:03
153,0,0,2020-05-12 15:19:47,2020-05-12 15:30:56
135,126,314,2020-05-12 15:19:50,2020-05-12 15:20:11
117,128,404,2020-05-12 15:20:03,2020-05-12 15:20:30
135,126,315,2020-05-12 15:20:11,2020-05-12 15:21:11
97,106,407,2020-05-12 15:20:12,2020-05-12 15:20:30
29,2,409,2020-05-12 15:20:12,2020-05-12 15:20:22
151,140,407,2020-05-12 15:20:16,2020-05-12 15:21:15
29,2,312,2020-05-12 15:20:22,2020-05-12 15:20:49
125,0,0,2020-05-12 15:20:29,2020-05-12 15:32:22
97,106,409,2020-05-12 15:20:30,2020-05-12 15:22:21
117,128,222,2020-05-12 15:20:30,2020-05-12 16:32:23
113,0,0,2020-05-12 15:20:32,2020-05-12 15:30:36
128,0,168,2020-05-12 15:20:34,2020-05-12 15:20:52
148,0,0,2020-05-12 15:20:35,2020-05-12 15:24:21
101,0,0,2020-05-12 15:20:46,2020-05-12 15:30:53
14,0,0,2020-05-12 15:20:47,2020-05-12 15:30:53
29,2,307,2020-05-12 15:20:49,2020-05-12 15:21:45
32,0,0,2020-05-12 15:20:50,2020-05-12 15:30:31
128,0,322,2020-05-12 15:20:52,2020-05-12 15:21:36
107,0,0,2020-05-12 15:20:55,2020-05-12 15:21:41
144,0,0,2020-05-12 15:21:01,2020-05-12 15:29:54
110,93,301,2020-05-12 15:21:08,2020-05-12 15:21:22
135,126,303,2020-05-12 15:21:11,2020-05-12 15:21:26
151,140,214,2020-05-12 15:21:15,2020-05-12 16:39:47
137,0,0,2020-05-12 15:21:20,2020-05-12 15:31:07
110,93,401,2020-05-12 15:21:22,2020-05-12 15:21:41
135,126,304,2020-05-12 15:21:26,2020-05-12 15:21:57
128,0,325,2020-05-12 15:21:36,2020-05-12 15:26:54
107,0,0,2020-05-12 15:21:41,2020-05-12 15:32:46
110,93,402,2020-05-12 15:21:41,2020-05-12 15:22:06
29,2,141,2020-05-12 15:21:45,2020-05-12 16:01:08
135,126,305,2020-05-12 15:21:57,2020-05-12 15:22:14
62,0,172,2020-05-12 15:22:03,2020-05-12 15:22:31
110,93,403,2020-05-12 15:22:06,2020-05-12 15:23:26
69,0,135,2020-05-12 15:22:06,2020-05-12 15:22:26
95,20,0,2020-05-12 15:22:09,2020-05-12 15:30:05
135,126,137,2020-05-12 15:22:14,2020-05-12 16:24:32
97,106,418,2020-05-12 15:22:21,2020-05-12 15:23:01
116,0,0,2020-05-12 15:22:23,2020-05-12 15:26:22
69,0,304,2020-05-12 15:22:26,2020-05-12 15:22:50
150,132,0,2020-05-12 15:22:27,2020-05-12 15:27:39
84,0,0,2020-05-12 15:22:28,2020-05-12 15:25:44
53,0,0,2020-05-12 15:22:29,2020-05-12 15:32:14
62,0,323,2020-05-12 15:22:31,2020-05-12 15:22:51
69,0,303,2020-05-12 15:22:50,2020-05-12 15:23:09
62,0,322,2020-05-12 15:22:51,2020-05-12 15:23:31
97,106,255,2020-05-12 15:23:01,2020-05-12 16:31:59
69,0,302,2020-05-12 15:23:09,2020-05-12 15:23:31
72,57,241,2020-05-12 15:23:15,2020-05-12 16:14:18
56,68,0,2020-05-12 15:23:17,2020-05-12 15:24:00
110,93,412,2020-05-12 15:23:26,2020-05-12 15:24:27
69,0,301,2020-05-12 15:23:31,2020-05-12 15:26:36
62,0,325,2020-05-12 15:23:31,2020-05-12 15:27:54
92,0,0,2020-05-12 15:23:32,2020-05-12 15:33:14
56,68,326,2020-05-12 15:24:00,2020-05-12 15:24:20
1,0,0,2020-05-12 15:24:02,2020-05-12 15:33:35
139,0,0,2020-05-12 15:24:02,2020-05-12 15:34:57
56,68,320,2020-05-12 15:24:20,2020-05-12 15:25:10
148,0,0,2020-05-12 15:24:21,2020-05-12 15:34:39
110,93,415,2020-05-12 15:24:27,2020-05-12 15:25:08
138,108,0,2020-05-12 15:24:31,2020-05-12 15:27:54
49,0,0,2020-05-12 15:24:39,2020-05-12 15:33:09
33,43,313,2020-05-12 15:24:40,2020-05-12 15:24:40
33,43,162,2020-05-12 15:24:40,2020-05-12 17:16:08
31,0,0,2020-05-12 15:24:48,2020-05-12 15:37:01
81,46,0,2020-05-12 15:25:01,2020-05-12 15:30:19
65,0,0,2020-05-12 15:25:01,2020-05-12 15:35:54
110,93,416,2020-05-12 15:25:08,2020-05-12 15:25:21
56,68,315,2020-05-12 15:25:10,2020-05-12 15:25:46
110,93,250,2020-05-12 15:25:21,2020-05-12 18:03:23
26,0,151,2020-05-12 15:25:31,2020-05-12 15:26:13
36,0,235,2020-05-12 15:25:36,2020-05-12 15:25:44
36,0,411,2020-05-12 15:25:44,2020-05-12 15:26:06
84,0,0,2020-05-12 15:25:44,2020-05-12 15:36:47
56,68,316,2020-05-12 15:25:46,2020-05-12 15:26:10
36,0,412,2020-05-12 15:26:06,2020-05-12 15:27:14
56,68,317,2020-05-12 15:26:10,2020-05-12 15:27:55
121,111,0,2020-05-12 15:26:11,2020-05-12 15:32:00
26,0,309,2020-05-12 15:26:13,2020-05-12 15:26:34
103,0,0,2020-05-12 15:26:18,2020-05-12 15:36:58
116,0,0,2020-05-12 15:26:22,2020-05-12 15:36:53
132,0,0,2020-05-12 15:26:32,2020-05-12 15:37:02
26,0,308,2020-05-12 15:26:34,2020-05-12 15:27:15
69,0,0,2020-05-12 15:26:36,2020-05-12 15:30:50
27,0,0,2020-05-12 15:26:37,2020-05-12 15:36:12
80,0,0,2020-05-12 15:26:47,2020-05-12 15:35:48
128,0,0,2020-05-12 15:26:54,2020-05-12 15:30:24
22,25,0,2020-05-12 15:26:55,2020-05-12 15:36:48
6,0,0,2020-05-12 15:27:09,2020-05-12 15:37:04
57,0,170,2020-05-12 15:27:09,2020-05-12 15:28:50
36,0,403,2020-05-12 15:27:14,2020-05-12 15:27:54
26,0,307,2020-05-12 15:27:15,2020-05-12 15:31:49
150,132,306,2020-05-12 15:27:39,2020-05-12 15:28:01
36,0,402,2020-05-12 15:27:54,2020-05-12 15:28:11
62,0,0,2020-05-12 15:27:54,2020-05-12 15:33:36
138,108,301,2020-05-12 15:27:54,2020-05-12 15:28:20
56,68,319,2020-05-12 15:27:55,2020-05-12 15:28:25
150,132,141,2020-05-12 15:28:01,2020-05-12 18:53:16
86,0,222,2020-05-12 15:28:10,2020-05-12 15:28:40
36,0,401,2020-05-12 15:28:11,2020-05-12 15:28:21
126,0,0,2020-05-12 15:28:12,2020-05-12 15:37:30
10,0,0,2020-05-12 15:28:18,2020-05-12 15:37:50
138,108,302,2020-05-12 15:28:20,2020-05-12 15:28:39
36,0,301,2020-05-12 15:28:21,2020-05-12 15:32:21
56,68,166,2020-05-12 15:28:25,2020-05-12 18:05:43
138,108,133,2020-05-12 15:28:39,2020-05-12 16:39:07
86,0,404,2020-05-12 15:28:40,2020-05-12 15:29:07
34,59,0,2020-05-12 15:28:49,2020-05-12 15:29:30
57,0,323,2020-05-12 15:28:50,2020-05-12 15:29:10
146,0,0,2020-05-12 15:28:55,2020-05-12 15:37:23
93,41,206,2020-05-12 15:28:57,2020-05-12 16:41:02
16,0,0,2020-05-12 15:29:03,2020-05-12 15:37:26
79,0,0,2020-05-12 15:29:05,2020-05-12 15:38:36
71,0,0,2020-05-12 15:29:06,2020-05-12 15:37:27
8,24,103,2020-05-12 15:29:06,2020-05-12 15:48:31
86,0,403,2020-05-12 15:29:07,2020-05-12 15:29:27
57,0,322,2020-05-12 15:29:10,2020-05-12 15:30:03
86,0,402,2020-05-12 15:29:27,2020-05-12 15:29:44
34,59,326,2020-05-12 15:29:30,2020-05-12 15:29:48
86,0,401,2020-05-12 15:29:44,2020-05-12 15:29:57
34,59,320,2020-05-12 15:29:48,2020-05-12 15:31:08
144,0,0,2020-05-12 15:29:54,2020-05-12 15:39:16
86,0,301,2020-05-12 15:29:57,2020-05-12 15:32:12
57,0,325,2020-05-12 15:30:03,2020-05-12 15:36:04
95,20,312,2020-05-12 15:30:05,2020-05-12 15:31:03
81,46,312,2020-05-12 15:30:19,2020-05-12 15:31:08
128,0,0,2020-05-12 15:30:24,2020-05-12 15:38:43
32,0,0,2020-05-12 15:30:31,2020-05-12 15:39:43
113,118,0,2020-05-12 15:30:36,2020-05-12 15:33:05
69,0,0,2020-05-12 15:30:50,2020-05-12 15:41:22
134,0,0,2020-05-12 15:30:52,2020-05-12 15:40:05
14,29,0,2020-05-12 15:30:53,2020-05-12 15:31:50
101,0,0,2020-05-12 15:30:53,2020-05-12 15:41:04
153,0,0,2020-05-12 15:30:56,2020-05-12 15:40:45
76,0,141,2020-05-12 15:30:58,2020-05-12 15:31:25
21,85,122,2020-05-12 15:31:00,2020-05-12 15:31:35
52,0,249,2020-05-12 15:31:02,2020-05-12 15:31:31
95,20,308,2020-05-12 15:31:03,2020-05-12 15:31:28
137,140,0,2020-05-12 15:31:07,2020-05-12 15:34:08
34,59,315,2020-05-12 15:31:08,2020-05-12 15:33:00
81,46,308,2020-05-12 15:31:08,2020-05-12 15:31:38
76,0,306,2020-05-12 15:31:25,2020-05-12 15:37:32
95,20,309,2020-05-12 15:31:28,2020-05-12 15:31:34
52,0,415,2020-05-12 15:31:31,2020-05-12 15:33:19
95,20,310,2020-05-12 15:31:34,2020-05-12 15:32:41
21,85,302,2020-05-12 15:31:35,2020-05-12 15:31:55
81,46,309,2020-05-12 15:31:38,2020-05-12 15:32:25
26,0,0,2020-05-12 15:31:49,2020-05-12 15:34:23
14,29,326,2020-05-12 15:31:50,2020-05-12 15:32:09
21,85,301,2020-05-12 15:31:55,2020-05-12 15:32:04
121,111,325,2020-05-12 15:32:00,2020-05-12 15:33:42
21,85,401,2020-05-12 15:32:04,2020-05-12 15:32:19
14,29,320,2020-05-12 15:32:09,2020-05-12 15:33:15
86,0,0,2020-05-12 15:32:12,2020-05-12 15:38:00
53,0,0,2020-05-12 15:32:14,2020-05-12 15:41:59
21,85,402,2020-05-12 15:32:19,2020-05-12 15:32:46
36,0,0,2020-05-12 15:32:21,2020-05-12 15:36:37
125,0,0,2020-05-12 15:32:22,2020-05-12 15:43:00
81,46,159,2020-05-12 15:32:25,2020-05-12 17:12:21
95,20,311,2020-05-12 15:32:41,2020-05-12 15:33:04
107,94,0,2020-05-12 15:32:46,2020-05-12 15:35:38
21,85,403,2020-05-12 15:32:46,2020-05-12 15:33:26
34,59,303,2020-05-12 15:33:00,2020-05-12 15:33:29
95,20,153,2020-05-12 15:33:04,2020-05-12 16:41:32
113,118,301,2020-05-12 15:33:05,2020-05-12 15:33:18
49,0,0,2020-05-12 15:33:09,2020-05-12 15:41:05
92,0,0,2020-05-12 15:33:14,2020-05-12 15:43:41
14,29,315,2020-05-12 15:33:15,2020-05-12 15:34:40
113,118,401,2020-05-12 15:33:18,2020-05-12 15:33:32
52,0,412,2020-05-12 15:33:19,2020-05-12 15:34:24
21,85,404,2020-05-12 15:33:26,2020-05-12 15:33:55
34,59,304,2020-05-12 15:33:29,2020-05-12 15:33:47
113,118,402,2020-05-12 15:33:32,2020-05-12 15:34:00
1,0,0,2020-05-12 15:33:35,2020-05-12 15:46:07
62,0,0,2020-05-12 15:33:36,2020-05-12 15:44:45
121,111,421,2020-05-12 15:33:42,2020-05-12 15:34:36
34,59,136,2020-05-12 15:33:47,2020-05-12 18:06:21
21,85,405,2020-05-12 15:33:55,2020-05-12 15:34:14
113,118,403,2020-05-12 15:34:00,2020-05-12 15:34:35
137,140,301,2020-05-12 15:34:08,2020-05-12 15:34:19
21,85,226,2020-05-12 15:34:14,2020-05-12 16:37:40
137,140,401,2020-05-12 15:34:19,2020-05-12 15:34:34
26,0,0,2020-05-12 15:34:23,2020-05-12 15:44:44
52,0,403,2020-05-12 15:34:24,2020-05-12 15:34:52
137,140,402,2020-05-12 15:34:34,2020-05-12 15:35:01
113,118,404,2020-05-12 15:34:35,2020-05-12 15:35:05
121,111,252,2020-05-12 15:34:36,2020-05-12 17:52:49
148,0,0,2020-05-12 15:34:39,2020-05-12 15:44:31
14,29,303,2020-05-12 15:34:40,2020-05-12 15:35:07
30,0,107,2020-05-12 15:34:51,2020-05-12 15:35:14
52,0,402,2020-05-12 15:34:52,2020-05-12 15:35:02
118,0,204,2020-05-12 15:34:53,2020-05-12 15:35:08
139,0,0,2020-05-12 15:34:57,2020-05-12 15:45:41
137,140,403,2020-05-12 15:35:01,2020-05-12 15:35:49
52,0,401,2020-05-12 15:35:02,2020-05-12 15:35:12
113,118,405,2020-05-12 15:35:05,2020-05-12 15:35:38
14,29,304,2020-05-12 15:35:07,2020-05-12 15:35:30
118,0,403,2020-05-12 15:35:08,2020-05-12 15:35:44
52,0,301,2020-05-12 15:35:12,2020-05-12 15:37:49
30,0,316,2020-05-12 15:35:14,2020-05-12 15:35:51
14,29,305,2020-05-12 15:35:30,2020-05-12 15:35:49
107,94,301,2020-05-12 15:35:38,2020-05-12 15:35:44
113,118,211,2020-05-12 15:35:38,2020-05-12 16:52:19
107,94,401,2020-05-12 15:35:44,2020-05-12 15:35:59
118,0,402,2020-05-12 15:35:44,2020-05-12 15:35:58
80,0,0,2020-05-12 15:35:48,2020-05-12 15:45:46
14,29,138,2020-05-12 15:35:49,2020-05-12 17:37:01
137,140,404,2020-05-12 15:35:49,2020-05-12 15:36:08
30,0,315,2020-05-12 15:35:51,2020-05-12 15:36:43
65,19,0,2020-05-12 15:35:54,2020-05-12 15:38:48
118,0,401,2020-05-12 15:35:58,2020-05-12 15:36:08
107,94,402,2020-05-12 15:35:59,2020-05-12 15:36:22
57,0,0,2020-05-12 15:36:04,2020-05-12 15:37:43
118,0,301,2020-05-12 15:36:08,2020-05-12 15:38:15
137,140,405,2020-05-12 15:36:08,2020-05-12 15:36:58
27,0,0,2020-05-12 15:36:12,2020-05-12 15:46:00
107,94,403,2020-05-12 15:36:22,2020-05-12 15:36:54
89,0,206,2020-05-12 15:36:27,2020-05-12 15:36:52
36,0,0,2020-05-12 15:36:37,2020-05-12 15:47:06
30,0,320,2020-05-12 15:36:43,2020-05-12 15:37:03
84,0,0,2020-05-12 15:36:47,2020-05-12 15:46:35
22,25,324,2020-05-12 15:36:48,2020-05-12 15:37:40
89,0,403,2020-05-12 15:36:52,2020-05-12 15:37:13
116,0,0,2020-05-12 15:36:53,2020-05-12 15:47:35
107,94,404,2020-05-12 15:36:54,2020-05-12 15:37:19
103,0,0,2020-05-12 15:36:58,2020-05-12 15:45:53
137,140,406,2020-05-12 15:36:58,2020-05-12 15:37:29
31,17,0,2020-05-12 15:37:01,2020-05-12 15:37:46
132,124,0,2020-05-12 15:37:02,2020-05-12 15:42:28
30,0,326,2020-05-12 15:37:03,2020-05-12 15:37:55
6,0,0,2020-05-12 15:37:04,2020-05-12 15:47:49
89,0,402,2020-05-12 15:37:13,2020-05-12 15:37:34
107,94,405,2020-05-12 15:37:19,2020-05-12 15:37:31
146,0,0,2020-05-12 15:37:23,2020-05-12 15:47:46
16,0,0,2020-05-12 15:37:26,2020-05-12 15:46:09
71,0,0,2020-05-12 15:37:27,2020-05-12 15:47:35
137,140,407,2020-05-12 15:37:29,2020-05-12 15:38:28
126,105,0,2020-05-12 15:37:30,2020-05-12 15:39:37
107,94,226,2020-05-12 15:37:31,2020-05-12 16:16:53
76,0,0,2020-05-12 15:37:32,2020-05-12 15:40:54
89,0,401,2020-05-12 15:37:34,2020-05-12 15:37:44
22,25,174,2020-05-12 15:37:40,2020-05-12 16:38:56
57,0,0,2020-05-12 15:37:43,2020-05-12 15:46:52
89,0,301,2020-05-12 15:37:44,2020-05-12 15:40:39
31,17,326,2020-05-12 15:37:46,2020-05-12 15:38:05
52,0,0,2020-05-12 15:37:49,2020-05-12 15:40:28
10,0,0,2020-05-12 15:37:50,2020-05-12 15:47:33
30,0,0,2020-05-12 15:37:55,2020-05-12 15:44:06
86,48,0,2020-05-12 15:38:00,2020-05-12 15:41:16
31,17,320,2020-05-12 15:38:05,2020-05-12 15:39:20
118,0,0,2020-05-12 15:38:15,2020-05-12 15:44:52
58,75,225,2020-05-12 15:38:26,2020-05-12 15:38:45
137,140,214,2020-05-12 15:38:28,2020-05-12 16:28:18
79,0,0,2020-05-12 15:38:36,2020-05-12 15:47:04
128,122,0,2020-05-12 15:38:43,2020-05-12 15:42:50
58,75,405,2020-05-12 15:38:45,2020-05-12 15:39:12
65,19,301,2020-05-12 15:38:48,2020-05-12 15:38:58
65,19,401,2020-05-12 15:38:58,2020-05-12 15:39:12
90,47,158,2020-05-12 15:39:03,2020-05-12 15:39:22
58,75,404,2020-05-12 15:39:12,2020-05-12 15:39:52
65,19,402,2020-05-12 15:39:12,2020-05-12 15:39:34
144,0,0,2020-05-12 15:39:16,2020-05-12 15:49:30
31,17,315,2020-05-12 15:39:20,2020-05-12 15:39:56
90,47,309,2020-05-12 15:39:22,2020-05-12 15:39:49
65,19,403,2020-05-12 15:39:34,2020-05-12 15:40:55
126,105,301,2020-05-12 15:39:37,2020-05-12 15:39:50
32,0,0,2020-05-12 15:39:43,2020-05-12 15:49:40
90,47,308,2020-05-12 15:39:49,2020-05-12 15:40:55
126,105,401,2020-05-12 15:39:50,2020-05-12 15:40:05
58,75,403,2020-05-12 15:39:52,2020-05-12 15:41:36
31,17,117,2020-05-12 15:39:56,2020-05-12 17:16:27
126,105,402,2020-05-12 15:40:05,2020-05-12 15:40:25
134,0,0,2020-05-12 15:40:05,2020-05-12 15:50:21
126,105,403,2020-05-12 15:40:25,2020-05-12 15:41:23
52,0,0,2020-05-12 15:40:28,2020-05-12 15:47:48
89,0,0,2020-05-12 15:40:39,2020-05-12 15:46:41
153,0,0,2020-05-12 15:40:45,2020-05-12 15:51:37
76,0,0,2020-05-12 15:40:54,2020-05-12 15:50:50
65,19,412,2020-05-12 15:40:55,2020-05-12 15:41:14
90,47,312,2020-05-12 15:40:55,2020-05-12 15:41:07
101,0,0,2020-05-12 15:41:04,2020-05-12 15:49:52
49,0,0,2020-05-12 15:41:05,2020-05-12 15:49:35
90,47,409,2020-05-12 15:41:07,2020-05-12 15:41:20
65,19,231,2020-05-12 15:41:14,2020-05-12 17:19:20
86,48,312,2020-05-12 15:41:16,2020-05-12 15:42:13
90,47,407,2020-05-12 15:41:20,2020-05-12 15:41:58
69,0,0,2020-05-12 15:41:22,2020-05-12 15:51:22
126,105,404,2020-05-12 15:41:23,2020-05-12 15:41:38
43,0,238,2020-05-12 15:41:28,2020-05-12 15:41:45
122,126,155,2020-05-12 15:41:31,2020-05-12 15:41:57
58,75,412,2020-05-12 15:41:36,2020-05-12 15:42:00
126,105,207,2020-05-12 15:41:38,2020-05-12 18:01:08
43,0,414,2020-05-12 15:41:45,2020-05-12 15:42:11
122,126,318,2020-05-12 15:41:57,2020-05-12 15:42:32
90,47,406,2020-05-12 15:41:58,2020-05-12 15:43:09
53,0,0,2020-05-12 15:41:59,2020-05-12 15:52:04
58,75,411,2020-05-12 15:42:00,2020-05-12 15:42:14
43,0,415,2020-05-12 15:42:11,2020-05-12 15:43:09
86,48,308,2020-05-12 15:42:13,2020-05-12 15:42:40
58,75,230,2020-05-12 15:42:14,2020-05-12 18:04:00
132,124,325,2020-05-12 15:42:28,2020-05-12 15:44:28
122,126,319,2020-05-12 15:42:32,2020-05-12 15:43:14
86,48,309,2020-05-12 15:42:40,2020-05-12 15:42:50
60,0,159,2020-05-12 15:42:43,2020-05-12 15:43:26
20,0,163,2020-05-12 15:42:48,2020-05-12 15:44:19
128,122,301,2020-05-12 15:42:50,2020-05-12 15:43:02
86,48,310,2020-05-12 15:42:50,2020-05-12 15:43:45
125,0,0,2020-05-12 15:43:00,2020-05-12 15:53:27
128,122,401,2020-05-12 15:43:02,2020-05-12 15:43:19
90,47,405,2020-05-12 15:43:09,2020-05-12 15:43:34
43,0,412,2020-05-12 15:43:09,2020-05-12 15:44:27
112,0,175,2020-05-12 15:43:14,2020-05-12 15:44:28
122,126,322,2020-05-12 15:43:14,2020-05-12 15:43:33
128,122,402,2020-05-12 15:43:19,2020-05-12 15:43:35
60,0,309,2020-05-12 15:43:26,2020-05-12 15:43:41
28,0,202,2020-05-12 15:43:33,2020-05-12 15:43:48
122,126,323,2020-05-12 15:43:33,2020-05-12 15:44:07
90,47,404,2020-05-12 15:43:34,2020-05-12 15:44:07
128,122,403,2020-05-12 15:43:35,2020-05-12 15:44:37
92,89,0,2020-05-12 15:43:41,2020-05-12 15:46:08
60,0,308,2020-05-12 15:43:41,2020-05-12 15:44:10
86,48,161,2020-05-12 15:43:45,2020-05-12 17:15:01
28,0,402,2020-05-12 15:43:48,2020-05-12 15:44:02
28,0,401,2020-05-12 15:44:02,2020-05-12 15:44:12
30,0,0,2020-05-12 15:44:06,2020-05-12 15:53:58
90,47,403,2020-05-12 15:44:07,2020-05-12 15:45:35
122,126,169,2020-05-12 15:44:07,2020-05-12 16:02:12
60,0,307,2020-05-12 15:44:10,2020-05-12 15:51:39
28,0,301,2020-05-12 15:44:12,2020-05-12 15:47:35
20,0,313,2020-05-12 15:44:19,2020-05-12 15:56:35
43,0,403,2020-05-12 15:44:27,2020-05-12 15:45:01
112,0,324,2020-05-12 15:44:28,2020-05-12 15:50:02
132,124,421,2020-05-12 15:44:28,2020-05-12 15:45:25
73,0,210,2020-05-12 15:44:30,2020-05-12 15:44:55
148,0,0,2020-05-12 15:44:31,2020-05-12 15:53:51
128,122,412,2020-05-12 15:44:37,2020-05-12 15:45:07
26,76,0,2020-05-12 15:44:44,2020-05-12 15:52:12
62,0,0,2020-05-12 15:44:45,2020-05-12 15:56:21
118,0,0,2020-05-12 15:44:52,2020-05-12 15:54:55
73,0,405,2020-05-12 15:44:55,2020-05-12 15:45:27
43,0,402,2020-05-12 15:45:01,2020-05-12 15:45:13
128,122,411,2020-05-12 15:45:07,2020-05-12 15:45:29
43,0,401,2020-05-12 15:45:13,2020-05-12 15:45:23
43,0,301,2020-05-12 15:45:23,2020-05-12 15:49:26
132,124,417,2020-05-12 15:45:25,2020-05-12 15:45:35
73,0,404,2020-05-12 15:45:27,2020-05-12 15:46:16
128,122,234,2020-05-12 15:45:29,2020-05-12 17:44:18
90,47,412,2020-05-12 15:45:35,2020-05-12 15:45:54
132,124,251,2020-05-12 15:45:35,2020-05-12 17:55:55
2,35,161,2020-05-12 15:45:38,2020-05-12 15:46:44
139,110,0,2020-05-12 15:45:41,2020-05-12 15:46:23
80,0,0,2020-05-12 15:45:46,2020-05-12 15:55:29
103,0,0,2020-05-12 15:45:53,2020-05-12 15:55:02
90,47,231,2020-05-12 15:45:54,2020-05-12 18:10:04
27,65,0,2020-05-12 15:46:00,2020-05-12 15:46:50
1,41,0,2020-05-12 15:46:07,2020-05-12 15:49:01
92,89,301,2020-05-12 15:46:08,2020-05-12 15:46:15
16,7,0,2020-05-12 15:46:09,2020-05-12 15:48:46
92,89,401,2020-05-12 15:46:15,2020-05-12 15:46:31
73,0,403,2020-05-12 15:46:16,2020-05-12 15:46:37
139,110,326,2020-05-12 15:46:23,2020-05-12 15:46:43
37,0,206,2020-05-12 15:46:28,2020-05-12 15:46:53
119,0,130,2020-05-12 15:46:30,2020-05-12 15:46:53
92,89,402,2020-05-12 15:46:31,2020-05-12 15:46:56
84,0,0,2020-05-12 15:46:35,2020-05-12 15:56:51
73,0,402,2020-05-12 15:46:37,2020-05-12 15:46:52
89,0,0,2020-05-12 15:46:41,2020-05-12 15:57:41
139,110,320,2020-05-12 15:46:43,2020-05-12 15:47:52
2,35,310,2020-05-12 15:46:44,2020-05-12 15:46:50
2,35,309,2020-05-12 15:46:50,2020-05-12 15:47:17
27,65,326,2020-05-12 15:46:50,2020-05-12 15:47:51
17,0,218,2020-05-12 15:46:51,2020-05-12 15:47:10
73,0,401,2020-05-12 15:46:52,2020-05-12 15:47:01
57,63,0,2020-05-12 15:46:52,2020-05-12 15:50:50
119,0,306,2020-05-12 15:46:53,2020-05-12 15:52:02
37,0,403,2020-05-12 15:46:53,2020-05-12 15:47:14
92,89,403,2020-05-12 15:46:56,2020-05-12 15:47:54
73,0,301,2020-05-12 15:47:01,2020-05-12 15:50:51
79,0,0,2020-05-12 15:47:04,2020-05-12 15:56:41
36,0,0,2020-05-12 15:47:06,2020-05-12 15:56:49
17,0,401,2020-05-12 15:47:10,2020-05-12 15:47:21
37,0,402,2020-05-12 15:47:14,2020-05-12 15:47:35
2,35,308,2020-05-12 15:47:17,2020-05-12 15:47:59
17,0,301,2020-05-12 15:47:21,2020-05-12 15:50:41
10,0,0,2020-05-12 15:47:33,2020-05-12 15:57:42
37,0,401,2020-05-12 15:47:35,2020-05-12 15:47:45
71,0,0,2020-05-12 15:47:35,2020-05-12 15:56:20
28,0,0,2020-05-12 15:47:35,2020-05-12 15:55:19
116,124,0,2020-05-12 15:47:35,2020-05-12 15:55:31
37,0,301,2020-05-12 15:47:45,2020-05-12 15:50:40
146,0,0,2020-05-12 15:47:46,2020-05-12 15:58:07
52,9,0,2020-05-12 15:47:48,2020-05-12 15:53:46
6,0,0,2020-05-12 15:47:49,2020-05-12 15:58:12
27,65,102,2020-05-12 15:47:51,2020-05-12 15:49:08
139,110,143,2020-05-12 15:47:52,2020-05-12 19:35:21
92,89,412,2020-05-12 15:47:54,2020-05-12 15:49:03
2,35,312,2020-05-12 15:47:59,2020-05-12 15:48:08
2,35,409,2020-05-12 15:48:08,2020-05-12 15:49:19
8,0,103,2020-05-12 15:48:31,2020-05-12 15:48:41
8,0,314,2020-05-12 15:48:41,2020-05-12 15:49:06
16,7,301,2020-05-12 15:48:46,2020-05-12 15:48:57
16,7,401,2020-05-12 15:48:57,2020-05-12 15:49:13
1,41,301,2020-05-12 15:49:01,2020-05-12 15:49:12
92,89,415,2020-05-12 15:49:03,2020-05-12 15:49:42
8,0,315,2020-05-12 15:49:06,2020-05-12 15:50:16
27,65,321,2020-05-12 15:49:08,2020-05-12 15:52:32
87,63,154,2020-05-12 15:49:09,2020-05-12 15:49:44
1,41,401,2020-05-12 15:49:12,2020-05-12 15:49:31
16,7,402,2020-05-12 15:49:13,2020-05-12 15:49:34
125,0,139,2020-05-12 15:49:15,2020-05-12 15:49:44
2,35,418,2020-05-12 15:49:19,2020-05-12 15:49:29
43,0,0,2020-05-12 15:49:26,2020-05-12 15:51:29
2,35,419,2020-05-12 15:49:29,2020-05-12 15:49:58
144,103,0,2020-05-12 15:49:30,2020-05-12 15:57:30
1,41,402,2020-05-12 15:49:31,2020-05-12 15:50:01
16,7,403,2020-05-12 15:49:34,2020-05-12 15:50:25
49,84,0,2020-05-12 15:49:35,2020-05-12 15:52:38
41,50,110,2020-05-12 15:49:38,2020-05-12 15:50:00
32,0,0,2020-05-12 15:49:40,2020-05-12 16:00:12
92,89,416,2020-05-12 15:49:42,2020-05-12 15:49:57
125,0,306,2020-05-12 15:49:44,2020-05-12 15:54:08
87,63,308,2020-05-12 15:49:44,2020-05-12 15:50:36
101,0,0,2020-05-12 15:49:52,2020-05-12 16:00:01
92,89,242,2020-05-12 15:49:57,2020-05-12 18:16:08
2,35,421,2020-05-12 15:49:58,2020-05-12 15:51:25
41,50,317,2020-05-12 15:50:00,2020-05-12 15:51:00
1,41,403,2020-05-12 15:50:01,2020-05-12 15:50:45
112,0,0,2020-05-12 15:50:02,2020-05-12 15:53:02
8,0,320,2020-05-12 15:50:16,2020-05-12 15:50:37
134,0,0,2020-05-12 15:50:21,2020-05-12 15:58:47
16,7,404,2020-05-12 15:50:25,2020-05-12 15:50:59
87,63,312,2020-05-12 15:50:36,2020-05-12 15:50:46
8,0,326,2020-05-12 15:50:37,2020-05-12 15:51:22
37,0,0,2020-05-12 15:50:40,2020-05-12 15:56:29
17,0,0,2020-05-12 15:50:41,2020-05-12 15:54:12
1,41,404,2020-05-12 15:50:45,2020-05-12 15:51:16
87,63,409,2020-05-12 15:50:46,2020-05-12 15:53:00
57,63,301,2020-05-12 15:50:50,2020-05-12 15:51:01
76,0,0,2020-05-12 15:50:50,2020-05-12 16:01:09
73,0,0,2020-05-12 15:50:51,2020-05-12 15:54:06
16,7,405,2020-05-12 15:50:59,2020-05-12 15:51:32
41,50,316,2020-05-12 15:51:00,2020-05-12 15:51:24
57,63,302,2020-05-12 15:51:01,2020-05-12 15:51:29
91,0,161,2020-05-12 15:51:14,2020-05-12 15:52:02
1,41,208,2020-05-12 15:51:16,2020-05-12 17:00:54
69,13,0,2020-05-12 15:51:22,2020-05-12 15:52:09
8,0,0,2020-05-12 15:51:22,2020-05-12 15:57:30
41,50,315,2020-05-12 15:51:24,2020-05-12 15:53:03
2,35,417,2020-05-12 15:51:25,2020-05-12 15:51:51
43,0,0,2020-05-12 15:51:29,2020-05-12 16:03:04
57,63,122,2020-05-12 15:51:29,2020-05-12 17:51:53
16,7,406,2020-05-12 15:51:32,2020-05-12 15:51:48
153,0,0,2020-05-12 15:51:37,2020-05-12 16:02:06
159,0,160,2020-05-12 15:51:39,2020-05-12 15:52:08
60,0,0,2020-05-12 15:51:39,2020-05-12 15:52:46
16,7,228,2020-05-12 15:51:48,2020-05-12 18:15:07
2,35,416,2020-05-12 15:51:51,2020-05-12 15:52:31
91,0,310,2020-05-12 15:52:02,2020-05-12 15:52:07
119,0,0,2020-05-12 15:52:02,2020-05-12 15:55:21
53,0,0,2020-05-12 15:52:04,2020-05-12 16:04:13
91,0,309,2020-05-12 15:52:07,2020-05-12 15:52:41
159,0,310,2020-05-12 15:52:08,2020-05-12 15:52:15
69,13,326,2020-05-12 15:52:09,2020-05-12 15:52:57
26,76,312,2020-05-12 15:52:12,2020-05-12 15:53:00
159,0,309,2020-05-12 15:52:15,2020-05-12 15:52:36
2,35,415,2020-05-12 15:52:31,2020-05-12 15:52:45
27,65,322,2020-05-12 15:52:32,2020-05-12 15:52:47
159,0,308,2020-05-12 15:52:36,2020-05-12 15:53:22
49,84,301,2020-05-12 15:52:38,2020-05-12 15:53:00
91,0,308,2020-05-12 15:52:41,2020-05-12 15:53:11
2,35,414,2020-05-12 15:52:45,2020-05-12 15:53:08
60,0,0,2020-05-12 15:52:46,2020-05-12 16:02:29
27,65,171,2020-05-12 15:52:47,2020-05-12 16:01:58
69,13,102,2020-05-12 15:52:57,2020-05-12 15:54:21
49,84,302,2020-05-12 15:53:00,2020-05-12 15:53:14
87,63,418,2020-05-12 15:53:00,2020-05-12 15:53:14
26,76,308,2020-05-12 15:53:00,2020-05-12 15:53:22
112,122,0,2020-05-12 15:53:02,2020-05-12 15:56:24
41,50,303,2020-05-12 15:53:03,2020-05-12 15:53:23
2,35,247,2020-05-12 15:53:08,2020-05-12 18:03:41
91,0,307,2020-05-12 15:53:11,2020-05-12 15:59:38
49,84,121,2020-05-12 15:53:14,2020-05-12 17:07:34
87,63,419,2020-05-12 15:53:14,2020-05-12 15:53:48
20,0,0,2020-05-12 15:53:16,2020-05-12 16:02:48
159,0,307,2020-05-12 15:53:22,2020-05-12 15:59:48
26,76,149,2020-05-12 15:53:22,2020-05-12 16:44:29
41,50,302,2020-05-12 15:53:23,2020-05-12 15:53:56
125,118,0,2020-05-12 15:53:27,2020-05-12 15:59:40
52,9,307,2020-05-12 15:53:46,2020-05-12 15:54:12
87,63,421,2020-05-12 15:53:48,2020-05-12 15:54:35
148,0,0,2020-05-12 15:53:51,2020-05-12 16:05:57
41,50,301,2020-05-12 15:53:56,2020-05-12 15:54:07
30,0,0,2020-05-12 15:53:58,2020-05-12 16:04:56
73,0,0,2020-05-12 15:54:06,2020-05-12 16:04:02
41,50,401,2020-05-12 15:54:07,2020-05-12 15:54:27
125,0,0,2020-05-12 15:54:08,2020-05-12 15:57:24
17,0,0,2020-05-12 15:54:12,2020-05-12 16:04:56
52,9,147,2020-05-12 15:54:12,2020-05-12 17:32:09
69,13,321,2020-05-12 15:54:21,2020-05-12 15:56:46
41,50,201,2020-05-12 15:54:27,2020-05-12 17:13:31
87,63,417,2020-05-12 15:54:35,2020-05-12 15:54:59
118,96,0,2020-05-12 15:54:55,2020-05-12 15:55:32
87,63,416,2020-05-12 15:54:59,2020-05-12 15:55:25
103,0,0,2020-05-12 15:55:02,2020-05-12 16:04:26
28,0,0,2020-05-12 15:55:19,2020-05-12 16:04:33
119,0,0,2020-05-12 15:55:21,2020-05-12 16:05:27
87,63,415,2020-05-12 15:55:25,2020-05-12 15:55:48
80,0,0,2020-05-12 15:55:29,2020-05-12 16:06:01
116,124,312,2020-05-12 15:55:31,2020-05-12 15:56:29
144,0,151,2020-05-12 15:55:32,2020-05-12 15:56:14
118,96,326,2020-05-12 15:55:32,2020-05-12 15:55:57
87,63,414,2020-05-12 15:55:48,2020-05-12 15:56:17
118,96,102,2020-05-12 15:55:57,2020-05-12 15:57:19
144,0,309,2020-05-12 15:56:14,2020-05-12 15:56:35
87,63,247,2020-05-12 15:56:17,2020-05-12 17:01:12
71,0,0,2020-05-12 15:56:20,2020-05-12 16:08:26
62,0,0,2020-05-12 15:56:21,2020-05-12 16:07:28
112,122,301,2020-05-12 15:56:24,2020-05-12 15:56:32
37,0,0,2020-05-12 15:56:29,2020-05-12 16:06:11
116,124,308,2020-05-12 15:56:29,2020-05-12 15:56:54
112,122,401,2020-05-12 15:56:32,2020-05-12 15:56:43
20,0,0,2020-05-12 15:56:35,2020-05-12 15:53:16
144,0,308,2020-05-12 15:56:35,2020-05-12 15:57:16
79,0,0,2020-05-12 15:56:41,2020-05-12 16:04:13
112,122,402,2020-05-12 15:56:43,2020-05-12 15:57:00
69,13,322,2020-05-12 15:56:46,2020-05-12 15:57:06
36,0,0,2020-05-12 15:56:49,2020-05-12 16:05:59
84,0,0,2020-05-12 15:56:51,2020-05-12 16:06:50
116,124,309,2020-05-12 15:56:54,2020-05-12 15:57:00
116,124,310,2020-05-12 15:57:00,2020-05-12 15:58:07
112,122,202,2020-05-12 15:57:00,2020-05-12 16:30:40
69,13,323,2020-05-12 15:57:06,2020-05-12 15:57:37
144,0,307,2020-05-12 15:57:16,2020-05-12 16:01:50
118,96,321,2020-05-12 15:57:19,2020-05-12 15:59:30
125,0,0,2020-05-12 15:57:24,2020-05-12 16:09:03
144,103,312,2020-05-12 15:57:30,2020-05-12 15:58:13
8,0,0,2020-05-12 15:57:30,2020-05-12 16:07:37
69,13,172,2020-05-12 15:57:37,2020-05-12 16:44:23
89,0,0,2020-05-12 15:57:41,2020-05-12 16:08:43
10,0,0,2020-05-12 15:57:42,2020-05-12 16:06:47
44,0,252,2020-05-12 15:58:01,2020-05-12 15:58:43
116,124,311,2020-05-12 15:58:07,2020-05-12 15:58:30
146,0,0,2020-05-12 15:58:07,2020-05-12 16:08:17
6,0,0,2020-05-12 15:58:12,2020-05-12 16:08:09
144,103,308,2020-05-12 15:58:13,2020-05-12 15:58:54
48,0,256,2020-05-12 15:58:13,2020-05-12 15:58:44
116,124,153,2020-05-12 15:58:30,2020-05-12 17:59:44
44,0,421,2020-05-12 15:58:43,2020-05-12 16:00:07
48,0,419,2020-05-12 15:58:44,2020-05-12 15:59:16
134,0,0,2020-05-12 15:58:47,2020-05-12 16:08:54
144,103,309,2020-05-12 15:58:54,2020-05-12 15:59:27
48,0,421,2020-05-12 15:59:16,2020-05-12 16:00:45
13,0,132,2020-05-12 15:59:25,2020-05-12 15:59:40
144,103,151,2020-05-12 15:59:27,2020-05-12 15:55:32
118,96,322,2020-05-12 15:59:30,2020-05-12 16:00:01
91,0,0,2020-05-12 15:59:38,2020-05-12 16:00:22
13,0,302,2020-05-12 15:59:40,2020-05-12 16:00:09
125,118,306,2020-05-12 15:59:40,2020-05-12 16:00:13
159,0,0,2020-05-12 15:59:48,2020-05-12 16:02:32
142,0,246,2020-05-12 15:59:57,2020-05-12 16:00:07
101,0,0,2020-05-12 16:00:01,2020-05-12 16:10:25
118,96,323,2020-05-12 16:00:01,2020-05-12 16:00:49
142,0,414,2020-05-12 16:00:07,2020-05-12 16:00:26
44,0,325,2020-05-12 16:00:07,2020-05-12 16:05:47
13,0,301,2020-05-12 16:00:09,2020-05-12 16:04:00
32,0,0,2020-05-12 16:00:12,2020-05-12 16:11:45
125,118,139,2020-05-12 16:00:13,2020-05-12 15:49:15
104,0,117,2020-05-12 16:00:14,2020-05-12 16:00:54
18,18,253,2020-05-12 16:00:17,2020-05-12 16:00:35
91,0,0,2020-05-12 16:00:22,2020-05-12 16:11:06
142,0,415,2020-05-12 16:00:26,2020-05-12 16:01:41
18,18,418,2020-05-12 16:00:35,2020-05-12 16:02:03
48,0,325,2020-05-12 16:00:45,2020-05-12 16:05:40
118,96,169,2020-05-12 16:00:49,2020-05-12 16:59:17
104,0,315,2020-05-12 16:00:54,2020-05-12 16:02:25
29,0,141,2020-05-12 16:01:08,2020-05-12 16:01:35
76,0,0,2020-05-12 16:01:09,2020-05-12 16:11:02
106,0,233,2020-05-12 16:01:31,2020-05-12 16:02:16
29,0,306,2020-05-12 16:01:35,2020-05-12 16:07:42
142,0,412,2020-05-12 16:01:41,2020-05-12 16:03:01
144,0,0,2020-05-12 16:01:50,2020-05-12 16:05:42
140,0,140,2020-05-12 16:01:54,2020-05-12 16:02:04
27,0,171,2020-05-12 16:01:58,2020-05-12 16:02:14
18,18,409,2020-05-12 16:02:03,2020-05-12 16:02:11
140,0,306,2020-05-12 16:02:04,2020-05-12 16:02:35
153,0,0,2020-05-12 16:02:06,2020-05-12 16:13:31
18,18,312,2020-05-12 16:02:11,2020-05-12 16:02:31
122,0,169,2020-05-12 16:02:12,2020-05-12 16:02:41
27,0,322,2020-05-12 16:02:14,2020-05-12 16:03:13
106,0,412,2020-05-12 16:02:16,2020-05-12 16:03:43
104,0,320,2020-05-12 16:02:25,2020-05-12 16:02:42
60,0,0,2020-05-12 16:02:29,2020-05-12 16:12:57
18,18,307,2020-05-12 16:02:31,2020-05-12 16:03:09
159,0,0,2020-05-12 16:02:32,2020-05-12 16:11:54
140,0,305,2020-05-12 16:02:35,2020-05-12 16:03:06
122,0,323,2020-05-12 16:02:41,2020-05-12 16:03:03
104,0,326,2020-05-12 16:02:42,2020-05-12 16:03:24
20,0,0,2020-05-12 16:02:48,2020-05-12 16:12:12
142,0,403,2020-05-12 16:03:01,2020-05-12 16:03:27
122,0,322,2020-05-12 16:03:03,2020-05-12 16:03:53
43,0,0,2020-05-12 16:03:04,2020-05-12 16:12:53
140,0,304,2020-05-12 16:03:06,2020-05-12 16:03:37
18,18,306,2020-05-12 16:03:09,2020-05-12 16:03:43
27,0,325,2020-05-12 16:03:13,2020-05-12 16:08:22
104,0,0,2020-05-12 16:03:24,2020-05-12 16:08:54
142,0,402,2020-05-12 16:03:27,2020-05-12 16:03:39
140,0,303,2020-05-12 16:03:37,2020-05-12 16:05:09
142,0,401,2020-05-12 16:03:39,2020-05-12 16:03:47
18,18,305,2020-05-12 16:03:43,2020-05-12 16:03:59
106,0,403,2020-05-12 16:03:43,2020-05-12 16:04:09
142,0,301,2020-05-12 16:03:47,2020-05-12 16:05:55
122,0,325,2020-05-12 16:03:53,2020-05-12 16:08:03
18,18,126,2020-05-12 16:03:59,2020-05-12 16:58:39
13,0,0,2020-05-12 16:04:00,2020-05-12 16:09:18
73,0,0,2020-05-12 16:04:02,2020-05-12 16:12:53
106,0,402,2020-05-12 16:04:09,2020-05-12 16:04:24
79,0,0,2020-05-12 16:04:13,2020-05-12 16:15:23
53,45,0,2020-05-12 16:04:13,2020-05-12 16:11:12
106,0,401,2020-05-12 16:04:24,2020-05-12 16:04:31
103,0,0,2020-05-12 16:04:26,2020-05-12 16:12:54
106,0,301,2020-05-12 16:04:31,2020-05-12 16:07:12
28,0,0,2020-05-12 16:04:33,2020-05-12 16:15:04
30,61,0,2020-05-12 16:04:56,2020-05-12 16:10:44
17,33,0,2020-05-12 16:04:56,2020-05-12 16:07:40
140,0,315,2020-05-12 16:05:09,2020-05-12 16:06:45
119,0,0,2020-05-12 16:05:27,2020-05-12 16:15:50
48,0,0,2020-05-12 16:05:40,2020-05-12 16:07:21
144,0,0,2020-05-12 16:05:42,2020-05-12 16:15:42
44,0,0,2020-05-12 16:05:47,2020-05-12 16:06:05
142,0,0,2020-05-12 16:05:55,2020-05-12 16:10:44
148,0,0,2020-05-12 16:05:57,2020-05-12 16:17:04
36,86,0,2020-05-12 16:05:59,2020-05-12 16:08:06
80,0,0,2020-05-12 16:06:01,2020-05-12 16:15:16
44,0,0,2020-05-12 16:06:05,2020-05-12 16:16:07
3,0,237,2020-05-12 16:06:09,2020-05-12 16:06:32
37,54,0,2020-05-12 16:06:11,2020-05-12 16:06:56
35,0,234,2020-05-12 16:06:30,2020-05-12 16:06:48
3,0,414,2020-05-12 16:06:32,2020-05-12 16:06:55
140,0,320,2020-05-12 16:06:45,2020-05-12 16:07:02
10,0,0,2020-05-12 16:06:47,2020-05-12 16:16:51
35,0,411,2020-05-12 16:06:48,2020-05-12 16:07:15
84,0,0,2020-05-12 16:06:50,2020-05-12 16:16:49
3,0,415,2020-05-12 16:06:55,2020-05-12 16:07:57
37,54,326,2020-05-12 16:06:56,2020-05-12 16:07:15
40,0,252,2020-05-12 16:06:58,2020-05-12 16:07:40
140,0,326,2020-05-12 16:07:02,2020-05-12 16:08:07
106,0,0,2020-05-12 16:07:12,2020-05-12 16:13:02
37,54,320,2020-05-12 16:07:15,2020-05-12 16:08:27
35,0,412,2020-05-12 16:07:15,2020-05-12 16:08:34
48,0,0,2020-05-12 16:07:21,2020-05-12 16:15:21
62,38,0,2020-05-12 16:07:28,2020-05-12 16:10:50
8,0,0,2020-05-12 16:07:37,2020-05-12 16:17:49
40,0,421,2020-05-12 16:07:40,2020-05-12 16:09:04
17,33,301,2020-05-12 16:07:40,2020-05-12 16:07:54
29,0,0,2020-05-12 16:07:42,2020-05-12 16:11:27
17,33,401,2020-05-12 16:07:54,2020-05-12 16:08:13
3,0,412,2020-05-12 16:07:57,2020-05-12 16:09:29
122,0,0,2020-05-12 16:08:03,2020-05-12 16:11:25
36,86,301,2020-05-12 16:08:06,2020-05-12 16:08:19
140,0,0,2020-05-12 16:08:07,2020-05-12 16:12:03
6,0,0,2020-05-12 16:08:09,2020-05-12 16:16:31
17,33,402,2020-05-12 16:08:13,2020-05-12 16:08:38
146,0,0,2020-05-12 16:08:17,2020-05-12 16:18:18
36,86,401,2020-05-12 16:08:19,2020-05-12 16:08:34
27,0,0,2020-05-12 16:08:22,2020-05-12 16:10:45
71,0,0,2020-05-12 16:08:26,2020-05-12 16:18:59
37,54,315,2020-05-12 16:08:27,2020-05-12 16:08:57
36,86,402,2020-05-12 16:08:34,2020-05-12 16:09:04
35,0,403,2020-05-12 16:08:34,2020-05-12 16:09:01
156,0,252,2020-05-12 16:08:35,2020-05-12 16:09:17
17,33,403,2020-05-12 16:08:38,2020-05-12 16:09:58
89,0,0,2020-05-12 16:08:43,2020-05-12 16:20:36
134,0,0,2020-05-12 16:08:54,2020-05-12 16:19:22
104,103,0,2020-05-12 16:08:54,2020-05-12 16:09:41
37,54,316,2020-05-12 16:08:57,2020-05-12 16:09:28
35,0,402,2020-05-12 16:09:01,2020-05-12 16:09:16
125,0,0,2020-05-12 16:09:03,2020-05-12 16:19:25
36,86,403,2020-05-12 16:09:04,2020-05-12 16:09:39
40,0,325,2020-05-12 16:09:04,2020-05-12 16:14:44
35,0,401,2020-05-12 16:09:16,2020-05-12 16:09:26
156,0,421,2020-05-12 16:09:17,2020-05-12 16:10:41
13,0,0,2020-05-12 16:09:18,2020-05-12 16:19:12
35,0,301,2020-05-12 16:09:26,2020-05-12 16:12:48
37,54,317,2020-05-12 16:09:28,2020-05-12 16:11:32
3,0,403,2020-05-12 16:09:29,2020-05-12 16:09:56
36,86,404,2020-05-12 16:09:39,2020-05-12 16:10:09
104,103,326,2020-05-12 16:09:41,2020-05-12 16:10:29
3,0,402,2020-05-12 16:09:56,2020-05-12 16:10:12
17,33,412,2020-05-12 16:09:58,2020-05-12 16:10:59
11,0,205,2020-05-12 16:10:01,2020-05-12 16:10:31
36,86,405,2020-05-12 16:10:09,2020-05-12 16:10:57
3,0,401,2020-05-12 16:10:12,2020-05-12 16:10:19
3,0,301,2020-05-12 16:10:19,2020-05-12 16:13:36
101,0,0,2020-05-12 16:10:25,2020-05-12 16:19:29
104,103,102,2020-05-12 16:10:29,2020-05-12 16:11:53
11,0,403,2020-05-12 16:10:31,2020-05-12 16:10:54
156,0,325,2020-05-12 16:10:41,2020-05-12 16:16:21
30,61,306,2020-05-12 16:10:44,2020-05-12 16:10:52
142,0,0,2020-05-12 16:10:44,2020-05-12 16:20:03
27,0,0,2020-05-12 16:10:45,2020-05-12 16:19:02
62,38,301,2020-05-12 16:10:50,2020-05-12 16:10:58
30,61,140,2020-05-12 16:10:52,2020-05-12 18:05:00
11,0,402,2020-05-12 16:10:54,2020-05-12 16:11:07
36,86,406,2020-05-12 16:10:57,2020-05-12 16:11:26
62,38,401,2020-05-12 16:10:58,2020-05-12 16:11:09
17,33,415,2020-05-12 16:10:59,2020-05-12 16:11:40
76,0,0,2020-05-12 16:11:02,2020-05-12 16:19:37
91,79,0,2020-05-12 16:11:06,2020-05-12 16:14:22
11,0,401,2020-05-12 16:11:07,2020-05-12 16:11:17
62,38,402,2020-05-12 16:11:09,2020-05-12 16:11:26
53,45,313,2020-05-12 16:11:12,2020-05-12 16:11:12
53,45,162,2020-05-12 16:11:12,2020-05-12 18:28:54
11,0,301,2020-05-12 16:11:17,2020-05-12 16:14:29
122,0,0,2020-05-12 16:11:25,2020-05-12 16:22:18
36,86,227,2020-05-12 16:11:26,2020-05-12 18:48:26
62,38,202,2020-05-12 16:11:26,2020-05-12 17:42:00
29,0,0,2020-05-12 16:11:27,2020-05-12 16:21:45
37,54,319,2020-05-12 16:11:32,2020-05-12 16:12:40
17,33,416,2020-05-12 16:11:40,2020-05-12 16:11:53
32,0,0,2020-05-12 16:11:45,2020-05-12 16:21:57
17,33,250,2020-05-12 16:11:53,2020-05-12 17:53:00
104,103,321,2020-05-12 16:11:53,2020-05-12 16:14:18
159,0,0,2020-05-12 16:11:54,2020-05-12 16:22:22
140,0,0,2020-05-12 16:12:03,2020-05-12 16:21:56
20,0,0,2020-05-12 16:12:12,2020-05-12 16:21:43
37,54,318,2020-05-12 16:12:40,2020-05-12 16:12:57
35,0,0,2020-05-12 16:12:48,2020-05-12 16:15:14
73,45,0,2020-05-12 16:12:53,2020-05-12 16:13:42
43,0,0,2020-05-12 16:12:53,2020-05-12 16:22:44
103,95,0,2020-05-12 16:12:54,2020-05-12 16:14:47
60,0,0,2020-05-12 16:12:57,2020-05-12 16:22:23
37,54,155,2020-05-12 16:12:57,2020-05-12 17:31:17
106,0,0,2020-05-12 16:13:02,2020-05-12 16:22:56
145,0,241,2020-05-12 16:13:20,2020-05-12 16:14:18
153,134,0,2020-05-12 16:13:31,2020-05-12 16:16:00
3,0,0,2020-05-12 16:13:36,2020-05-12 16:15:54
73,45,326,2020-05-12 16:13:42,2020-05-12 16:14:02
73,45,320,2020-05-12 16:14:02,2020-05-12 16:15:15
104,103,322,2020-05-12 16:14:18,2020-05-12 16:14:38
145,0,415,2020-05-12 16:14:18,2020-05-12 16:15:35
72,57,416,2020-05-12 16:14:18,2020-05-12 16:14:43
12,0,415,2020-05-12 16:14:18,2020-05-12 16:15:35
91,79,312,2020-05-12 16:14:22,2020-05-12 16:15:19
11,0,0,2020-05-12 16:14:29,2020-05-12 16:18:37
19,0,154,2020-05-12 16:14:34,2020-05-12 16:15:20
104,103,323,2020-05-12 16:14:38,2020-05-12 16:15:09
72,57,417,2020-05-12 16:14:43,2020-05-12 16:15:56
40,0,0,2020-05-12 16:14:44,2020-05-12 16:17:43
103,95,301,2020-05-12 16:14:47,2020-05-12 16:14:55
103,95,401,2020-05-12 16:14:55,2020-05-12 16:15:08
28,0,0,2020-05-12 16:15:04,2020-05-12 16:24:40
103,95,402,2020-05-12 16:15:08,2020-05-12 16:15:31
104,103,172,2020-05-12 16:15:09,2020-05-12 18:27:16
35,63,0,2020-05-12 16:15:14,2020-05-12 16:16:03
73,45,315,2020-05-12 16:15:15,2020-05-12 16:15:47
80,0,0,2020-05-12 16:15:16,2020-05-12 16:25:16
91,79,308,2020-05-12 16:15:19,2020-05-12 16:15:46
19,0,318,2020-05-12 16:15:20,2020-05-12 16:16:08
48,0,0,2020-05-12 16:15:21,2020-05-12 16:23:19
79,0,0,2020-05-12 16:15:23,2020-05-12 16:25:41
78,0,254,2020-05-12 16:15:27,2020-05-12 16:16:01
103,95,403,2020-05-12 16:15:31,2020-05-12 16:16:34
12,0,412,2020-05-12 16:15:35,2020-05-12 16:16:20
145,0,412,2020-05-12 16:15:35,2020-05-12 16:16:20
144,0,0,2020-05-12 16:15:42,2020-05-12 16:24:58
91,79,309,2020-05-12 16:15:46,2020-05-12 16:15:56
73,45,104,2020-05-12 16:15:47,2020-05-12 17:28:04
119,0,0,2020-05-12 16:15:50,2020-05-12 16:25:08
3,0,0,2020-05-12 16:15:54,2020-05-12 16:25:07
91,79,310,2020-05-12 16:15:56,2020-05-12 16:16:51
72,57,421,2020-05-12 16:15:56,2020-05-12 16:16:22
153,134,301,2020-05-12 16:16:00,2020-05-12 16:16:08
78,0,418,2020-05-12 16:16:01,2020-05-12 16:16:09
35,63,326,2020-05-12 16:16:03,2020-05-12 16:16:23
44,38,0,2020-05-12 16:16:07,2020-05-12 16:26:00
153,134,401,2020-05-12 16:16:08,2020-05-12 16:16:26
19,0,319,2020-05-12 16:16:08,2020-05-12 16:18:10
78,0,419,2020-05-12 16:16:09,2020-05-12 16:16:31
12,0,403,2020-05-12 16:16:20,2020-05-12 16:16:46
145,0,403,2020-05-12 16:16:20,2020-05-12 16:16:46
156,0,0,2020-05-12 16:16:21,2020-05-12 16:18:22
72,57,419,2020-05-12 16:16:22,2020-05-12 16:16:31
35,63,320,2020-05-12 16:16:23,2020-05-12 16:17:36
153,134,402,2020-05-12 16:16:26,2020-05-12 16:16:54
6,0,0,2020-05-12 16:16:31,2020-05-12 16:26:35
72,57,418,2020-05-12 16:16:31,2020-05-12 16:18:51
78,0,421,2020-05-12 16:16:31,2020-05-12 16:18:40
103,95,412,2020-05-12 16:16:34,2020-05-12 16:17:47
145,0,402,2020-05-12 16:16:46,2020-05-12 16:17:03
12,0,402,2020-05-12 16:16:46,2020-05-12 16:17:03
84,0,0,2020-05-12 16:16:49,2020-05-12 16:27:16
10,5,0,2020-05-12 16:16:51,2020-05-12 16:19:40
91,79,161,2020-05-12 16:16:51,2020-05-12 18:19:16
107,0,226,2020-05-12 16:16:53,2020-05-12 16:17:25
153,134,403,2020-05-12 16:16:54,2020-05-12 16:17:41
12,0,401,2020-05-12 16:17:03,2020-05-12 16:17:11
145,0,401,2020-05-12 16:17:03,2020-05-12 16:17:11
148,139,0,2020-05-12 16:17:04,2020-05-12 16:24:32
12,0,301,2020-05-12 16:17:11,2020-05-12 16:19:49
145,0,301,2020-05-12 16:17:11,2020-05-12 16:19:49
107,0,405,2020-05-12 16:17:25,2020-05-12 16:17:57
35,63,315,2020-05-12 16:17:36,2020-05-12 16:18:08
153,134,206,2020-05-12 16:17:41,2020-05-12 17:37:38
40,0,0,2020-05-12 16:17:43,2020-05-12 16:26:43
103,95,415,2020-05-12 16:17:47,2020-05-12 16:18:20
8,0,0,2020-05-12 16:17:49,2020-05-12 16:26:42
107,0,404,2020-05-12 16:17:57,2020-05-12 16:18:40
35,63,104,2020-05-12 16:18:08,2020-05-12 18:18:09
19,0,317,2020-05-12 16:18:10,2020-05-12 16:18:57
94,0,238,2020-05-12 16:18:13,2020-05-12 16:18:30
146,132,0,2020-05-12 16:18:18,2020-05-12 16:21:52
103,95,414,2020-05-12 16:18:20,2020-05-12 16:18:45
156,0,0,2020-05-12 16:18:22,2020-05-12 16:28:06
94,0,414,2020-05-12 16:18:30,2020-05-12 16:18:56
11,0,0,2020-05-12 16:18:37,2020-05-12 16:28:08
107,0,403,2020-05-12 16:18:40,2020-05-12 16:19:20
78,0,325,2020-05-12 16:18:40,2020-05-12 16:23:24
103,95,247,2020-05-12 16:18:45,2020-05-12 17:42:46
72,57,409,2020-05-12 16:18:51,2020-05-12 16:18:58
94,0,415,2020-05-12 16:18:56,2020-05-12 16:19:54
19,0,316,2020-05-12 16:18:57,2020-05-12 16:19:29
72,57,312,2020-05-12 16:18:58,2020-05-12 16:19:44
71,0,0,2020-05-12 16:18:59,2020-05-12 16:28:28
27,0,0,2020-05-12 16:19:02,2020-05-12 16:29:33
13,0,0,2020-05-12 16:19:12,2020-05-12 16:28:08
107,0,402,2020-05-12 16:19:20,2020-05-12 16:19:35
134,0,0,2020-05-12 16:19:22,2020-05-12 16:29:57
125,0,0,2020-05-12 16:19:25,2020-05-12 16:28:45
101,125,0,2020-05-12 16:19:29,2020-05-12 16:23:00
19,0,315,2020-05-12 16:19:29,2020-05-12 16:20:37
107,0,401,2020-05-12 16:19:35,2020-05-12 16:19:45
76,0,0,2020-05-12 16:19:37,2020-05-12 16:29:49
10,5,301,2020-05-12 16:19:40,2020-05-12 16:19:50
72,57,308,2020-05-12 16:19:44,2020-05-12 16:19:49
107,0,301,2020-05-12 16:19:45,2020-05-12 16:22:35
145,0,0,2020-05-12 16:19:49,2020-05-12 16:24:36
12,0,0,2020-05-12 16:19:49,2020-05-12 14:58:31
72,57,155,2020-05-12 16:19:49,2020-05-12 17:38:52
10,5,401,2020-05-12 16:19:50,2020-05-12 16:20:01
94,0,412,2020-05-12 16:19:54,2020-05-12 16:21:12
10,5,402,2020-05-12 16:20:01,2020-05-12 16:20:26
142,0,0,2020-05-12 16:20:03,2020-05-12 16:30:57
10,5,403,2020-05-12 16:20:26,2020-05-12 16:21:11
89,0,0,2020-05-12 16:20:36,2020-05-12 16:31:07
19,0,320,2020-05-12 16:20:37,2020-05-12 16:21:00
19,0,326,2020-05-12 16:21:00,2020-05-12 16:21:53
10,5,404,2020-05-12 16:21:11,2020-05-12 16:21:45
94,0,403,2020-05-12 16:21:12,2020-05-12 16:21:46
20,0,0,2020-05-12 16:21:43,2020-05-12 16:33:07
29,0,0,2020-05-12 16:21:45,2020-05-12 16:32:14
10,5,224,2020-05-12 16:21:45,2020-05-12 18:21:17
94,0,402,2020-05-12 16:21:46,2020-05-12 16:21:58
146,132,301,2020-05-12 16:21:52,2020-05-12 16:22:01
19,0,0,2020-05-12 16:21:53,2020-05-12 16:22:10
140,0,0,2020-05-12 16:21:56,2020-05-12 16:33:24
32,69,0,2020-05-12 16:21:57,2020-05-12 16:25:08
94,0,401,2020-05-12 16:21:58,2020-05-12 16:22:08
146,132,401,2020-05-12 16:22:01,2020-05-12 16:22:14
94,0,301,2020-05-12 16:22:08,2020-05-12 16:26:11
19,0,0,2020-05-12 16:22:10,2020-05-12 16:31:10
146,132,402,2020-05-12 16:22:14,2020-05-12 16:22:45
120,121,224,2020-05-12 16:22:16,2020-05-12 16:22:50
122,0,0,2020-05-12 16:22:18,2020-05-12 16:31:36
159,0,0,2020-05-12 16:22:22,2020-05-12 16:33:22
60,0,0,2020-05-12 16:22:23,2020-05-12 16:32:45
107,0,0,2020-05-12 16:22:35,2020-05-12 16:25:48
43,0,0,2020-05-12 16:22:44,2020-05-12 16:32:30
146,132,403,2020-05-12 16:22:45,2020-05-12 16:24:16
120,121,405,2020-05-12 16:22:50,2020-05-12 16:23:32
106,124,0,2020-05-12 16:22:56,2020-05-12 16:26:00
101,125,301,2020-05-12 16:23:00,2020-05-12 16:23:08
101,125,401,2020-05-12 16:23:08,2020-05-12 16:23:25
48,0,0,2020-05-12 16:23:19,2020-05-12 16:33:12
78,0,0,2020-05-12 16:23:24,2020-05-12 16:24:36
101,125,402,2020-05-12 16:23:25,2020-05-12 16:23:48
120,121,406,2020-05-12 16:23:32,2020-05-12 16:23:43
120,121,228,2020-05-12 16:23:43,2020-05-12 18:05:21
101,125,203,2020-05-12 16:23:48,2020-05-12 18:04:16
146,132,412,2020-05-12 16:24:16,2020-05-12 16:25:47
135,0,137,2020-05-12 16:24:32,2020-05-12 16:24:59
148,139,312,2020-05-12 16:24:32,2020-05-12 16:25:20
78,77,0,2020-05-12 16:24:36,2020-05-12 16:27:45
145,0,0,2020-05-12 16:24:36,2020-05-12 16:32:01
28,0,0,2020-05-12 16:24:40,2020-05-12 16:33:38
144,0,0,2020-05-12 16:24:58,2020-05-12 16:35:52
135,0,305,2020-05-12 16:24:59,2020-05-12 16:25:22
3,0,0,2020-05-12 16:25:07,2020-05-12 16:36:16
119,0,0,2020-05-12 16:25:08,2020-05-12 16:36:14
32,69,301,2020-05-12 16:25:08,2020-05-12 16:25:18
80,0,0,2020-05-12 16:25:16,2020-05-12 16:35:31
32,69,401,2020-05-12 16:25:18,2020-05-12 16:25:34
148,139,308,2020-05-12 16:25:20,2020-05-12 16:25:42
135,0,304,2020-05-12 16:25:22,2020-05-12 16:25:50
32,69,402,2020-05-12 16:25:34,2020-05-12 16:25:55
79,0,0,2020-05-12 16:25:41,2020-05-12 16:35:30
148,139,149,2020-05-12 16:25:42,2020-05-12 18:48:44
146,132,415,2020-05-12 16:25:47,2020-05-12 16:26:07
107,104,0,2020-05-12 16:25:48,2020-05-12 16:28:13
135,0,303,2020-05-12 16:25:50,2020-05-12 16:26:13
32,69,403,2020-05-12 16:25:55,2020-05-12 16:26:23
106,124,301,2020-05-12 16:26:00,2020-05-12 16:26:09
44,38,324,2020-05-12 16:26:00,2020-05-12 16:26:52
146,132,414,2020-05-12 16:26:07,2020-05-12 16:26:32
106,124,401,2020-05-12 16:26:09,2020-05-12 16:26:26
94,0,0,2020-05-12 16:26:11,2020-05-12 16:26:48
135,0,302,2020-05-12 16:26:13,2020-05-12 16:26:30
32,69,404,2020-05-12 16:26:23,2020-05-12 16:26:49
106,124,402,2020-05-12 16:26:26,2020-05-12 16:26:50
135,0,301,2020-05-12 16:26:30,2020-05-12 16:29:53
146,132,237,2020-05-12 16:26:32,2020-05-12 17:35:29
6,0,0,2020-05-12 16:26:35,2020-05-12 16:35:24
8,0,0,2020-05-12 16:26:42,2020-05-12 16:36:48
40,0,0,2020-05-12 16:26:43,2020-05-12 16:35:27
51,0,155,2020-05-12 16:26:46,2020-05-12 16:27:17
94,0,0,2020-05-12 16:26:48,2020-05-12 16:37:11
32,69,405,2020-05-12 16:26:49,2020-05-12 16:27:21
106,124,403,2020-05-12 16:26:50,2020-05-12 16:27:46
44,38,174,2020-05-12 16:26:52,2020-05-12 19:11:28
70,0,224,2020-05-12 16:27:11,2020-05-12 16:27:49
84,76,0,2020-05-12 16:27:16,2020-05-12 16:29:53
51,0,318,2020-05-12 16:27:17,2020-05-12 16:27:56
32,69,406,2020-05-12 16:27:21,2020-05-12 16:27:53
78,77,301,2020-05-12 16:27:45,2020-05-12 16:27:53
106,124,412,2020-05-12 16:27:46,2020-05-12 16:28:32
70,0,404,2020-05-12 16:27:49,2020-05-12 16:28:20
78,77,401,2020-05-12 16:27:53,2020-05-12 16:28:09
32,69,407,2020-05-12 16:27:53,2020-05-12 16:28:36
51,0,319,2020-05-12 16:27:56,2020-05-12 16:29:53
156,0,0,2020-05-12 16:28:06,2020-05-12 16:37:30
13,0,0,2020-05-12 16:28:08,2020-05-12 16:38:47
11,14,0,2020-05-12 16:28:08,2020-05-12 16:28:55
78,77,402,2020-05-12 16:28:09,2020-05-12 16:28:28
107,104,325,2020-05-12 16:28:13,2020-05-12 16:29:43
137,122,214,2020-05-12 16:28:18,2020-05-12 16:29:14
70,0,403,2020-05-12 16:28:20,2020-05-12 16:28:45
78,77,403,2020-05-12 16:28:28,2020-05-12 16:30:04
71,0,0,2020-05-12 16:28:28,2020-05-12 16:38:34
106,124,233,2020-05-12 16:28:32,2020-05-12 17:49:28
149,0,132,2020-05-12 16:28:34,2020-05-12 16:28:49
32,69,216,2020-05-12 16:28:36,2020-05-12 19:22:28
125,118,0,2020-05-12 16:28:45,2020-05-12 16:34:58
70,0,402,2020-05-12 16:28:45,2020-05-12 16:28:57
149,0,302,2020-05-12 16:28:49,2020-05-12 16:29:18
11,14,326,2020-05-12 16:28:55,2020-05-12 16:29:19
70,0,401,2020-05-12 16:28:57,2020-05-12 16:29:07
70,0,301,2020-05-12 16:29:07,2020-05-12 16:31:33
137,122,407,2020-05-12 16:29:14,2020-05-12 16:29:42
149,0,301,2020-05-12 16:29:18,2020-05-12 16:33:09
11,14,320,2020-05-12 16:29:19,2020-05-12 16:30:21
158,0,224,2020-05-12 16:29:19,2020-05-12 16:29:57
27,0,0,2020-05-12 16:29:33,2020-05-12 16:40:07
9,0,218,2020-05-12 16:29:41,2020-05-12 16:30:00
137,122,406,2020-05-12 16:29:42,2020-05-12 16:30:28
107,104,421,2020-05-12 16:29:43,2020-05-12 16:30:06
76,15,0,2020-05-12 16:29:49,2020-05-12 16:33:39
135,0,0,2020-05-12 16:29:53,2020-05-12 16:34:08
51,0,317,2020-05-12 16:29:53,2020-05-12 16:30:25
84,76,301,2020-05-12 16:29:53,2020-05-12 16:30:05
134,0,0,2020-05-12 16:29:57,2020-05-12 16:40:15
158,0,404,2020-05-12 16:29:57,2020-05-12 16:30:28
9,0,401,2020-05-12 16:30:00,2020-05-12 16:30:11
78,77,412,2020-05-12 16:30:04,2020-05-12 16:31:31
84,76,401,2020-05-12 16:30:05,2020-05-12 16:30:18
107,104,419,2020-05-12 16:30:06,2020-05-12 16:30:13
9,0,301,2020-05-12 16:30:11,2020-05-12 16:33:31
107,104,418,2020-05-12 16:30:13,2020-05-12 16:30:48
84,76,402,2020-05-12 16:30:18,2020-05-12 16:30:46
11,14,315,2020-05-12 16:30:21,2020-05-12 16:30:46
68,0,229,2020-05-12 16:30:21,2020-05-12 16:30:49
51,0,316,2020-05-12 16:30:25,2020-05-12 16:31:05
137,122,405,2020-05-12 16:30:28,2020-05-12 16:31:04
158,0,403,2020-05-12 16:30:28,2020-05-12 16:30:53
112,0,202,2020-05-12 16:30:40,2020-05-12 16:30:55
11,14,314,2020-05-12 16:30:46,2020-05-12 16:31:04
84,76,403,2020-05-12 16:30:46,2020-05-12 16:31:46
107,104,254,2020-05-12 16:30:48,2020-05-12 18:56:12
68,0,411,2020-05-12 16:30:49,2020-05-12 16:31:13
158,0,402,2020-05-12 16:30:53,2020-05-12 16:31:05
112,0,402,2020-05-12 16:30:55,2020-05-12 16:31:09
142,0,0,2020-05-12 16:30:57,2020-05-12 16:42:23
137,122,404,2020-05-12 16:31:04,2020-05-12 16:31:41
11,14,111,2020-05-12 16:31:04,2020-05-12 18:02:39
51,0,315,2020-05-12 16:31:05,2020-05-12 16:32:33
158,0,401,2020-05-12 16:31:05,2020-05-12 16:31:15
89,0,0,2020-05-12 16:31:07,2020-05-12 16:41:46
112,0,401,2020-05-12 16:31:09,2020-05-12 16:31:19
19,0,0,2020-05-12 16:31:10,2020-05-12 16:40:47
68,0,412,2020-05-12 16:31:13,2020-05-12 16:32:37
158,0,301,2020-05-12 16:31:15,2020-05-12 16:33:41
112,0,301,2020-05-12 16:31:19,2020-05-12 16:34:42
78,77,415,2020-05-12 16:31:31,2020-05-12 16:32:15
70,0,0,2020-05-12 16:31:33,2020-05-12 16:37:12
122,0,0,2020-05-12 16:31:36,2020-05-12 16:41:50
137,122,403,2020-05-12 16:31:41,2020-05-12 16:33:15
84,76,412,2020-05-12 16:31:46,2020-05-12 16:32:00
97,0,255,2020-05-12 16:31:59,2020-05-12 16:32:36
84,76,236,2020-05-12 16:32:00,2020-05-12 18:47:01
145,0,0,2020-05-12 16:32:01,2020-05-12 16:41:59
29,0,0,2020-05-12 16:32:14,2020-05-12 16:42:57
78,77,416,2020-05-12 16:32:15,2020-05-12 16:32:40
117,0,222,2020-05-12 16:32:23,2020-05-12 16:32:53
43,0,0,2020-05-12 16:32:30,2020-05-12 16:43:35
51,0,320,2020-05-12 16:32:33,2020-05-12 16:32:55
97,0,418,2020-05-12 16:32:36,2020-05-12 16:32:45
68,0,403,2020-05-12 16:32:37,2020-05-12 16:33:02
78,77,243,2020-05-12 16:32:40,2020-05-12 19:54:03
97,0,419,2020-05-12 16:32:45,2020-05-12 16:33:16
60,48,0,2020-05-12 16:32:45,2020-05-12 16:39:58
117,0,404,2020-05-12 16:32:53,2020-05-12 16:33:20
51,0,326,2020-05-12 16:32:55,2020-05-12 16:33:32
68,0,402,2020-05-12 16:33:02,2020-05-12 16:33:24
20,0,0,2020-05-12 16:33:07,2020-05-12 16:42:57
149,0,0,2020-05-12 16:33:09,2020-05-12 16:39:45
48,0,0,2020-05-12 16:33:12,2020-05-12 16:44:04
137,122,412,2020-05-12 16:33:15,2020-05-12 16:34:56
97,0,421,2020-05-12 16:33:16,2020-05-12 16:34:55
143,0,211,2020-05-12 16:33:19,2020-05-12 16:33:50
117,0,403,2020-05-12 16:33:20,2020-05-12 16:33:40
159,0,0,2020-05-12 16:33:22,2020-05-12 16:43:12
140,110,0,2020-05-12 16:33:24,2020-05-12 16:36:00
68,0,401,2020-05-12 16:33:24,2020-05-12 16:33:31
68,0,301,2020-05-12 16:33:31,2020-05-12 16:37:34
9,0,0,2020-05-12 16:33:31,2020-05-12 16:40:31
51,0,0,2020-05-12 16:33:32,2020-05-12 16:35:51
147,135,241,2020-05-12 16:33:36,2020-05-12 16:34:28
28,0,0,2020-05-12 16:33:38,2020-05-12 16:42:05
76,15,301,2020-05-12 16:33:39,2020-05-12 16:33:50
117,0,402,2020-05-12 16:33:40,2020-05-12 16:33:57
158,0,0,2020-05-12 16:33:41,2020-05-12 16:36:29
76,15,401,2020-05-12 16:33:50,2020-05-12 16:34:08
143,0,405,2020-05-12 16:33:50,2020-05-12 16:34:25
117,0,401,2020-05-12 16:33:57,2020-05-12 16:34:10
135,94,0,2020-05-12 16:34:08,2020-05-12 16:39:12
76,15,402,2020-05-12 16:34:08,2020-05-12 16:34:30
117,0,301,2020-05-12 16:34:10,2020-05-12 16:36:25
143,0,404,2020-05-12 16:34:25,2020-05-12 16:34:58
147,135,415,2020-05-12 16:34:28,2020-05-12 16:35:40
76,15,403,2020-05-12 16:34:30,2020-05-12 16:35:10
98,0,171,2020-05-12 16:34:41,2020-05-12 16:34:57
112,0,0,2020-05-12 16:34:42,2020-05-12 16:39:50
67,0,204,2020-05-12 16:34:43,2020-05-12 16:34:58
97,0,325,2020-05-12 16:34:55,2020-05-12 16:39:59
137,122,415,2020-05-12 16:34:56,2020-05-12 16:35:18
98,0,322,2020-05-12 16:34:57,2020-05-12 16:35:56
143,0,403,2020-05-12 16:34:58,2020-05-12 16:35:19
125,118,306,2020-05-12 16:34:58,2020-05-12 16:35:31
67,0,403,2020-05-12 16:34:58,2020-05-12 16:35:34
76,15,404,2020-05-12 16:35:10,2020-05-12 16:35:43
137,122,414,2020-05-12 16:35:18,2020-05-12 16:35:43
143,0,402,2020-05-12 16:35:19,2020-05-12 16:35:37
50,0,110,2020-05-12 16:35:19,2020-05-12 16:35:41
6,0,0,2020-05-12 16:35:24,2020-05-12 16:45:48
40,10,0,2020-05-12 16:35:27,2020-05-12 16:41:35
79,0,0,2020-05-12 16:35:30,2020-05-12 16:47:43
80,0,0,2020-05-12 16:35:31,2020-05-12 16:46:05
125,118,139,2020-05-12 16:35:31,2020-05-12 18:27:17
67,0,402,2020-05-12 16:35:34,2020-05-12 16:35:48
143,0,401,2020-05-12 16:35:37,2020-05-12 16:35:47
147,135,412,2020-05-12 16:35:40,2020-05-12 16:36:49
50,0,317,2020-05-12 16:35:41,2020-05-12 16:36:14
137,122,247,2020-05-12 16:35:43,2020-05-12 17:31:35
76,15,405,2020-05-12 16:35:43,2020-05-12 16:36:22
143,0,301,2020-05-12 16:35:47,2020-05-12 16:39:21
67,0,401,2020-05-12 16:35:48,2020-05-12 16:35:58
51,0,0,2020-05-12 16:35:51,2020-05-12 16:46:20
144,0,0,2020-05-12 16:35:52,2020-05-12 16:46:09
98,0,325,2020-05-12 16:35:56,2020-05-12 16:41:05
67,0,301,2020-05-12 16:35:58,2020-05-12 16:38:05
140,110,301,2020-05-12 16:36:00,2020-05-12 16:36:12
140,110,401,2020-05-12 16:36:12,2020-05-12 16:36:31
50,0,316,2020-05-12 16:36:14,2020-05-12 16:36:56
119,0,0,2020-05-12 16:36:14,2020-05-12 16:45:28
3,0,0,2020-05-12 16:36:16,2020-05-12 16:44:04
76,15,406,2020-05-12 16:36:22,2020-05-12 16:36:47
117,0,0,2020-05-12 16:36:25,2020-05-12 16:42:29
158,0,0,2020-05-12 16:36:29,2020-05-12 16:48:25
140,110,218,2020-05-12 16:36:31,2020-05-12 18:29:17
76,15,213,2020-05-12 16:36:47,2020-05-12 17:32:18
8,0,0,2020-05-12 16:36:48,2020-05-12 16:45:54
147,135,403,2020-05-12 16:36:49,2020-05-12 16:37:19
50,0,315,2020-05-12 16:36:56,2020-05-12 16:37:36
94,0,0,2020-05-12 16:37:11,2020-05-12 16:47:47
70,0,0,2020-05-12 16:37:12,2020-05-12 16:46:44
147,135,402,2020-05-12 16:37:19,2020-05-12 16:37:33
156,0,0,2020-05-12 16:37:30,2020-05-12 16:47:54
147,135,401,2020-05-12 16:37:33,2020-05-12 16:37:45
68,0,0,2020-05-12 16:37:34,2020-05-12 16:41:10
50,0,320,2020-05-12 16:37:36,2020-05-12 16:37:51
21,0,226,2020-05-12 16:37:40,2020-05-12 16:38:12
147,135,301,2020-05-12 16:37:45,2020-05-12 16:38:12
50,0,326,2020-05-12 16:37:51,2020-05-12 16:38:32
130,0,251,2020-05-12 16:37:59,2020-05-12 16:38:10
67,0,0,2020-05-12 16:38:05,2020-05-12 16:43:45
130,0,417,2020-05-12 16:38:10,2020-05-12 16:39:30
21,0,405,2020-05-12 16:38:12,2020-05-12 16:38:44
147,135,302,2020-05-12 16:38:12,2020-05-12 16:38:33
46,0,232,2020-05-12 16:38:16,2020-05-12 16:38:51
50,0,0,2020-05-12 16:38:32,2020-05-12 16:45:25
147,135,303,2020-05-12 16:38:33,2020-05-12 16:39:03
71,0,0,2020-05-12 16:38:34,2020-05-12 16:49:32
21,0,404,2020-05-12 16:38:44,2020-05-12 16:39:27
13,0,0,2020-05-12 16:38:47,2020-05-12 16:48:49
46,0,412,2020-05-12 16:38:51,2020-05-12 16:39:39
22,0,174,2020-05-12 16:38:56,2020-05-12 16:39:34
147,135,304,2020-05-12 16:39:03,2020-05-12 16:39:27
138,0,133,2020-05-12 16:39:07,2020-05-12 16:39:24
135,94,306,2020-05-12 16:39:12,2020-05-12 16:39:27
143,0,0,2020-05-12 16:39:21,2020-05-12 16:44:05
138,0,302,2020-05-12 16:39:24,2020-05-12 16:39:54
147,135,305,2020-05-12 16:39:27,2020-05-12 16:39:47
135,94,129,2020-05-12 16:39:27,2020-05-12 17:24:12
21,0,403,2020-05-12 16:39:27,2020-05-12 16:40:07
130,0,421,2020-05-12 16:39:30,2020-05-12 16:41:11
22,0,324,2020-05-12 16:39:34,2020-05-12 16:46:26
46,0,403,2020-05-12 16:39:39,2020-05-12 16:40:02
149,0,0,2020-05-12 16:39:45,2020-05-12 16:49:15
147,135,127,2020-05-12 16:39:47,2020-05-12 17:42:37
151,0,214,2020-05-12 16:39:47,2020-05-12 16:41:06
112,0,0,2020-05-12 16:39:50,2020-05-12 16:50:27
138,0,301,2020-05-12 16:39:54,2020-05-12 16:42:19
60,48,312,2020-05-12 16:39:58,2020-05-12 16:40:53
97,0,0,2020-05-12 16:39:59,2020-05-12 16:43:48
46,0,402,2020-05-12 16:40:02,2020-05-12 16:40:19
27,0,0,2020-05-12 16:40:07,2020-05-12 16:51:22
21,0,402,2020-05-12 16:40:07,2020-05-12 16:40:22
134,0,0,2020-05-12 16:40:15,2020-05-12 16:49:33
46,0,401,2020-05-12 16:40:19,2020-05-12 16:40:27
21,0,401,2020-05-12 16:40:22,2020-05-12 16:40:32
46,0,301,2020-05-12 16:40:27,2020-05-12 16:42:29
9,30,0,2020-05-12 16:40:31,2020-05-12 16:47:21
21,0,301,2020-05-12 16:40:32,2020-05-12 16:43:22
141,0,172,2020-05-12 16:40:45,2020-05-12 16:41:13
19,0,0,2020-05-12 16:40:47,2020-05-12 16:51:37
60,48,308,2020-05-12 16:40:53,2020-05-12 16:41:24
93,0,206,2020-05-12 16:41:02,2020-05-12 16:41:27
98,0,0,2020-05-12 16:41:05,2020-05-12 16:45:42
151,0,407,2020-05-12 16:41:06,2020-05-12 16:41:33
68,0,0,2020-05-12 16:41:10,2020-05-12 16:51:01
130,0,325,2020-05-12 16:41:11,2020-05-12 16:48:01
141,0,323,2020-05-12 16:41:13,2020-05-12 16:41:33
60,48,309,2020-05-12 16:41:24,2020-05-12 16:41:34
88,78,128,2020-05-12 16:41:25,2020-05-12 16:41:56
93,0,403,2020-05-12 16:41:27,2020-05-12 16:41:48
95,0,153,2020-05-12 16:41:32,2020-05-12 16:42:00
141,0,322,2020-05-12 16:41:33,2020-05-12 16:42:13
151,0,406,2020-05-12 16:41:33,2020-05-12 16:42:23
60,48,310,2020-05-12 16:41:34,2020-05-12 16:42:14
40,10,312,2020-05-12 16:41:35,2020-05-12 16:42:12
89,0,0,2020-05-12 16:41:46,2020-05-12 16:51:24
93,0,402,2020-05-12 16:41:48,2020-05-12 16:42:09
122,0,0,2020-05-12 16:41:50,2020-05-12 16:50:31
105,0,178,2020-05-12 16:41:54,2020-05-12 16:43:06
88,78,306,2020-05-12 16:41:56,2020-05-12 16:42:29
145,0,0,2020-05-12 16:41:59,2020-05-12 16:52:21
95,0,313,2020-05-12 16:42:00,2020-05-12 16:49:34
28,0,0,2020-05-12 16:42:05,2020-05-12 16:50:57
93,0,401,2020-05-12 16:42:09,2020-05-12 16:42:19
40,10,308,2020-05-12 16:42:12,2020-05-12 16:42:34
141,0,325,2020-05-12 16:42:13,2020-05-12 16:46:36
60,48,152,2020-05-12 16:42:14,2020-05-12 17:11:34
93,0,301,2020-05-12 16:42:19,2020-05-12 16:45:14
138,0,0,2020-05-12 16:42:19,2020-05-12 16:50:49
142,0,0,2020-05-12 16:42:23,2020-05-12 16:51:03
151,0,405,2020-05-12 16:42:23,2020-05-12 16:43:00
88,78,305,2020-05-12 16:42:29,2020-05-12 16:42:56
46,0,0,2020-05-12 16:42:29,2020-05-12 16:48:24
117,0,0,2020-05-12 16:42:29,2020-05-12 16:52:49
40,10,309,2020-05-12 16:42:34,2020-05-12 16:42:47
40,10,310,2020-05-12 16:42:47,2020-05-12 16:43:36
88,78,304,2020-05-12 16:42:56,2020-05-12 16:43:22
29,0,0,2020-05-12 16:42:57,2020-05-12 16:53:19
20,0,0,2020-05-12 16:42:57,2020-05-12 16:52:19
151,0,404,2020-05-12 16:43:00,2020-05-12 16:43:25
105,0,321,2020-05-12 16:43:06,2020-05-12 16:44:35
159,0,0,2020-05-12 16:43:12,2020-05-12 16:54:51
88,78,303,2020-05-12 16:43:22,2020-05-12 16:43:42
21,0,0,2020-05-12 16:43:22,2020-05-12 16:47:02
151,0,403,2020-05-12 16:43:25,2020-05-12 16:43:51
43,0,0,2020-05-12 16:43:35,2020-05-12 16:52:42
40,10,160,2020-05-12 16:43:36,2020-05-12 17:36:18
88,78,302,2020-05-12 16:43:42,2020-05-12 16:44:08
67,0,0,2020-05-12 16:43:45,2020-05-12 16:54:59
97,0,0,2020-05-12 16:43:48,2020-05-12 16:53:55
151,0,402,2020-05-12 16:43:51,2020-05-12 16:44:05
130,0,132,2020-05-12 16:44:03,2020-05-12 16:44:18
48,27,0,2020-05-12 16:44:04,2020-05-12 16:44:42
3,0,0,2020-05-12 16:44:04,2020-05-12 16:52:31
143,0,0,2020-05-12 16:44:05,2020-05-12 16:55:30
151,0,401,2020-05-12 16:44:05,2020-05-12 16:44:13
88,78,301,2020-05-12 16:44:08,2020-05-12 16:44:18
151,0,301,2020-05-12 16:44:13,2020-05-12 16:46:28
88,78,401,2020-05-12 16:44:18,2020-05-12 16:44:35
130,0,302,2020-05-12 16:44:18,2020-05-12 16:44:47
69,0,172,2020-05-12 16:44:23,2020-05-12 16:44:51
26,0,149,2020-05-12 16:44:29,2020-05-12 16:44:52
105,0,102,2020-05-12 16:44:35,2020-05-12 16:45:26
88,78,402,2020-05-12 16:44:35,2020-05-12 16:44:52
48,27,326,2020-05-12 16:44:42,2020-05-12 16:45:04
130,0,301,2020-05-12 16:44:47,2020-05-12 16:48:38
69,0,323,2020-05-12 16:44:51,2020-05-12 16:45:11
88,78,219,2020-05-12 16:44:52,2020-05-12 17:26:44
26,0,308,2020-05-12 16:44:52,2020-05-12 16:45:37
48,27,320,2020-05-12 16:45:04,2020-05-12 16:46:31
69,0,322,2020-05-12 16:45:11,2020-05-12 16:45:51
93,0,0,2020-05-12 16:45:14,2020-05-12 16:50:28
50,42,0,2020-05-12 16:45:25,2020-05-12 16:46:00
105,0,326,2020-05-12 16:45:26,2020-05-12 16:46:06
119,0,0,2020-05-12 16:45:28,2020-05-12 16:54:41
26,0,307,2020-05-12 16:45:37,2020-05-12 16:51:32
98,0,0,2020-05-12 16:45:42,2020-05-12 16:56:17
6,0,0,2020-05-12 16:45:48,2020-05-12 16:56:04
69,0,325,2020-05-12 16:45:51,2020-05-12 16:50:14
8,68,0,2020-05-12 16:45:54,2020-05-12 16:51:20
50,42,326,2020-05-12 16:46:00,2020-05-12 16:46:20
80,0,0,2020-05-12 16:46:05,2020-05-12 16:57:52
105,0,0,2020-05-12 16:46:06,2020-05-12 16:51:09
144,0,0,2020-05-12 16:46:09,2020-05-12 16:58:27
51,0,0,2020-05-12 16:46:20,2020-05-12 16:57:43
50,42,320,2020-05-12 16:46:20,2020-05-12 16:47:19
22,0,0,2020-05-12 16:46:26,2020-05-12 16:49:04
151,0,0,2020-05-12 16:46:28,2020-05-12 16:51:02
48,27,315,2020-05-12 16:46:31,2020-05-12 16:47:07
141,0,0,2020-05-12 16:46:36,2020-05-12 16:52:29
70,0,0,2020-05-12 16:46:44,2020-05-12 16:55:19
130,112,0,2020-05-12 16:46:56,2020-05-12 16:49:56
21,0,0,2020-05-12 16:47:02,2020-05-12 16:56:36
48,27,316,2020-05-12 16:47:07,2020-05-12 16:47:33
99,0,105,2020-05-12 16:47:13,2020-05-12 16:47:42
50,42,315,2020-05-12 16:47:19,2020-05-12 16:47:46
9,30,312,2020-05-12 16:47:21,2020-05-12 16:48:07
48,27,317,2020-05-12 16:47:33,2020-05-12 16:49:29
99,0,315,2020-05-12 16:47:42,2020-05-12 16:48:54
79,0,0,2020-05-12 16:47:43,2020-05-12 16:57:28
50,42,316,2020-05-12 16:47:46,2020-05-12 16:48:28
94,0,0,2020-05-12 16:47:47,2020-05-12 16:57:36
156,132,0,2020-05-12 16:47:54,2020-05-12 16:51:26
130,0,0,2020-05-12 16:48:01,2020-05-12 16:46:56
9,30,308,2020-05-12 16:48:07,2020-05-12 16:48:55
46,0,0,2020-05-12 16:48:24,2020-05-12 16:59:15
158,135,0,2020-05-12 16:48:25,2020-05-12 16:54:13
50,42,317,2020-05-12 16:48:28,2020-05-12 16:48:41
130,0,0,2020-05-12 16:48:38,2020-05-12 16:55:25
50,42,109,2020-05-12 16:48:41,2020-05-12 18:08:17
13,0,0,2020-05-12 16:48:49,2020-05-12 17:00:01
99,0,320,2020-05-12 16:48:54,2020-05-12 16:49:22
9,30,157,2020-05-12 16:48:55,2020-05-12 18:25:54
42,0,137,2020-05-12 16:48:58,2020-05-12 16:49:25
22,0,0,2020-05-12 16:49:04,2020-05-12 16:59:48
149,0,0,2020-05-12 16:49:15,2020-05-12 17:00:19
99,0,326,2020-05-12 16:49:22,2020-05-12 16:50:08
42,0,305,2020-05-12 16:49:25,2020-05-12 16:49:48
48,27,167,2020-05-12 16:49:29,2020-05-12 18:43:42
71,0,0,2020-05-12 16:49:32,2020-05-12 17:00:19
134,0,0,2020-05-12 16:49:33,2020-05-12 16:59:16
95,0,0,2020-05-12 16:49:34,2020-05-12 16:53:13
157,0,177,2020-05-12 16:49:41,2020-05-12 16:50:33
42,0,304,2020-05-12 16:49:48,2020-05-12 16:50:16
130,112,301,2020-05-12 16:49:56,2020-05-12 16:50:25
99,0,0,2020-05-12 16:50:08,2020-05-12 16:56:48
69,0,0,2020-05-12 16:50:14,2020-05-12 16:53:42
42,0,303,2020-05-12 16:50:16,2020-05-12 16:50:39
130,112,302,2020-05-12 16:50:25,2020-05-12 16:50:39
112,140,0,2020-05-12 16:50:27,2020-05-12 17:01:05
93,0,0,2020-05-12 16:50:28,2020-05-12 17:00:45
122,0,0,2020-05-12 16:50:31,2020-05-12 17:00:41
157,0,324,2020-05-12 16:50:33,2020-05-12 16:56:11
42,0,302,2020-05-12 16:50:39,2020-05-12 16:50:56
130,112,132,2020-05-12 16:50:39,2020-05-12 16:44:03
138,108,0,2020-05-12 16:50:49,2020-05-12 16:53:16
42,0,301,2020-05-12 16:50:56,2020-05-12 16:54:19
28,0,0,2020-05-12 16:50:57,2020-05-12 17:00:16
68,0,0,2020-05-12 16:51:01,2020-05-12 17:02:00
151,131,0,2020-05-12 16:51:02,2020-05-12 16:53:09
142,0,0,2020-05-12 16:51:03,2020-05-12 17:01:37
105,0,0,2020-05-12 16:51:09,2020-05-12 17:01:42
123,0,118,2020-05-12 16:51:18,2020-05-12 16:51:35
8,68,325,2020-05-12 16:51:20,2020-05-12 16:53:20
27,0,0,2020-05-12 16:51:22,2020-05-12 17:00:44
89,0,0,2020-05-12 16:51:24,2020-05-12 17:02:31
156,132,306,2020-05-12 16:51:26,2020-05-12 16:51:59
26,0,0,2020-05-12 16:51:32,2020-05-12 16:55:34
123,0,316,2020-05-12 16:51:35,2020-05-12 16:52:08
19,0,0,2020-05-12 16:51:37,2020-05-12 17:01:14
98,95,108,2020-05-12 16:51:41,2020-05-12 16:52:32
156,132,128,2020-05-12 16:51:59,2020-05-12 19:09:03
123,0,315,2020-05-12 16:52:08,2020-05-12 16:53:29
20,67,0,2020-05-12 16:52:19,2020-05-12 16:53:21
113,0,211,2020-05-12 16:52:19,2020-05-12 16:52:50
145,0,0,2020-05-12 16:52:21,2020-05-12 17:03:10
141,0,0,2020-05-12 16:52:29,2020-05-12 17:03:32
131,0,170,2020-05-12 16:52:31,2020-05-12 16:54:12
3,0,0,2020-05-12 16:52:31,2020-05-12 17:03:52
98,95,316,2020-05-12 16:52:32,2020-05-12 16:53:00
43,0,0,2020-05-12 16:52:42,2020-05-12 17:00:45
117,0,0,2020-05-12 16:52:49,2020-05-12 17:03:39
113,0,405,2020-05-12 16:52:50,2020-05-12 16:53:25
98,95,315,2020-05-12 16:53:00,2020-05-12 16:54:14
151,131,301,2020-05-12 16:53:09,2020-05-12 16:53:22
95,24,0,2020-05-12 16:53:13,2020-05-12 16:54:02
138,108,301,2020-05-12 16:53:16,2020-05-12 16:53:23
29,0,0,2020-05-12 16:53:19,2020-05-12 17:04:47
8,68,421,2020-05-12 16:53:20,2020-05-12 16:54:17
20,67,326,2020-05-12 16:53:21,2020-05-12 16:54:03
151,131,401,2020-05-12 16:53:22,2020-05-12 16:53:37
138,108,401,2020-05-12 16:53:23,2020-05-12 16:53:39
113,0,404,2020-05-12 16:53:25,2020-05-12 16:53:58
123,0,320,2020-05-12 16:53:29,2020-05-12 16:53:48
109,0,153,2020-05-12 16:53:35,2020-05-12 16:54:03
151,131,402,2020-05-12 16:53:37,2020-05-12 16:53:57
138,108,402,2020-05-12 16:53:39,2020-05-12 16:54:04
69,0,0,2020-05-12 16:53:42,2020-05-12 17:02:49
123,0,326,2020-05-12 16:53:48,2020-05-12 16:54:29
97,0,0,2020-05-12 16:53:55,2020-05-12 17:03:09
151,131,403,2020-05-12 16:53:57,2020-05-12 16:54:55
113,0,403,2020-05-12 16:53:58,2020-05-12 16:54:19
95,24,326,2020-05-12 16:54:02,2020-05-12 16:54:22
20,67,102,2020-05-12 16:54:03,2020-05-12 16:55:17
109,0,313,2020-05-12 16:54:03,2020-05-12 17:01:37
138,108,403,2020-05-12 16:54:04,2020-05-12 16:55:02
131,0,323,2020-05-12 16:54:12,2020-05-12 16:54:32
158,135,306,2020-05-12 16:54:13,2020-05-12 16:54:21
98,95,303,2020-05-12 16:54:14,2020-05-12 16:54:34
8,68,417,2020-05-12 16:54:17,2020-05-12 16:54:27
75,0,117,2020-05-12 16:54:18,2020-05-12 16:54:58
42,0,0,2020-05-12 16:54:19,2020-05-12 16:58:59
113,0,402,2020-05-12 16:54:19,2020-05-12 16:54:37
158,135,140,2020-05-12 16:54:21,2020-05-12 20:00:16
95,24,320,2020-05-12 16:54:22,2020-05-12 16:55:35
8,68,251,2020-05-12 16:54:27,2020-05-12 18:42:09
123,0,0,2020-05-12 16:54:29,2020-05-12 17:00:22
131,0,322,2020-05-12 16:54:32,2020-05-12 16:55:25
98,95,302,2020-05-12 16:54:34,2020-05-12 16:54:54
113,0,401,2020-05-12 16:54:37,2020-05-12 16:54:47
119,114,0,2020-05-12 16:54:41,2020-05-12 16:55:27
113,0,301,2020-05-12 16:54:47,2020-05-12 16:58:21
159,0,0,2020-05-12 16:54:51,2020-05-12 17:04:22
98,95,301,2020-05-12 16:54:54,2020-05-12 16:55:01
151,131,404,2020-05-12 16:54:55,2020-05-12 16:55:10
75,0,315,2020-05-12 16:54:58,2020-05-12 16:56:29
67,53,0,2020-05-12 16:54:59,2020-05-12 16:55:36
98,95,401,2020-05-12 16:55:01,2020-05-12 16:55:17
138,108,412,2020-05-12 16:55:02,2020-05-12 16:56:11
151,131,207,2020-05-12 16:55:10,2020-05-12 18:15:56
98,95,201,2020-05-12 16:55:17,2020-05-12 18:02:02
20,67,321,2020-05-12 16:55:17,2020-05-12 16:56:14
70,90,0,2020-05-12 16:55:19,2020-05-12 16:55:51
131,0,325,2020-05-12 16:55:25,2020-05-12 17:01:26
130,0,0,2020-05-12 16:55:25,2020-05-12 17:05:27
119,114,326,2020-05-12 16:55:27,2020-05-12 16:55:45
143,0,0,2020-05-12 16:55:30,2020-05-12 17:07:30
26,0,0,2020-05-12 16:55:34,2020-05-12 17:06:14
95,24,315,2020-05-12 16:55:35,2020-05-12 16:56:07
67,53,326,2020-05-12 16:55:36,2020-05-12 16:56:01
119,114,320,2020-05-12 16:55:45,2020-05-12 16:56:35
70,90,326,2020-05-12 16:55:51,2020-05-12 16:56:35
127,96,234,2020-05-12 16:55:57,2020-05-12 16:56:16
67,53,102,2020-05-12 16:56:01,2020-05-12 16:57:23
124,104,111,2020-05-12 16:56:03,2020-05-12 16:56:22
6,0,0,2020-05-12 16:56:04,2020-05-12 17:05:22
95,24,104,2020-05-12 16:56:07,2020-05-12 17:16:58
138,108,415,2020-05-12 16:56:11,2020-05-12 16:56:50
157,0,0,2020-05-12 16:56:11,2020-05-12 17:00:48
20,67,178,2020-05-12 16:56:14,2020-05-12 18:39:24
127,96,411,2020-05-12 16:56:16,2020-05-12 16:56:34
98,94,0,2020-05-12 16:56:17,2020-05-12 16:57:05
66,3,136,2020-05-12 16:56:19,2020-05-12 16:56:41
124,104,314,2020-05-12 16:56:22,2020-05-12 16:56:46
75,0,320,2020-05-12 16:56:29,2020-05-12 16:56:46
127,96,412,2020-05-12 16:56:34,2020-05-12 16:58:00
119,114,315,2020-05-12 16:56:35,2020-05-12 16:57:13
70,90,102,2020-05-12 16:56:35,2020-05-12 16:58:15
21,0,0,2020-05-12 16:56:36,2020-05-12 17:07:03
66,3,304,2020-05-12 16:56:41,2020-05-12 16:57:03
75,0,326,2020-05-12 16:56:46,2020-05-12 16:57:28
124,104,315,2020-05-12 16:56:46,2020-05-12 16:58:20
99,0,0,2020-05-12 16:56:48,2020-05-12 17:05:44
138,108,416,2020-05-12 16:56:50,2020-05-12 16:57:05
66,3,303,2020-05-12 16:57:03,2020-05-12 16:57:20
98,94,326,2020-05-12 16:57:05,2020-05-12 16:57:27
138,108,242,2020-05-12 16:57:05,2020-05-12 17:45:24
119,114,316,2020-05-12 16:57:13,2020-05-12 16:57:53
24,0,225,2020-05-12 16:57:15,2020-05-12 16:57:31
66,3,302,2020-05-12 16:57:20,2020-05-12 16:57:31
67,53,321,2020-05-12 16:57:23,2020-05-12 16:59:34
98,94,320,2020-05-12 16:57:27,2020-05-12 16:58:30
75,0,0,2020-05-12 16:57:28,2020-05-12 17:03:18
79,0,0,2020-05-12 16:57:28,2020-05-12 17:06:21
66,3,301,2020-05-12 16:57:31,2020-05-12 16:57:42
24,0,405,2020-05-12 16:57:31,2020-05-12 16:58:08
94,0,0,2020-05-12 16:57:36,2020-05-12 17:07:53
66,3,401,2020-05-12 16:57:42,2020-05-12 16:57:57
51,0,0,2020-05-12 16:57:43,2020-05-12 17:08:52
80,0,0,2020-05-12 16:57:52,2020-05-12 17:08:15
119,114,317,2020-05-12 16:57:53,2020-05-12 16:58:19
66,3,402,2020-05-12 16:57:57,2020-05-12 16:58:27
127,96,403,2020-05-12 16:58:00,2020-05-12 16:58:29
24,0,404,2020-05-12 16:58:08,2020-05-12 16:58:44
70,90,321,2020-05-12 16:58:15,2020-05-12 17:00:52
119,114,110,2020-05-12 16:58:19,2020-05-12 17:04:31
124,104,303,2020-05-12 16:58:20,2020-05-12 16:58:48
113,0,0,2020-05-12 16:58:21,2020-05-12 17:01:52
144,0,0,2020-05-12 16:58:27,2020-05-12 17:06:54
66,3,403,2020-05-12 16:58:27,2020-05-12 16:59:53
127,96,402,2020-05-12 16:58:29,2020-05-12 16:58:44
98,94,315,2020-05-12 16:58:30,2020-05-12 16:59:01
18,0,126,2020-05-12 16:58:39,2020-05-12 16:58:56
136,98,109,2020-05-12 16:58:43,2020-05-12 16:59:03
24,0,403,2020-05-12 16:58:44,2020-05-12 16:59:16
127,96,401,2020-05-12 16:58:44,2020-05-12 16:58:54
124,104,304,2020-05-12 16:58:48,2020-05-12 16:59:20
127,96,301,2020-05-12 16:58:54,2020-05-12 16:59:11
18,0,305,2020-05-12 16:58:56,2020-05-12 16:59:24
42,0,0,2020-05-12 16:58:59,2020-05-12 17:08:57
98,94,316,2020-05-12 16:59:01,2020-05-12 16:59:32
136,98,317,2020-05-12 16:59:03,2020-05-12 16:59:58
127,96,302,2020-05-12 16:59:11,2020-05-12 16:59:31
46,0,0,2020-05-12 16:59:15,2020-05-12 17:09:05
134,104,0,2020-05-12 16:59:16,2020-05-12 17:00:01
24,0,402,2020-05-12 16:59:16,2020-05-12 16:59:31
118,0,169,2020-05-12 16:59:17,2020-05-12 16:59:46
124,104,305,2020-05-12 16:59:20,2020-05-12 16:59:53
18,0,304,2020-05-12 16:59:24,2020-05-12 16:59:55
24,0,401,2020-05-12 16:59:31,2020-05-12 16:59:41
127,96,303,2020-05-12 16:59:31,2020-05-12 17:00:01
98,94,108,2020-05-12 16:59:32,2020-05-12 16:51:41
67,53,322,2020-05-12 16:59:34,2020-05-12 17:00:05
24,0,301,2020-05-12 16:59:41,2020-05-12 17:02:32
118,0,323,2020-05-12 16:59:46,2020-05-12 17:00:08
22,0,0,2020-05-12 16:59:48,2020-05-12 17:10:50
124,104,306,2020-05-12 16:59:53,2020-05-12 17:00:31
66,3,412,2020-05-12 16:59:53,2020-05-12 17:00:50
18,0,303,2020-05-12 16:59:55,2020-05-12 17:00:12
136,98,316,2020-05-12 16:59:58,2020-05-12 17:00:27
127,96,304,2020-05-12 17:00:01,2020-05-12 17:00:24
13,0,0,2020-05-12 17:00:01,2020-05-12 17:09:33
134,104,326,2020-05-12 17:00:01,2020-05-12 17:00:21
67,53,323,2020-05-12 17:00:05,2020-05-12 17:00:53
118,0,322,2020-05-12 17:00:08,2020-05-12 17:00:58
67,0,169,2020-05-12 17:00:10,2020-05-12 17:00:39
18,0,302,2020-05-12 17:00:12,2020-05-12 17:00:41
28,75,0,2020-05-12 17:00:16,2020-05-12 17:03:07
149,0,0,2020-05-12 17:00:19,2020-05-12 17:09:23
71,0,0,2020-05-12 17:00:19,2020-05-12 17:11:32
134,104,320,2020-05-12 17:00:21,2020-05-12 17:01:43
123,111,0,2020-05-12 17:00:22,2020-05-12 17:01:03
127,96,136,2020-05-12 17:00:24,2020-05-12 18:38:45
136,98,315,2020-05-12 17:00:27,2020-05-12 17:02:04
124,104,307,2020-05-12 17:00:31,2020-05-12 17:01:18
67,0,323,2020-05-12 17:00:39,2020-05-12 17:01:01
122,122,0,2020-05-12 17:00:41,2020-05-12 17:03:51
18,0,301,2020-05-12 17:00:41,2020-05-12 17:03:26
27,0,0,2020-05-12 17:00:44,2020-05-12 17:10:14
93,0,0,2020-05-12 17:00:45,2020-05-12 17:13:07
43,0,0,2020-05-12 17:00:45,2020-05-12 17:10:51
157,0,0,2020-05-12 17:00:48,2020-05-12 17:09:43
66,3,232,2020-05-12 17:00:50,2020-05-12 19:10:10
70,90,322,2020-05-12 17:00:52,2020-05-12 17:01:21
67,53,169,2020-05-12 17:00:53,2020-05-12 17:00:10
1,0,208,2020-05-12 17:00:54,2020-05-12 17:01:31
118,0,325,2020-05-12 17:00:58,2020-05-12 17:05:08
67,0,322,2020-05-12 17:01:01,2020-05-12 17:01:51
123,111,326,2020-05-12 17:01:03,2020-05-12 17:01:21
112,140,313,2020-05-12 17:01:05,2020-05-12 17:02:09
87,88,247,2020-05-12 17:01:12,2020-05-12 17:32:03
19,0,0,2020-05-12 17:01:14,2020-05-12 17:11:16
124,104,308,2020-05-12 17:01:18,2020-05-12 17:01:49
123,111,320,2020-05-12 17:01:21,2020-05-12 17:02:41
70,90,168,2020-05-12 17:01:21,2020-05-12 18:26:52
131,0,0,2020-05-12 17:01:26,2020-05-12 17:03:17
1,0,404,2020-05-12 17:01:31,2020-05-12 17:02:07
109,0,0,2020-05-12 17:01:37,2020-05-12 17:02:48
142,0,0,2020-05-12 17:01:37,2020-05-12 17:10:51
105,0,0,2020-05-12 17:01:42,2020-05-12 17:12:54
134,104,315,2020-05-12 17:01:43,2020-05-12 17:02:15
124,104,309,2020-05-12 17:01:49,2020-05-12 17:01:59
67,0,325,2020-05-12 17:01:51,2020-05-12 17:06:01
113,0,0,2020-05-12 17:01:52,2020-05-12 17:11:00
124,104,310,2020-05-12 17:01:59,2020-05-12 17:02:57
68,0,0,2020-05-12 17:02:00,2020-05-12 17:11:51
136,98,303,2020-05-12 17:02:04,2020-05-12 17:02:28
1,0,403,2020-05-12 17:02:07,2020-05-12 17:02:28
112,140,163,2020-05-12 17:02:09,2020-05-12 18:33:21
134,104,316,2020-05-12 17:02:15,2020-05-12 17:02:39
105,0,158,2020-05-12 17:02:20,2020-05-12 17:02:40
136,98,302,2020-05-12 17:02:28,2020-05-12 17:02:53
1,0,402,2020-05-12 17:02:28,2020-05-12 17:02:45
89,4,0,2020-05-12 17:02:31,2020-05-12 17:08:20
24,0,0,2020-05-12 17:02:32,2020-05-12 17:10:12
134,104,107,2020-05-12 17:02:39,2020-05-12 18:24:35
105,0,309,2020-05-12 17:02:40,2020-05-12 17:03:12
123,111,315,2020-05-12 17:02:41,2020-05-12 17:04:33
1,0,401,2020-05-12 17:02:45,2020-05-12 17:02:57
109,0,0,2020-05-12 17:02:48,2020-05-12 17:13:26
69,71,0,2020-05-12 17:02:49,2020-05-12 17:05:58
136,98,301,2020-05-12 17:02:53,2020-05-12 17:03:00
1,0,301,2020-05-12 17:02:57,2020-05-12 17:05:32
124,104,161,2020-05-12 17:02:57,2020-05-12 18:29:38
136,98,401,2020-05-12 17:03:00,2020-05-12 17:03:18
28,75,301,2020-05-12 17:03:07,2020-05-12 17:03:17
97,0,0,2020-05-12 17:03:09,2020-05-12 17:12:34
145,0,0,2020-05-12 17:03:10,2020-05-12 17:12:15
105,0,308,2020-05-12 17:03:12,2020-05-12 17:03:57
131,0,0,2020-05-12 17:03:17,2020-05-12 17:15:14
28,75,401,2020-05-12 17:03:17,2020-05-12 17:03:36
75,0,0,2020-05-12 17:03:18,2020-05-12 17:12:38
136,98,402,2020-05-12 17:03:18,2020-05-12 17:03:42
18,0,0,2020-05-12 17:03:26,2020-05-12 17:09:05
141,0,0,2020-05-12 17:03:32,2020-05-12 17:13:47
28,75,402,2020-05-12 17:03:36,2020-05-12 17:04:05
117,0,0,2020-05-12 17:03:39,2020-05-12 17:14:16
136,98,403,2020-05-12 17:03:42,2020-05-12 17:05:25
122,122,325,2020-05-12 17:03:51,2020-05-12 17:05:21
3,37,0,2020-05-12 17:03:52,2020-05-12 17:04:49
105,0,307,2020-05-12 17:03:57,2020-05-12 17:08:06
28,75,403,2020-05-12 17:04:05,2020-05-12 17:04:15
28,75,204,2020-05-12 17:04:15,2020-05-12 19:29:04
159,137,0,2020-05-12 17:04:22,2020-05-12 17:05:23
119,0,110,2020-05-12 17:04:31,2020-05-12 17:04:53
123,111,303,2020-05-12 17:04:33,2020-05-12 17:05:02
29,0,0,2020-05-12 17:04:47,2020-05-12 17:13:45
3,37,326,2020-05-12 17:04:49,2020-05-12 17:05:08
119,0,317,2020-05-12 17:04:53,2020-05-12 17:05:26
123,111,304,2020-05-12 17:05:02,2020-05-12 17:05:20
3,37,320,2020-05-12 17:05:08,2020-05-12 17:06:14
118,0,0,2020-05-12 17:05:08,2020-05-12 17:07:45
74,0,106,2020-05-12 17:05:14,2020-05-12 17:05:34
123,111,136,2020-05-12 17:05:20,2020-05-12 18:22:08
122,122,421,2020-05-12 17:05:21,2020-05-12 17:06:31
6,0,0,2020-05-12 17:05:22,2020-05-12 17:14:27
159,137,326,2020-05-12 17:05:23,2020-05-12 17:05:46
136,98,412,2020-05-12 17:05:25,2020-05-12 17:06:37
119,0,316,2020-05-12 17:05:26,2020-05-12 17:06:08
130,112,0,2020-05-12 17:05:27,2020-05-12 17:08:27
1,0,0,2020-05-12 17:05:32,2020-05-12 17:10:54
74,0,316,2020-05-12 17:05:34,2020-05-12 17:06:10
99,0,0,2020-05-12 17:05:44,2020-05-12 17:16:27
159,137,320,2020-05-12 17:05:46,2020-05-12 17:07:03
69,71,301,2020-05-12 17:05:58,2020-05-12 17:06:06
67,0,0,2020-05-12 17:06:01,2020-05-12 17:08:37
69,71,401,2020-05-12 17:06:06,2020-05-12 17:06:22
119,0,315,2020-05-12 17:06:08,2020-05-12 17:06:48
74,0,315,2020-05-12 17:06:10,2020-05-12 17:07:49
3,37,315,2020-05-12 17:06:14,2020-05-12 17:07:39
26,0,0,2020-05-12 17:06:14,2020-05-12 17:15:54
79,78,0,2020-05-12 17:06:21,2020-05-12 17:12:20
69,71,402,2020-05-12 17:06:22,2020-05-12 17:06:41
5,0,252,2020-05-12 17:06:23,2020-05-12 17:07:05
122,122,417,2020-05-12 17:06:31,2020-05-12 17:06:44
136,98,415,2020-05-12 17:06:37,2020-05-12 17:06:59
69,71,403,2020-05-12 17:06:41,2020-05-12 17:08:17
122,122,244,2020-05-12 17:06:44,2020-05-12 18:24:33
119,0,320,2020-05-12 17:06:48,2020-05-12 17:07:03
144,0,0,2020-05-12 17:06:54,2020-05-12 17:16:33
136,98,414,2020-05-12 17:06:59,2020-05-12 17:07:16
119,0,326,2020-05-12 17:07:03,2020-05-12 17:07:44
159,137,315,2020-05-12 17:07:03,2020-05-12 17:07:35
21,0,0,2020-05-12 17:07:03,2020-05-12 17:16:58
5,0,421,2020-05-12 17:07:05,2020-05-12 17:08:29
136,98,238,2020-05-12 17:07:16,2020-05-12 18:17:53
143,0,0,2020-05-12 17:07:30,2020-05-12 17:17:18
49,42,121,2020-05-12 17:07:34,2020-05-12 17:07:52
159,137,316,2020-05-12 17:07:35,2020-05-12 17:07:52
3,37,303,2020-05-12 17:07:39,2020-05-12 17:08:06
119,0,0,2020-05-12 17:07:44,2020-05-12 17:14:23
118,0,0,2020-05-12 17:07:45,2020-05-12 17:15:58
74,0,320,2020-05-12 17:07:49,2020-05-12 17:08:06
152,136,256,2020-05-12 17:07:49,2020-05-12 17:08:18
49,42,302,2020-05-12 17:07:52,2020-05-12 17:08:03
159,137,118,2020-05-12 17:07:52,2020-05-12 18:54:26
94,0,0,2020-05-12 17:07:53,2020-05-12 17:17:25
49,42,303,2020-05-12 17:08:03,2020-05-12 17:08:19
105,0,0,2020-05-12 17:08:06,2020-05-12 17:11:30
3,37,304,2020-05-12 17:08:06,2020-05-12 17:08:29
74,0,326,2020-05-12 17:08:06,2020-05-12 17:08:56
80,0,0,2020-05-12 17:08:15,2020-05-12 17:17:18
69,71,412,2020-05-12 17:08:17,2020-05-12 17:09:44
152,136,418,2020-05-12 17:08:18,2020-05-12 17:10:31
49,42,304,2020-05-12 17:08:19,2020-05-12 17:08:57
89,4,325,2020-05-12 17:08:20,2020-05-12 17:10:02
130,112,301,2020-05-12 17:08:27,2020-05-12 17:08:56
3,37,305,2020-05-12 17:08:29,2020-05-12 17:08:48
5,0,325,2020-05-12 17:08:29,2020-05-12 17:14:09
67,0,0,2020-05-12 17:08:37,2020-05-12 17:17:13
3,37,138,2020-05-12 17:08:48,2020-05-12 18:21:05
51,0,0,2020-05-12 17:08:52,2020-05-12 17:18:03
74,0,0,2020-05-12 17:08:56,2020-05-12 17:15:50
130,112,302,2020-05-12 17:08:56,2020-05-12 17:09:10
42,0,0,2020-05-12 17:08:57,2020-05-12 17:19:31
49,42,305,2020-05-12 17:08:57,2020-05-12 17:09:16
46,0,0,2020-05-12 17:09:05,2020-05-12 17:19:30
18,0,0,2020-05-12 17:09:05,2020-05-12 17:18:46
130,112,132,2020-05-12 17:09:10,2020-05-12 18:54:21
49,42,127,2020-05-12 17:09:16,2020-05-12 18:55:58
149,0,0,2020-05-12 17:09:23,2020-05-12 17:20:12
13,0,0,2020-05-12 17:09:33,2020-05-12 17:17:29
157,0,0,2020-05-12 17:09:43,2020-05-12 17:20:25
69,71,415,2020-05-12 17:09:44,2020-05-12 17:10:28
89,4,421,2020-05-12 17:10:02,2020-05-12 17:10:56
24,0,0,2020-05-12 17:10:12,2020-05-12 17:18:28
27,0,0,2020-05-12 17:10:14,2020-05-12 17:19:52
69,71,416,2020-05-12 17:10:28,2020-05-12 17:10:53
152,136,409,2020-05-12 17:10:31,2020-05-12 17:10:41
152,136,312,2020-05-12 17:10:41,2020-05-12 17:11:06
22,0,0,2020-05-12 17:10:50,2020-05-12 17:22:14
142,0,0,2020-05-12 17:10:51,2020-05-12 17:21:12
43,0,0,2020-05-12 17:10:51,2020-05-12 17:20:23
69,71,243,2020-05-12 17:10:53,2020-05-12 17:35:00
1,0,0,2020-05-12 17:10:54,2020-05-12 17:21:25
89,4,252,2020-05-12 17:10:56,2020-05-12 18:48:06
113,107,0,2020-05-12 17:11:00,2020-05-12 17:11:35
152,136,307,2020-05-12 17:11:06,2020-05-12 17:11:54
19,0,0,2020-05-12 17:11:16,2020-05-12 17:19:16
102,0,211,2020-05-12 17:11:20,2020-05-12 17:11:51
105,142,0,2020-05-12 17:11:30,2020-05-12 17:18:30
71,0,0,2020-05-12 17:11:32,2020-05-12 17:20:45
60,0,152,2020-05-12 17:11:34,2020-05-12 17:12:36
113,107,326,2020-05-12 17:11:35,2020-05-12 17:11:55
68,0,0,2020-05-12 17:11:51,2020-05-12 17:21:44
102,0,405,2020-05-12 17:11:51,2020-05-12 17:12:26
152,136,130,2020-05-12 17:11:54,2020-05-12 17:13:20
113,107,320,2020-05-12 17:11:55,2020-05-12 17:12:54
145,0,0,2020-05-12 17:12:15,2020-05-12 17:22:09
72,0,118,2020-05-12 17:12:19,2020-05-12 17:12:36
79,78,312,2020-05-12 17:12:20,2020-05-12 17:13:10
81,0,159,2020-05-12 17:12:21,2020-05-12 17:13:04
102,0,404,2020-05-12 17:12:26,2020-05-12 17:12:59
97,0,0,2020-05-12 17:12:34,2020-05-12 17:23:52
60,0,310,2020-05-12 17:12:36,2020-05-12 17:12:46
72,0,316,2020-05-12 17:12:36,2020-05-12 17:13:09
75,0,0,2020-05-12 17:12:38,2020-05-12 17:23:43
60,0,309,2020-05-12 17:12:46,2020-05-12 17:13:03
113,107,315,2020-05-12 17:12:54,2020-05-12 17:13:21
105,0,0,2020-05-12 17:12:54,2020-05-12 17:21:51
102,0,403,2020-05-12 17:12:59,2020-05-12 17:13:20
60,0,308,2020-05-12 17:13:03,2020-05-12 17:14:00
81,0,309,2020-05-12 17:13:04,2020-05-12 17:13:19
93,0,0,2020-05-12 17:13:07,2020-05-12 17:23:18
72,0,315,2020-05-12 17:13:09,2020-05-12 17:14:30
79,78,308,2020-05-12 17:13:10,2020-05-12 17:13:39
81,0,308,2020-05-12 17:13:19,2020-05-12 17:13:48
102,0,402,2020-05-12 17:13:20,2020-05-12 17:13:38
152,0,130,2020-05-12 17:13:20,2020-05-12 17:13:43
113,107,316,2020-05-12 17:13:21,2020-05-12 17:14:03
109,0,0,2020-05-12 17:13:26,2020-05-12 17:22:35
41,26,201,2020-05-12 17:13:31,2020-05-12 17:13:44
102,0,401,2020-05-12 17:13:38,2020-05-12 17:13:48
79,78,309,2020-05-12 17:13:39,2020-05-12 17:13:52
152,0,306,2020-05-12 17:13:43,2020-05-12 17:18:52
41,26,401,2020-05-12 17:13:44,2020-05-12 17:13:54
29,0,0,2020-05-12 17:13:45,2020-05-12 17:23:31
141,0,0,2020-05-12 17:13:47,2020-05-12 17:24:30
102,0,301,2020-05-12 17:13:48,2020-05-12 17:17:22
81,0,307,2020-05-12 17:13:48,2020-05-12 17:21:17
79,78,150,2020-05-12 17:13:52,2020-05-12 18:52:00
41,26,301,2020-05-12 17:13:54,2020-05-12 17:14:28
60,0,307,2020-05-12 17:14:00,2020-05-12 17:19:01
113,107,317,2020-05-12 17:14:03,2020-05-12 17:14:16
5,0,0,2020-05-12 17:14:09,2020-05-12 17:15:59
113,107,109,2020-05-12 17:14:16,2020-05-12 18:05:47
117,0,0,2020-05-12 17:14:16,2020-05-12 17:25:05
119,0,0,2020-05-12 17:14:23,2020-05-12 17:22:08
6,0,0,2020-05-12 17:14:27,2020-05-12 17:23:18
41,26,302,2020-05-12 17:14:28,2020-05-12 17:14:49
72,0,320,2020-05-12 17:14:30,2020-05-12 17:14:49
72,0,326,2020-05-12 17:14:49,2020-05-12 17:15:30
41,26,303,2020-05-12 17:14:49,2020-05-12 17:15:24
86,0,161,2020-05-12 17:15:01,2020-05-12 17:15:49
131,0,0,2020-05-12 17:15:14,2020-05-12 17:22:26
41,26,304,2020-05-12 17:15:24,2020-05-12 17:15:56
72,0,0,2020-05-12 17:15:30,2020-05-12 17:22:21
86,0,310,2020-05-12 17:15:49,2020-05-12 17:15:54
74,0,0,2020-05-12 17:15:50,2020-05-12 17:25:57
86,0,309,2020-05-12 17:15:54,2020-05-12 17:16:28
26,16,0,2020-05-12 17:15:54,2020-05-12 17:23:54
41,26,305,2020-05-12 17:15:56,2020-05-12 17:16:25
118,0,0,2020-05-12 17:15:58,2020-05-12 17:26:05
5,0,0,2020-05-12 17:15:59,2020-05-12 17:24:51
33,0,313,2020-05-12 17:16:08,2020-05-12 17:25:52
33,0,162,2020-05-12 17:16:08,2020-05-12 17:16:08
41,26,306,2020-05-12 17:16:25,2020-05-12 17:17:10
99,0,0,2020-05-12 17:16:27,2020-05-12 17:25:05
31,0,117,2020-05-12 17:16:27,2020-05-12 17:17:07
86,0,308,2020-05-12 17:16:28,2020-05-12 17:16:58
144,0,0,2020-05-12 17:16:33,2020-05-12 17:27:07
86,0,307,2020-05-12 17:16:58,2020-05-12 17:23:25
21,0,0,2020-05-12 17:16:58,2020-05-12 17:27:11
95,0,104,2020-05-12 17:16:58,2020-05-12 17:17:25
64,0,204,2020-05-12 17:17:00,2020-05-12 17:17:15
31,0,315,2020-05-12 17:17:07,2020-05-12 17:18:38
41,26,307,2020-05-12 17:17:10,2020-05-12 17:17:45
64,73,204,2020-05-12 17:17:13,2020-05-12 17:17:32
67,0,0,2020-05-12 17:17:13,2020-05-12 17:27:57
64,0,403,2020-05-12 17:17:15,2020-05-12 17:17:51
143,94,0,2020-05-12 17:17:18,2020-05-12 17:19:53
80,0,0,2020-05-12 17:17:18,2020-05-12 17:28:44
102,0,0,2020-05-12 17:17:22,2020-05-12 17:21:15
95,0,315,2020-05-12 17:17:25,2020-05-12 17:18:47
94,86,0,2020-05-12 17:17:25,2020-05-12 17:22:51
13,0,0,2020-05-12 17:17:29,2020-05-12 17:26:59
64,73,403,2020-05-12 17:17:32,2020-05-12 17:18:12
41,26,308,2020-05-12 17:17:45,2020-05-12 17:18:42
64,0,402,2020-05-12 17:17:51,2020-05-12 17:18:05
51,0,0,2020-05-12 17:18:03,2020-05-12 17:26:46
64,0,401,2020-05-12 17:18:05,2020-05-12 17:18:15
64,73,404,2020-05-12 17:18:12,2020-05-12 17:18:44
64,0,301,2020-05-12 17:18:15,2020-05-12 17:20:22
24,0,0,2020-05-12 17:18:28,2020-05-12 17:28:53
105,142,313,2020-05-12 17:18:30,2020-05-12 17:18:40
31,0,320,2020-05-12 17:18:38,2020-05-12 17:18:55
105,142,410,2020-05-12 17:18:40,2020-05-12 17:20:07
41,26,318,2020-05-12 17:18:42,2020-05-12 17:19:30
64,73,405,2020-05-12 17:18:44,2020-05-12 17:19:21
18,0,0,2020-05-12 17:18:46,2020-05-12 17:29:44
95,0,320,2020-05-12 17:18:47,2020-05-12 17:19:18
152,0,0,2020-05-12 17:18:52,2020-05-12 17:23:15
31,0,326,2020-05-12 17:18:55,2020-05-12 17:19:37
60,0,0,2020-05-12 17:19:01,2020-05-12 17:22:44
19,79,0,2020-05-12 17:19:16,2020-05-12 17:25:15
95,0,326,2020-05-12 17:19:18,2020-05-12 17:19:58
65,0,231,2020-05-12 17:19:20,2020-05-12 17:19:43
64,73,406,2020-05-12 17:19:21,2020-05-12 17:19:58
41,26,319,2020-05-12 17:19:30,2020-05-12 17:20:36
46,0,0,2020-05-12 17:19:30,2020-05-12 17:30:46
42,0,0,2020-05-12 17:19:31,2020-05-12 17:30:34
31,0,0,2020-05-12 17:19:37,2020-05-12 17:27:18
65,0,412,2020-05-12 17:19:43,2020-05-12 17:20:47
27,0,0,2020-05-12 17:19:52,2020-05-12 17:29:14
143,94,301,2020-05-12 17:19:53,2020-05-12 17:20:05
64,73,227,2020-05-12 17:19:58,2020-05-12 17:59:32
95,0,0,2020-05-12 17:19:58,2020-05-12 17:25:37
143,94,401,2020-05-12 17:20:05,2020-05-12 17:20:20
105,142,217,2020-05-12 17:20:07,2020-05-12 20:27:15
149,131,0,2020-05-12 17:20:12,2020-05-12 17:20:47
82,0,206,2020-05-12 17:20:15,2020-05-12 17:20:40
143,94,402,2020-05-12 17:20:20,2020-05-12 17:20:46
64,0,0,2020-05-12 17:20:22,2020-05-12 17:25:58
43,0,0,2020-05-12 17:20:23,2020-05-12 17:30:10
157,0,0,2020-05-12 17:20:25,2020-05-12 17:29:16
41,26,322,2020-05-12 17:20:36,2020-05-12 17:20:54
82,0,403,2020-05-12 17:20:40,2020-05-12 17:21:01
71,0,0,2020-05-12 17:20:45,2020-05-12 17:29:27
143,94,403,2020-05-12 17:20:46,2020-05-12 17:21:32
65,0,403,2020-05-12 17:20:47,2020-05-12 17:21:11
149,131,326,2020-05-12 17:20:47,2020-05-12 17:21:07
41,26,323,2020-05-12 17:20:54,2020-05-12 17:21:13
82,0,402,2020-05-12 17:21:01,2020-05-12 17:21:22
149,131,320,2020-05-12 17:21:07,2020-05-12 17:22:06
65,0,402,2020-05-12 17:21:11,2020-05-12 17:21:24
142,0,0,2020-05-12 17:21:12,2020-05-12 17:31:26
41,26,169,2020-05-12 17:21:13,2020-05-12 19:16:14
102,0,0,2020-05-12 17:21:15,2020-05-12 17:33:06
81,0,0,2020-05-12 17:21:17,2020-05-12 17:22:15
82,0,401,2020-05-12 17:21:22,2020-05-12 17:21:32
65,0,401,2020-05-12 17:21:24,2020-05-12 17:21:34
1,0,0,2020-05-12 17:21:25,2020-05-12 17:29:40
82,0,301,2020-05-12 17:21:32,2020-05-12 17:24:27
143,94,404,2020-05-12 17:21:32,2020-05-12 17:22:10
65,0,301,2020-05-12 17:21:34,2020-05-12 17:25:05
68,0,0,2020-05-12 17:21:44,2020-05-12 17:31:32
105,95,0,2020-05-12 17:21:51,2020-05-12 17:24:16
149,131,315,2020-05-12 17:22:06,2020-05-12 17:22:33
119,0,0,2020-05-12 17:22:08,2020-05-12 17:32:52
145,0,0,2020-05-12 17:22:09,2020-05-12 17:32:57
143,94,405,2020-05-12 17:22:10,2020-05-12 17:22:56
22,62,0,2020-05-12 17:22:14,2020-05-12 17:27:17
81,0,0,2020-05-12 17:22:15,2020-05-12 17:31:52
72,30,0,2020-05-12 17:22:21,2020-05-12 17:23:11
131,0,0,2020-05-12 17:22:26,2020-05-12 17:31:35
149,131,316,2020-05-12 17:22:33,2020-05-12 17:23:15
109,106,0,2020-05-12 17:22:35,2020-05-12 17:23:25
60,0,0,2020-05-12 17:22:44,2020-05-12 17:32:50
94,86,325,2020-05-12 17:22:51,2020-05-12 17:24:51
143,94,406,2020-05-12 17:22:56,2020-05-12 17:23:10
143,94,212,2020-05-12 17:23:10,2020-05-12 18:14:02
72,30,326,2020-05-12 17:23:11,2020-05-12 17:24:12
152,0,0,2020-05-12 17:23:15,2020-05-12 17:32:35
149,131,317,2020-05-12 17:23:15,2020-05-12 17:23:28
93,0,0,2020-05-12 17:23:18,2020-05-12 17:33:34
6,0,0,2020-05-12 17:23:18,2020-05-12 17:34:03
109,106,326,2020-05-12 17:23:25,2020-05-12 17:24:26
86,0,0,2020-05-12 17:23:25,2020-05-12 17:24:14
149,131,109,2020-05-12 17:23:28,2020-05-12 18:07:50
29,0,0,2020-05-12 17:23:31,2020-05-12 17:34:54
75,0,0,2020-05-12 17:23:43,2020-05-12 17:34:06
97,0,0,2020-05-12 17:23:52,2020-05-12 17:35:57
26,16,312,2020-05-12 17:23:54,2020-05-12 17:24:37
72,30,102,2020-05-12 17:24:12,2020-05-12 17:25:29
135,0,129,2020-05-12 17:24:12,2020-05-12 17:24:27
86,0,0,2020-05-12 17:24:14,2020-05-12 17:33:11
105,95,325,2020-05-12 17:24:16,2020-05-12 17:25:46
109,106,102,2020-05-12 17:24:26,2020-05-12 17:25:43
135,0,306,2020-05-12 17:24:27,2020-05-12 17:30:08
82,0,0,2020-05-12 17:24:27,2020-05-12 17:30:46
141,93,0,2020-05-12 17:24:30,2020-05-12 17:30:43
26,16,308,2020-05-12 17:24:37,2020-05-12 17:25:18
5,0,0,2020-05-12 17:24:51,2020-05-12 17:34:07
94,86,421,2020-05-12 17:24:51,2020-05-12 17:25:48
65,0,0,2020-05-12 17:25:05,2020-05-12 17:28:13
99,0,0,2020-05-12 17:25:05,2020-05-12 17:35:07
117,99,0,2020-05-12 17:25:05,2020-05-12 17:33:20
19,79,312,2020-05-12 17:25:15,2020-05-12 17:26:05
26,16,309,2020-05-12 17:25:18,2020-05-12 17:25:51
77,57,241,2020-05-12 17:25:26,2020-05-12 17:25:49
72,30,321,2020-05-12 17:25:29,2020-05-12 17:28:53
95,0,0,2020-05-12 17:25:37,2020-05-12 17:35:32
109,106,321,2020-05-12 17:25:43,2020-05-12 17:29:07
105,95,421,2020-05-12 17:25:46,2020-05-12 17:26:09
94,86,417,2020-05-12 17:25:48,2020-05-12 17:25:58
77,57,416,2020-05-12 17:25:49,2020-05-12 17:26:05
26,16,151,2020-05-12 17:25:51,2020-05-12 18:28:39
33,0,0,2020-05-12 17:25:52,2020-05-12 17:27:04
74,0,0,2020-05-12 17:25:57,2020-05-12 17:36:40
94,86,251,2020-05-12 17:25:58,2020-05-12 19:00:50
64,0,0,2020-05-12 17:25:58,2020-05-12 17:36:08
118,0,0,2020-05-12 17:26:05,2020-05-12 17:35:27
19,79,308,2020-05-12 17:26:05,2020-05-12 17:26:34
77,57,417,2020-05-12 17:26:05,2020-05-12 17:27:11
105,95,419,2020-05-12 17:26:09,2020-05-12 17:26:16
160,0,131,2020-05-12 17:26:14,2020-05-12 17:26:27
105,95,418,2020-05-12 17:26:16,2020-05-12 17:26:51
160,0,301,2020-05-12 17:26:27,2020-05-12 17:30:18
19,79,309,2020-05-12 17:26:34,2020-05-12 17:26:47
88,0,219,2020-05-12 17:26:44,2020-05-12 17:26:52
51,0,0,2020-05-12 17:26:46,2020-05-12 17:37:23
19,79,150,2020-05-12 17:26:47,2020-05-12 19:12:50
105,95,254,2020-05-12 17:26:51,2020-05-12 18:18:18
88,0,402,2020-05-12 17:26:52,2020-05-12 17:27:06
13,0,0,2020-05-12 17:26:59,2020-05-12 17:36:55
33,0,0,2020-05-12 17:27:04,2020-05-12 17:37:29
88,0,401,2020-05-12 17:27:06,2020-05-12 17:27:17
144,0,0,2020-05-12 17:27:07,2020-05-12 17:36:54
77,57,421,2020-05-12 17:27:11,2020-05-12 17:28:48
21,0,0,2020-05-12 17:27:11,2020-05-12 17:39:26
88,0,301,2020-05-12 17:27:17,2020-05-12 17:29:56
22,62,306,2020-05-12 17:27:17,2020-05-12 17:27:47
31,0,0,2020-05-12 17:27:18,2020-05-12 17:37:30
22,62,130,2020-05-12 17:27:47,2020-05-12 18:47:59
67,0,0,2020-05-12 17:27:57,2020-05-12 17:37:46
73,0,104,2020-05-12 17:28:04,2020-05-12 17:28:31
65,83,0,2020-05-12 17:28:13,2020-05-12 17:29:10
73,0,315,2020-05-12 17:28:31,2020-05-12 17:29:53
80,0,0,2020-05-12 17:28:44,2020-05-12 17:38:21
77,57,325,2020-05-12 17:28:48,2020-05-12 17:29:23
72,30,322,2020-05-12 17:28:53,2020-05-12 17:29:08
24,8,0,2020-05-12 17:28:53,2020-05-12 17:29:49
109,106,322,2020-05-12 17:29:07,2020-05-12 17:29:22
72,30,171,2020-05-12 17:29:08,2020-05-12 18:26:15
65,83,326,2020-05-12 17:29:10,2020-05-12 17:29:30
27,0,0,2020-05-12 17:29:14,2020-05-12 17:40:33
157,0,0,2020-05-12 17:29:16,2020-05-12 17:38:26
109,106,171,2020-05-12 17:29:22,2020-05-12 18:37:40
77,57,322,2020-05-12 17:29:23,2020-05-12 17:32:44
71,0,0,2020-05-12 17:29:27,2020-05-12 17:40:42
65,83,320,2020-05-12 17:29:30,2020-05-12 17:30:58
1,40,0,2020-05-12 17:29:40,2020-05-12 17:31:47
18,0,0,2020-05-12 17:29:44,2020-05-12 17:40:02
24,8,326,2020-05-12 17:29:49,2020-05-12 17:30:03
73,0,320,2020-05-12 17:29:53,2020-05-12 17:30:24
88,0,0,2020-05-12 17:29:56,2020-05-12 17:37:06
24,8,320,2020-05-12 17:30:03,2020-05-12 17:31:13
135,0,0,2020-05-12 17:30:08,2020-05-12 17:34:36
43,0,0,2020-05-12 17:30:10,2020-05-12 17:41:01
160,0,0,2020-05-12 17:30:18,2020-05-12 17:36:41
73,0,326,2020-05-12 17:30:24,2020-05-12 17:31:04
42,0,0,2020-05-12 17:30:34,2020-05-12 17:42:24
141,93,306,2020-05-12 17:30:43,2020-05-12 17:31:16
46,0,0,2020-05-12 17:30:46,2020-05-12 17:42:12
82,41,0,2020-05-12 17:30:46,2020-05-12 17:31:22
65,83,315,2020-05-12 17:30:58,2020-05-12 17:32:14
73,0,0,2020-05-12 17:31:04,2020-05-12 17:37:27
24,8,144,2020-05-12 17:31:13,2020-05-12 18:42:44
141,93,139,2020-05-12 17:31:16,2020-05-12 18:37:57
37,0,155,2020-05-12 17:31:17,2020-05-12 17:31:48
82,41,326,2020-05-12 17:31:22,2020-05-12 17:31:42
142,0,0,2020-05-12 17:31:26,2020-05-12 17:42:24
68,0,0,2020-05-12 17:31:32,2020-05-12 17:39:57
137,0,247,2020-05-12 17:31:35,2020-05-12 17:32:03
131,0,0,2020-05-12 17:31:35,2020-05-12 17:40:36
82,41,320,2020-05-12 17:31:42,2020-05-12 17:33:26
1,40,301,2020-05-12 17:31:47,2020-05-12 17:32:00
37,0,318,2020-05-12 17:31:48,2020-05-12 17:32:27
81,0,0,2020-05-12 17:31:52,2020-05-12 17:42:03
1,40,401,2020-05-12 17:32:00,2020-05-12 17:32:15
87,88,414,2020-05-12 17:32:03,2020-05-12 17:32:33
137,0,414,2020-05-12 17:32:03,2020-05-12 17:32:32
154,134,117,2020-05-12 17:32:05,2020-05-12 17:32:23
52,0,147,2020-05-12 17:32:09,2020-05-12 17:32:46
65,83,303,2020-05-12 17:32:14,2020-05-12 17:32:44
1,40,402,2020-05-12 17:32:15,2020-05-12 17:32:45
76,0,213,2020-05-12 17:32:18,2020-05-12 17:33:00
154,134,316,2020-05-12 17:32:23,2020-05-12 17:33:06
37,0,319,2020-05-12 17:32:27,2020-05-12 17:34:24
137,0,415,2020-05-12 17:32:32,2020-05-12 17:33:20
87,88,415,2020-05-12 17:32:33,2020-05-12 17:33:42
111,0,224,2020-05-12 17:32:35,2020-05-12 17:33:13
152,0,0,2020-05-12 17:32:35,2020-05-12 17:40:57
129,0,225,2020-05-12 17:32:43,2020-05-12 17:32:59
65,83,304,2020-05-12 17:32:44,2020-05-12 17:33:20
77,57,317,2020-05-12 17:32:44,2020-05-12 17:33:05
1,40,403,2020-05-12 17:32:45,2020-05-12 17:33:20
52,0,307,2020-05-12 17:32:46,2020-05-12 17:40:21
60,0,0,2020-05-12 17:32:50,2020-05-12 17:41:02
119,0,0,2020-05-12 17:32:52,2020-05-12 17:44:16
145,0,0,2020-05-12 17:32:57,2020-05-12 17:43:15
129,0,405,2020-05-12 17:32:59,2020-05-12 17:33:36
76,0,406,2020-05-12 17:33:00,2020-05-12 17:33:50
77,57,109,2020-05-12 17:33:05,2020-05-12 18:53:27
154,134,317,2020-05-12 17:33:06,2020-05-12 17:36:48
102,0,0,2020-05-12 17:33:06,2020-05-12 17:42:30
86,59,0,2020-05-12 17:33:11,2020-05-12 17:36:45
111,0,404,2020-05-12 17:33:13,2020-05-12 17:33:44
1,40,404,2020-05-12 17:33:20,2020-05-12 17:33:50
137,0,412,2020-05-12 17:33:20,2020-05-12 17:34:46
117,99,324,2020-05-12 17:33:20,2020-05-12 17:34:23
65,83,305,2020-05-12 17:33:20,2020-05-12 17:33:35
82,41,145,2020-05-12 17:33:26,2020-05-12 18:35:43
93,0,0,2020-05-12 17:33:34,2020-05-12 17:43:47
65,83,127,2020-05-12 17:33:35,2020-05-12 18:58:12
129,0,404,2020-05-12 17:33:36,2020-05-12 17:34:12
87,88,412,2020-05-12 17:33:42,2020-05-12 17:35:08
111,0,403,2020-05-12 17:33:44,2020-05-12 17:34:09
1,40,405,2020-05-12 17:33:50,2020-05-12 17:34:38
76,0,405,2020-05-12 17:33:50,2020-05-12 17:34:20
55,0,153,2020-05-12 17:34:01,2020-05-12 17:34:29
6,0,0,2020-05-12 17:34:03,2020-05-12 17:43:55
75,0,0,2020-05-12 17:34:06,2020-05-12 17:44:25
5,0,0,2020-05-12 17:34:07,2020-05-12 17:42:26
111,0,402,2020-05-12 17:34:09,2020-05-12 17:34:21
129,0,403,2020-05-12 17:34:12,2020-05-12 17:34:44
160,0,224,2020-05-12 17:34:18,2020-05-12 17:34:56
7,0,128,2020-05-12 17:34:19,2020-05-12 17:34:48
76,0,404,2020-05-12 17:34:20,2020-05-12 17:34:56
111,0,401,2020-05-12 17:34:21,2020-05-12 17:34:31
117,99,175,2020-05-12 17:34:23,2020-05-12 18:40:31
37,0,317,2020-05-12 17:34:24,2020-05-12 17:34:56
55,0,313,2020-05-12 17:34:29,2020-05-12 17:42:03
111,0,301,2020-05-12 17:34:31,2020-05-12 17:36:57
135,0,0,2020-05-12 17:34:36,2020-05-12 17:45:50
1,40,406,2020-05-12 17:34:38,2020-05-12 17:35:07
129,0,402,2020-05-12 17:34:44,2020-05-12 17:34:59
137,0,403,2020-05-12 17:34:46,2020-05-12 17:35:08
7,0,306,2020-05-12 17:34:48,2020-05-12 17:39:56
29,0,0,2020-05-12 17:34:54,2020-05-12 17:47:48
37,0,316,2020-05-12 17:34:56,2020-05-12 17:35:36
160,0,404,2020-05-12 17:34:56,2020-05-12 17:35:27
76,0,403,2020-05-12 17:34:56,2020-05-12 17:35:22
129,0,401,2020-05-12 17:34:59,2020-05-12 17:35:09
69,18,243,2020-05-12 17:35:00,2020-05-12 17:35:31
1,40,227,2020-05-12 17:35:07,2020-05-12 18:54:03
99,118,0,2020-05-12 17:35:07,2020-05-12 17:35:44
137,0,402,2020-05-12 17:35:08,2020-05-12 17:35:23
87,88,403,2020-05-12 17:35:08,2020-05-12 17:35:29
129,0,301,2020-05-12 17:35:09,2020-05-12 17:38:00
12,0,209,2020-05-12 17:35:16,2020-05-12 17:35:31
76,0,402,2020-05-12 17:35:22,2020-05-12 17:35:37
137,0,401,2020-05-12 17:35:23,2020-05-12 17:35:36
160,0,403,2020-05-12 17:35:27,2020-05-12 17:35:52
118,0,0,2020-05-12 17:35:27,2020-05-12 17:45:16
146,0,237,2020-05-12 17:35:29,2020-05-12 17:35:52
87,88,402,2020-05-12 17:35:29,2020-05-12 17:35:54
12,0,405,2020-05-12 17:35:31,2020-05-12 17:36:07
69,18,416,2020-05-12 17:35:31,2020-05-12 17:36:05
95,0,0,2020-05-12 17:35:32,2020-05-12 17:44:55
37,0,315,2020-05-12 17:35:36,2020-05-12 17:37:04
137,0,301,2020-05-12 17:35:36,2020-05-12 17:37:45
76,0,401,2020-05-12 17:35:37,2020-05-12 17:35:49
114,124,148,2020-05-12 17:35:42,2020-05-12 17:36:03
99,118,326,2020-05-12 17:35:44,2020-05-12 17:36:09
76,0,301,2020-05-12 17:35:49,2020-05-12 17:39:05
160,0,402,2020-05-12 17:35:52,2020-05-12 17:36:04
146,0,414,2020-05-12 17:35:52,2020-05-12 17:36:15
87,88,218,2020-05-12 17:35:54,2020-05-12 18:20:27
97,0,0,2020-05-12 17:35:57,2020-05-12 17:44:55
114,124,308,2020-05-12 17:36:03,2020-05-12 17:36:59
160,0,401,2020-05-12 17:36:04,2020-05-12 17:36:14
69,18,415,2020-05-12 17:36:05,2020-05-12 17:36:23
12,0,404,2020-05-12 17:36:07,2020-05-12 17:36:38
64,0,0,2020-05-12 17:36:08,2020-05-12 17:46:29
99,118,102,2020-05-12 17:36:09,2020-05-12 17:37:31
160,0,301,2020-05-12 17:36:14,2020-05-12 17:38:40
146,0,415,2020-05-12 17:36:15,2020-05-12 17:37:17
40,0,160,2020-05-12 17:36:18,2020-05-12 17:36:47
69,18,414,2020-05-12 17:36:23,2020-05-12 17:36:45
12,0,403,2020-05-12 17:36:38,2020-05-12 17:37:08
74,0,0,2020-05-12 17:36:40,2020-05-12 17:46:24
160,138,0,2020-05-12 17:36:41,2020-05-12 17:39:30
69,18,245,2020-05-12 17:36:45,2020-05-12 19:10:32
86,59,301,2020-05-12 17:36:45,2020-05-12 17:36:54
40,0,310,2020-05-12 17:36:47,2020-05-12 17:36:54
154,134,322,2020-05-12 17:36:48,2020-05-12 17:37:29
144,0,0,2020-05-12 17:36:54,2020-05-12 17:46:13
86,59,401,2020-05-12 17:36:54,2020-05-12 17:37:07
40,0,309,2020-05-12 17:36:54,2020-05-12 17:37:15
13,0,0,2020-05-12 17:36:55,2020-05-12 17:46:12
111,0,0,2020-05-12 17:36:57,2020-05-12 17:41:40
114,124,312,2020-05-12 17:36:59,2020-05-12 17:37:09
14,42,138,2020-05-12 17:37:01,2020-05-12 17:37:26
37,0,320,2020-05-12 17:37:04,2020-05-12 17:37:26
88,0,0,2020-05-12 17:37:06,2020-05-12 17:47:28
86,59,402,2020-05-12 17:37:07,2020-05-12 17:37:38
12,0,402,2020-05-12 17:37:08,2020-05-12 17:37:23
114,124,409,2020-05-12 17:37:09,2020-05-12 17:37:32
40,0,308,2020-05-12 17:37:15,2020-05-12 17:38:01
146,0,412,2020-05-12 17:37:17,2020-05-12 17:38:49
12,0,401,2020-05-12 17:37:23,2020-05-12 17:37:31
51,0,0,2020-05-12 17:37:23,2020-05-12 17:47:30
14,42,305,2020-05-12 17:37:26,2020-05-12 17:37:52
37,0,326,2020-05-12 17:37:26,2020-05-12 17:38:03
73,0,0,2020-05-12 17:37:27,2020-05-12 17:48:07
154,134,325,2020-05-12 17:37:29,2020-05-12 17:38:59
33,0,0,2020-05-12 17:37:29,2020-05-12 17:50:31
31,0,0,2020-05-12 17:37:30,2020-05-12 17:46:13
99,118,321,2020-05-12 17:37:31,2020-05-12 17:39:42
12,0,301,2020-05-12 17:37:31,2020-05-12 17:40:53
114,124,407,2020-05-12 17:37:32,2020-05-12 17:38:07
86,59,403,2020-05-12 17:37:38,2020-05-12 17:39:09
153,0,206,2020-05-12 17:37:38,2020-05-12 17:38:03
137,0,0,2020-05-12 17:37:45,2020-05-12 17:44:19
67,0,0,2020-05-12 17:37:46,2020-05-12 17:49:16
14,42,304,2020-05-12 17:37:52,2020-05-12 17:38:18
129,0,0,2020-05-12 17:38:00,2020-05-12 17:43:43
40,0,307,2020-05-12 17:38:01,2020-05-12 17:44:27
153,0,403,2020-05-12 17:38:03,2020-05-12 17:38:24
37,0,0,2020-05-12 17:38:03,2020-05-12 17:41:09
114,124,406,2020-05-12 17:38:07,2020-05-12 17:38:52
14,42,303,2020-05-12 17:38:18,2020-05-12 17:38:36
80,0,0,2020-05-12 17:38:21,2020-05-12 17:49:33
153,0,402,2020-05-12 17:38:24,2020-05-12 17:38:45
157,0,0,2020-05-12 17:38:26,2020-05-12 17:48:23
14,42,302,2020-05-12 17:38:36,2020-05-12 17:38:59
160,0,0,2020-05-12 17:38:40,2020-05-12 17:43:58
153,0,401,2020-05-12 17:38:45,2020-05-12 17:38:55
146,0,403,2020-05-12 17:38:49,2020-05-12 17:39:16
114,124,405,2020-05-12 17:38:52,2020-05-12 17:39:25
72,50,155,2020-05-12 17:38:52,2020-05-12 17:39:21
153,0,301,2020-05-12 17:38:55,2020-05-12 17:41:50
154,134,421,2020-05-12 17:38:59,2020-05-12 17:39:19
14,42,301,2020-05-12 17:38:59,2020-05-12 17:39:10
76,0,0,2020-05-12 17:39:05,2020-05-12 17:42:03
86,59,412,2020-05-12 17:39:09,2020-05-12 17:40:40
14,42,401,2020-05-12 17:39:10,2020-05-12 17:39:25
146,0,402,2020-05-12 17:39:16,2020-05-12 17:39:32
154,134,419,2020-05-12 17:39:19,2020-05-12 17:39:33
72,50,318,2020-05-12 17:39:21,2020-05-12 17:40:13
114,124,404,2020-05-12 17:39:25,2020-05-12 17:40:03
14,42,402,2020-05-12 17:39:25,2020-05-12 17:39:51
21,0,0,2020-05-12 17:39:26,2020-05-12 17:51:19
160,138,301,2020-05-12 17:39:30,2020-05-12 17:39:40
146,0,401,2020-05-12 17:39:32,2020-05-12 17:39:39
154,134,256,2020-05-12 17:39:33,2020-05-12 20:12:56
146,0,301,2020-05-12 17:39:39,2020-05-12 17:42:56
160,138,401,2020-05-12 17:39:40,2020-05-12 17:39:51
99,118,322,2020-05-12 17:39:42,2020-05-12 17:40:13
160,138,402,2020-05-12 17:39:51,2020-05-12 17:40:16
14,42,403,2020-05-12 17:39:51,2020-05-12 17:41:11
7,0,0,2020-05-12 17:39:56,2020-05-12 17:43:07
68,83,0,2020-05-12 17:39:57,2020-05-12 17:40:35
18,0,0,2020-05-12 17:40:02,2020-05-12 17:49:31
114,124,403,2020-05-12 17:40:03,2020-05-12 17:40:16
72,50,319,2020-05-12 17:40:13,2020-05-12 17:42:04
99,118,323,2020-05-12 17:40:13,2020-05-12 17:41:01
114,124,204,2020-05-12 17:40:16,2020-05-12 18:34:50
15,0,209,2020-05-12 17:40:16,2020-05-12 17:40:31
160,138,403,2020-05-12 17:40:16,2020-05-12 17:41:01
52,0,0,2020-05-12 17:40:21,2020-05-12 17:43:34
15,0,405,2020-05-12 17:40:31,2020-05-12 17:41:07
27,0,0,2020-05-12 17:40:33,2020-05-12 17:51:24
68,83,326,2020-05-12 17:40:35,2020-05-12 17:40:57
131,0,0,2020-05-12 17:40:36,2020-05-12 17:50:51
86,59,415,2020-05-12 17:40:40,2020-05-12 17:41:00
71,0,0,2020-05-12 17:40:42,2020-05-12 17:51:11
12,0,0,2020-05-12 17:40:53,2020-05-12 17:46:44
68,83,320,2020-05-12 17:40:57,2020-05-12 17:41:22
152,0,0,2020-05-12 17:40:57,2020-05-12 17:50:55
86,59,414,2020-05-12 17:41:00,2020-05-12 17:41:25
160,138,404,2020-05-12 17:41:01,2020-05-12 17:41:35
99,118,169,2020-05-12 17:41:01,2020-05-12 18:11:05
43,0,0,2020-05-12 17:41:01,2020-05-12 17:50:42
60,31,0,2020-05-12 17:41:02,2020-05-12 17:41:47
15,0,404,2020-05-12 17:41:07,2020-05-12 17:41:38
37,0,0,2020-05-12 17:41:09,2020-05-12 17:51:10
14,42,412,2020-05-12 17:41:11,2020-05-12 17:42:26
68,83,142,2020-05-12 17:41:22,2020-05-12 18:13:30
86,59,237,2020-05-12 17:41:25,2020-05-12 17:48:39
160,138,224,2020-05-12 17:41:35,2020-05-12 17:34:18
15,0,403,2020-05-12 17:41:38,2020-05-12 17:42:08
111,0,0,2020-05-12 17:41:40,2020-05-12 17:52:03
60,31,326,2020-05-12 17:41:47,2020-05-12 17:42:38
153,0,0,2020-05-12 17:41:50,2020-05-12 17:47:55
62,22,202,2020-05-12 17:42:00,2020-05-12 17:42:16
76,0,0,2020-05-12 17:42:03,2020-05-12 17:53:04
81,10,0,2020-05-12 17:42:03,2020-05-12 17:42:49
55,0,0,2020-05-12 17:42:03,2020-05-12 17:43:39
72,50,317,2020-05-12 17:42:04,2020-05-12 17:42:37
15,0,402,2020-05-12 17:42:08,2020-05-12 17:42:23
46,0,0,2020-05-12 17:42:12,2020-05-12 17:51:23
62,22,402,2020-05-12 17:42:16,2020-05-12 17:42:33
15,0,401,2020-05-12 17:42:23,2020-05-12 17:42:31
42,25,0,2020-05-12 17:42:24,2020-05-12 17:43:09
142,0,0,2020-05-12 17:42:24,2020-05-12 17:52:57
5,0,0,2020-05-12 17:42:26,2020-05-12 17:52:47
14,42,415,2020-05-12 17:42:26,2020-05-12 17:42:51
62,0,124,2020-05-12 17:42:26,2020-05-12 17:42:46
102,0,0,2020-05-12 17:42:30,2020-05-12 17:51:12
15,0,301,2020-05-12 17:42:31,2020-05-12 17:45:53
62,22,401,2020-05-12 17:42:33,2020-05-12 17:42:43
147,0,127,2020-05-12 17:42:37,2020-05-12 17:43:07
72,50,118,2020-05-12 17:42:37,2020-05-12 17:12:19
60,31,102,2020-05-12 17:42:38,2020-05-12 18:46:24
62,22,301,2020-05-12 17:42:43,2020-05-12 17:43:19
103,0,247,2020-05-12 17:42:46,2020-05-12 17:43:14
62,0,304,2020-05-12 17:42:46,2020-05-12 17:43:16
81,10,326,2020-05-12 17:42:49,2020-05-12 17:43:01
14,42,414,2020-05-12 17:42:51,2020-05-12 17:43:02
146,0,0,2020-05-12 17:42:56,2020-05-12 17:45:52
81,10,320,2020-05-12 17:43:01,2020-05-12 17:44:35
14,42,246,2020-05-12 17:43:02,2020-05-12 18:28:53
7,0,0,2020-05-12 17:43:07,2020-05-12 17:53:04
147,0,305,2020-05-12 17:43:07,2020-05-12 17:43:34
42,25,326,2020-05-12 17:43:09,2020-05-12 17:44:00
103,0,414,2020-05-12 17:43:14,2020-05-12 17:43:43
145,0,0,2020-05-12 17:43:15,2020-05-12 17:56:14
62,0,303,2020-05-12 17:43:16,2020-05-12 17:43:39
62,22,302,2020-05-12 17:43:19,2020-05-12 17:43:34
52,61,0,2020-05-12 17:43:34,2020-05-12 17:47:09
62,22,303,2020-05-12 17:43:34,2020-05-12 17:43:55
147,0,304,2020-05-12 17:43:34,2020-05-12 17:44:08
55,0,0,2020-05-12 17:43:39,2020-05-12 17:51:52
62,0,302,2020-05-12 17:43:39,2020-05-12 17:44:06
103,0,415,2020-05-12 17:43:43,2020-05-12 17:44:31
129,111,0,2020-05-12 17:43:43,2020-05-12 17:44:15
93,0,0,2020-05-12 17:43:47,2020-05-12 17:51:39
6,49,0,2020-05-12 17:43:55,2020-05-12 17:45:38
62,22,304,2020-05-12 17:43:55,2020-05-12 17:44:13
160,0,0,2020-05-12 17:43:58,2020-05-12 17:54:30
42,25,102,2020-05-12 17:44:00,2020-05-12 19:00:10
62,0,301,2020-05-12 17:44:06,2020-05-12 17:46:33
147,0,303,2020-05-12 17:44:08,2020-05-12 17:44:24
62,22,124,2020-05-12 17:44:13,2020-05-12 17:42:26
129,111,326,2020-05-12 17:44:15,2020-05-12 17:44:59
119,0,0,2020-05-12 17:44:16,2020-05-12 17:53:25
128,0,234,2020-05-12 17:44:18,2020-05-12 17:44:36
85,0,123,2020-05-12 17:44:19,2020-05-12 17:44:38
137,120,0,2020-05-12 17:44:19,2020-05-12 17:47:28
147,0,302,2020-05-12 17:44:24,2020-05-12 17:44:52
75,0,0,2020-05-12 17:44:25,2020-05-12 17:53:26
40,0,0,2020-05-12 17:44:27,2020-05-12 17:46:44
103,0,412,2020-05-12 17:44:31,2020-05-12 17:45:57
81,10,315,2020-05-12 17:44:35,2020-05-12 17:46:01
128,0,411,2020-05-12 17:44:36,2020-05-12 17:45:03
85,0,303,2020-05-12 17:44:38,2020-05-12 17:45:57
133,0,225,2020-05-12 17:44:38,2020-05-12 17:44:54
147,0,301,2020-05-12 17:44:52,2020-05-12 17:47:37
133,0,405,2020-05-12 17:44:54,2020-05-12 17:45:31
97,126,0,2020-05-12 17:44:55,2020-05-12 17:45:34
95,0,0,2020-05-12 17:44:55,2020-05-12 17:55:54
129,111,102,2020-05-12 17:44:59,2020-05-12 17:46:39
128,0,412,2020-05-12 17:45:03,2020-05-12 17:46:22
118,0,0,2020-05-12 17:45:16,2020-05-12 17:54:19
138,0,242,2020-05-12 17:45:24,2020-05-12 17:45:40
133,0,404,2020-05-12 17:45:31,2020-05-12 17:46:07
97,126,326,2020-05-12 17:45:34,2020-05-12 17:45:52
6,49,301,2020-05-12 17:45:38,2020-05-12 17:45:48
138,0,416,2020-05-12 17:45:40,2020-05-12 17:46:12
6,49,401,2020-05-12 17:45:48,2020-05-12 17:46:09
135,0,0,2020-05-12 17:45:50,2020-05-12 17:55:45
97,126,320,2020-05-12 17:45:52,2020-05-12 17:47:03
146,0,0,2020-05-12 17:45:52,2020-05-12 17:54:07
15,0,0,2020-05-12 17:45:53,2020-05-12 17:49:51
85,0,315,2020-05-12 17:45:57,2020-05-12 17:47:29
103,0,403,2020-05-12 17:45:57,2020-05-12 17:46:19
81,10,303,2020-05-12 17:46:01,2020-05-12 17:46:25
133,0,403,2020-05-12 17:46:07,2020-05-12 17:46:39
6,49,402,2020-05-12 17:46:09,2020-05-12 17:46:37
13,0,0,2020-05-12 17:46:12,2020-05-12 17:56:27
138,0,415,2020-05-12 17:46:12,2020-05-12 17:47:36
31,0,0,2020-05-12 17:46:13,2020-05-12 17:56:27
144,0,0,2020-05-12 17:46:13,2020-05-12 17:57:09
103,0,402,2020-05-12 17:46:19,2020-05-12 17:46:34
128,0,403,2020-05-12 17:46:22,2020-05-12 17:46:49
74,0,0,2020-05-12 17:46:24,2020-05-12 17:56:52
81,10,304,2020-05-12 17:46:25,2020-05-12 17:46:39
64,55,0,2020-05-12 17:46:29,2020-05-12 17:49:20
62,0,0,2020-05-12 17:46:33,2020-05-12 17:51:54
103,0,401,2020-05-12 17:46:34,2020-05-12 17:46:47
6,49,403,2020-05-12 17:46:37,2020-05-12 17:47:31
81,10,124,2020-05-12 17:46:39,2020-05-12 19:38:40
129,111,321,2020-05-12 17:46:39,2020-05-12 17:49:16
133,0,402,2020-05-12 17:46:39,2020-05-12 17:46:54
40,0,0,2020-05-12 17:46:44,2020-05-12 17:56:35
12,0,0,2020-05-12 17:46:44,2020-05-12 17:58:29
103,0,301,2020-05-12 17:46:47,2020-05-12 17:48:56
128,0,402,2020-05-12 17:46:49,2020-05-12 17:47:04
59,0,225,2020-05-12 17:46:52,2020-05-12 17:47:08
133,0,401,2020-05-12 17:46:54,2020-05-12 17:47:04
97,126,315,2020-05-12 17:47:03,2020-05-12 17:48:48
133,0,301,2020-05-12 17:47:04,2020-05-12 17:49:55
128,0,401,2020-05-12 17:47:04,2020-05-12 17:47:14
59,0,405,2020-05-12 17:47:08,2020-05-12 17:47:45
52,61,301,2020-05-12 17:47:09,2020-05-12 17:47:20
128,0,301,2020-05-12 17:47:14,2020-05-12 17:50:36
52,61,401,2020-05-12 17:47:20,2020-05-12 17:47:32
137,120,301,2020-05-12 17:47:28,2020-05-12 17:47:36
88,76,0,2020-05-12 17:47:28,2020-05-12 17:50:38
85,0,320,2020-05-12 17:47:29,2020-05-12 17:47:50
51,2,0,2020-05-12 17:47:30,2020-05-12 17:54:43
6,49,404,2020-05-12 17:47:31,2020-05-12 17:47:49
52,61,402,2020-05-12 17:47:32,2020-05-12 17:47:59
138,0,412,2020-05-12 17:47:36,2020-05-12 17:48:53
137,120,401,2020-05-12 17:47:36,2020-05-12 17:47:52
147,0,0,2020-05-12 17:47:37,2020-05-12 17:53:27
59,0,404,2020-05-12 17:47:45,2020-05-12 17:48:21
29,56,0,2020-05-12 17:47:48,2020-05-12 17:51:10
6,49,223,2020-05-12 17:47:49,2020-05-12 19:22:52
85,0,326,2020-05-12 17:47:50,2020-05-12 17:48:36
137,120,402,2020-05-12 17:47:52,2020-05-12 17:48:11
153,0,0,2020-05-12 17:47:55,2020-05-12 17:59:35
52,61,403,2020-05-12 17:47:59,2020-05-12 17:48:44
73,0,0,2020-05-12 17:48:07,2020-05-12 17:58:09
137,120,403,2020-05-12 17:48:11,2020-05-12 17:49:47
59,0,403,2020-05-12 17:48:21,2020-05-12 17:48:53
157,0,0,2020-05-12 17:48:23,2020-05-12 17:58:38
85,0,0,2020-05-12 17:48:36,2020-05-12 17:55:00
86,57,237,2020-05-12 17:48:39,2020-05-12 17:49:04
52,61,412,2020-05-12 17:48:44,2020-05-12 17:49:08
97,126,303,2020-05-12 17:48:48,2020-05-12 17:49:18
138,0,403,2020-05-12 17:48:53,2020-05-12 17:49:18
59,0,402,2020-05-12 17:48:53,2020-05-12 17:49:08
103,0,0,2020-05-12 17:48:56,2020-05-12 17:52:08
86,57,414,2020-05-12 17:49:04,2020-05-12 17:49:22
52,61,411,2020-05-12 17:49:08,2020-05-12 17:49:28
59,0,401,2020-05-12 17:49:08,2020-05-12 17:49:18
129,111,322,2020-05-12 17:49:16,2020-05-12 17:49:45
67,56,0,2020-05-12 17:49:16,2020-05-12 17:51:53
138,0,402,2020-05-12 17:49:18,2020-05-12 17:49:32
97,126,304,2020-05-12 17:49:18,2020-05-12 17:49:38
59,0,301,2020-05-12 17:49:18,2020-05-12 17:52:09
64,55,301,2020-05-12 17:49:20,2020-05-12 17:49:30
86,57,415,2020-05-12 17:49:22,2020-05-12 17:50:51
52,61,229,2020-05-12 17:49:28,2020-05-12 18:13:28
106,0,233,2020-05-12 17:49:28,2020-05-12 17:50:13
64,55,401,2020-05-12 17:49:30,2020-05-12 17:49:49
18,0,0,2020-05-12 17:49:31,2020-05-12 17:58:43
138,0,401,2020-05-12 17:49:32,2020-05-12 17:49:41
80,0,0,2020-05-12 17:49:33,2020-05-12 18:01:12
97,126,135,2020-05-12 17:49:38,2020-05-12 19:02:12
138,0,301,2020-05-12 17:49:41,2020-05-12 17:54:08
129,111,168,2020-05-12 17:49:45,2020-05-12 18:29:00
137,120,412,2020-05-12 17:49:47,2020-05-12 17:51:14
64,55,402,2020-05-12 17:49:49,2020-05-12 17:50:18
15,35,0,2020-05-12 17:49:51,2020-05-12 17:50:32
133,0,0,2020-05-12 17:49:55,2020-05-12 17:55:32
106,0,412,2020-05-12 17:50:13,2020-05-12 17:51:40
64,55,403,2020-05-12 17:50:18,2020-05-12 17:50:28
64,55,204,2020-05-12 17:50:28,2020-05-12 17:17:13
33,0,0,2020-05-12 17:50:31,2020-05-12 18:00:31
15,35,326,2020-05-12 17:50:32,2020-05-12 17:50:50
128,0,0,2020-05-12 17:50:36,2020-05-12 17:53:30
88,76,325,2020-05-12 17:50:38,2020-05-12 17:52:08
43,0,0,2020-05-12 17:50:42,2020-05-12 18:00:43
15,35,320,2020-05-12 17:50:50,2020-05-12 17:52:10
86,57,412,2020-05-12 17:50:51,2020-05-12 17:52:06
131,0,0,2020-05-12 17:50:51,2020-05-12 18:00:36
152,0,0,2020-05-12 17:50:55,2020-05-12 18:01:46
29,56,301,2020-05-12 17:51:10,2020-05-12 17:51:18
37,0,0,2020-05-12 17:51:10,2020-05-12 18:01:42
71,0,0,2020-05-12 17:51:11,2020-05-12 18:00:54
102,0,0,2020-05-12 17:51:12,2020-05-12 18:01:25
137,120,415,2020-05-12 17:51:14,2020-05-12 17:51:58
29,56,401,2020-05-12 17:51:18,2020-05-12 17:51:29
21,0,0,2020-05-12 17:51:19,2020-05-12 18:02:03
46,0,0,2020-05-12 17:51:23,2020-05-12 18:01:28
27,0,0,2020-05-12 17:51:24,2020-05-12 18:00:53
29,56,402,2020-05-12 17:51:29,2020-05-12 17:51:46
93,0,0,2020-05-12 17:51:39,2020-05-12 18:02:23
106,0,403,2020-05-12 17:51:40,2020-05-12 17:52:06
29,56,202,2020-05-12 17:51:46,2020-05-12 19:25:21
55,142,0,2020-05-12 17:51:52,2020-05-12 18:02:31
57,57,122,2020-05-12 17:51:53,2020-05-12 17:52:10
67,56,301,2020-05-12 17:51:53,2020-05-12 17:52:05
62,0,0,2020-05-12 17:51:54,2020-05-12 18:00:25
137,120,416,2020-05-12 17:51:58,2020-05-12 17:52:23
111,0,0,2020-05-12 17:52:03,2020-05-12 18:02:42
67,56,401,2020-05-12 17:52:05,2020-05-12 17:52:18
106,0,402,2020-05-12 17:52:06,2020-05-12 17:52:21
86,57,403,2020-05-12 17:52:06,2020-05-12 17:52:31
88,76,421,2020-05-12 17:52:08,2020-05-12 17:53:18
103,0,0,2020-05-12 17:52:08,2020-05-12 18:02:55
59,0,0,2020-05-12 17:52:09,2020-05-12 17:56:33
57,57,303,2020-05-12 17:52:10,2020-05-12 17:52:40
15,35,315,2020-05-12 17:52:10,2020-05-12 17:54:02
67,56,402,2020-05-12 17:52:18,2020-05-12 17:52:46
106,0,401,2020-05-12 17:52:21,2020-05-12 17:52:28
137,120,243,2020-05-12 17:52:23,2020-05-12 18:06:26
106,0,301,2020-05-12 17:52:28,2020-05-12 17:55:09
86,57,402,2020-05-12 17:52:31,2020-05-12 17:52:49
57,57,133,2020-05-12 17:52:40,2020-05-12 19:12:30
67,56,403,2020-05-12 17:52:46,2020-05-12 17:53:46
5,0,0,2020-05-12 17:52:47,2020-05-12 18:02:48
121,0,252,2020-05-12 17:52:49,2020-05-12 17:53:31
86,57,401,2020-05-12 17:52:49,2020-05-12 17:52:59
142,0,0,2020-05-12 17:52:57,2020-05-12 18:02:43
86,57,301,2020-05-12 17:52:59,2020-05-12 17:53:20
17,51,250,2020-05-12 17:53:00,2020-05-12 17:53:15
7,0,0,2020-05-12 17:53:04,2020-05-12 18:03:04
76,0,0,2020-05-12 17:53:04,2020-05-12 18:02:13
17,51,416,2020-05-12 17:53:15,2020-05-12 17:53:36
88,76,417,2020-05-12 17:53:18,2020-05-12 17:53:31
86,57,302,2020-05-12 17:53:20,2020-05-12 17:53:36
119,0,0,2020-05-12 17:53:25,2020-05-12 18:04:26
75,79,0,2020-05-12 17:53:26,2020-05-12 17:56:57
147,0,0,2020-05-12 17:53:27,2020-05-12 18:03:23
128,0,0,2020-05-12 17:53:30,2020-05-12 18:04:24
88,76,244,2020-05-12 17:53:31,2020-05-12 18:25:47
121,0,421,2020-05-12 17:53:31,2020-05-12 17:54:55
86,57,303,2020-05-12 17:53:36,2020-05-12 17:54:05
17,51,417,2020-05-12 17:53:36,2020-05-12 17:54:59
67,56,412,2020-05-12 17:53:46,2020-05-12 17:54:00
67,56,236,2020-05-12 17:54:00,2020-05-12 18:45:15
15,35,303,2020-05-12 17:54:02,2020-05-12 17:54:31
86,57,304,2020-05-12 17:54:05,2020-05-12 17:54:29
146,0,0,2020-05-12 17:54:07,2020-05-12 18:05:22
138,0,0,2020-05-12 17:54:08,2020-05-12 17:56:30
118,0,0,2020-05-12 17:54:19,2020-05-12 18:04:27
86,57,125,2020-05-12 17:54:29,2020-05-12 19:06:16
160,0,0,2020-05-12 17:54:30,2020-05-12 18:04:25
15,35,304,2020-05-12 17:54:31,2020-05-12 17:54:49
51,2,312,2020-05-12 17:54:43,2020-05-12 17:55:38
15,35,136,2020-05-12 17:54:49,2020-05-12 19:11:04
61,0,127,2020-05-12 17:54:50,2020-05-12 17:55:20
121,0,325,2020-05-12 17:54:55,2020-05-12 18:00:35
17,51,421,2020-05-12 17:54:59,2020-05-12 17:55:24
85,0,0,2020-05-12 17:55:00,2020-05-12 18:04:47
106,0,0,2020-05-12 17:55:09,2020-05-12 17:59:59
115,0,159,2020-05-12 17:55:20,2020-05-12 17:56:03
61,0,305,2020-05-12 17:55:20,2020-05-12 17:55:47
17,51,419,2020-05-12 17:55:24,2020-05-12 17:55:32
17,51,418,2020-05-12 17:55:32,2020-05-12 17:57:40
133,0,0,2020-05-12 17:55:32,2020-05-12 18:04:47
51,2,308,2020-05-12 17:55:38,2020-05-12 17:56:09
135,0,0,2020-05-12 17:55:45,2020-05-12 18:06:11
61,0,304,2020-05-12 17:55:47,2020-05-12 17:56:21
95,0,0,2020-05-12 17:55:54,2020-05-12 18:03:49
132,101,251,2020-05-12 17:55:55,2020-05-12 17:56:04
115,0,309,2020-05-12 17:56:03,2020-05-12 17:56:18
132,101,417,2020-05-12 17:56:04,2020-05-12 17:57:06
51,2,309,2020-05-12 17:56:09,2020-05-12 17:56:19
145,0,0,2020-05-12 17:56:14,2020-05-12 18:05:18
115,0,308,2020-05-12 17:56:18,2020-05-12 17:56:47
51,2,310,2020-05-12 17:56:19,2020-05-12 17:56:59
61,0,303,2020-05-12 17:56:21,2020-05-12 17:56:37
13,0,0,2020-05-12 17:56:27,2020-05-12 18:05:00
31,0,0,2020-05-12 17:56:27,2020-05-12 18:06:11
138,96,0,2020-05-12 17:56:30,2020-05-12 18:01:12
59,0,0,2020-05-12 17:56:33,2020-05-12 18:09:33
40,73,0,2020-05-12 17:56:35,2020-05-12 17:57:31
61,0,302,2020-05-12 17:56:37,2020-05-12 17:57:05
115,0,307,2020-05-12 17:56:47,2020-05-12 18:04:16
74,0,0,2020-05-12 17:56:52,2020-05-12 18:05:34
75,79,301,2020-05-12 17:56:57,2020-05-12 17:57:05
51,2,152,2020-05-12 17:56:59,2020-05-12 19:12:55
75,79,401,2020-05-12 17:57:05,2020-05-12 17:57:22
61,0,301,2020-05-12 17:57:05,2020-05-12 17:59:50
132,101,421,2020-05-12 17:57:06,2020-05-12 17:57:36
144,0,0,2020-05-12 17:57:09,2020-05-12 18:08:01
75,79,402,2020-05-12 17:57:22,2020-05-12 17:57:45
40,73,326,2020-05-12 17:57:31,2020-05-12 17:57:49
132,101,419,2020-05-12 17:57:36,2020-05-12 17:57:45
17,51,409,2020-05-12 17:57:40,2020-05-12 17:58:04
132,101,418,2020-05-12 17:57:45,2020-05-12 17:59:05
75,79,203,2020-05-12 17:57:45,2020-05-12 18:08:06
40,73,320,2020-05-12 17:57:49,2020-05-12 17:59:26
17,51,407,2020-05-12 17:58:04,2020-05-12 17:58:34
73,0,0,2020-05-12 17:58:09,2020-05-12 18:08:03
12,30,0,2020-05-12 17:58:29,2020-05-12 18:00:33
17,51,406,2020-05-12 17:58:34,2020-05-12 17:58:54
157,133,0,2020-05-12 17:58:38,2020-05-12 17:59:09
18,0,0,2020-05-12 17:58:43,2020-05-12 18:08:31
17,51,212,2020-05-12 17:58:54,2020-05-12 19:18:04
132,101,409,2020-05-12 17:59:05,2020-05-12 17:59:14
157,133,326,2020-05-12 17:59:09,2020-05-12 17:59:31
132,101,312,2020-05-12 17:59:14,2020-05-12 17:59:33
40,73,315,2020-05-12 17:59:26,2020-05-12 17:59:59
157,133,320,2020-05-12 17:59:31,2020-05-12 18:00:49
64,0,227,2020-05-12 17:59:32,2020-05-12 18:00:00
132,101,307,2020-05-12 17:59:33,2020-05-12 18:00:09
153,0,0,2020-05-12 17:59:35,2020-05-12 18:09:43
116,0,153,2020-05-12 17:59:44,2020-05-12 18:00:12
61,0,0,2020-05-12 17:59:50,2020-05-12 18:05:04
40,73,316,2020-05-12 17:59:59,2020-05-12 18:00:36
106,111,0,2020-05-12 17:59:59,2020-05-12 18:02:36
64,0,406,2020-05-12 18:00:00,2020-05-12 18:00:48
132,101,306,2020-05-12 18:00:09,2020-05-12 18:00:55
116,0,313,2020-05-12 18:00:12,2020-05-12 18:07:46
62,0,0,2020-05-12 18:00:25,2020-05-12 18:09:20
33,0,0,2020-05-12 18:00:31,2020-05-12 18:11:13
12,30,301,2020-05-12 18:00:33,2020-05-12 18:00:44
121,0,0,2020-05-12 18:00:35,2020-05-12 18:01:39
40,73,317,2020-05-12 18:00:36,2020-05-12 18:02:32
131,0,0,2020-05-12 18:00:36,2020-05-12 18:10:43
43,43,0,2020-05-12 18:00:43,2020-05-12 18:03:37
12,30,401,2020-05-12 18:00:44,2020-05-12 18:01:01
64,0,405,2020-05-12 18:00:48,2020-05-12 18:01:12
157,133,315,2020-05-12 18:00:49,2020-05-12 18:01:15
27,0,0,2020-05-12 18:00:53,2020-05-12 18:10:02
71,0,0,2020-05-12 18:00:54,2020-05-12 18:08:38
132,101,305,2020-05-12 18:00:55,2020-05-12 18:01:24
12,30,402,2020-05-12 18:01:01,2020-05-12 18:01:28
126,0,207,2020-05-12 18:01:08,2020-05-12 18:01:22
80,0,0,2020-05-12 18:01:12,2020-05-12 18:10:50
64,0,404,2020-05-12 18:01:12,2020-05-12 18:01:59
138,96,301,2020-05-12 18:01:12,2020-05-12 18:01:22
157,133,316,2020-05-12 18:01:15,2020-05-12 18:01:43
126,0,404,2020-05-12 18:01:22,2020-05-12 18:02:00
138,96,401,2020-05-12 18:01:22,2020-05-12 18:01:32
132,101,125,2020-05-12 18:01:24,2020-05-12 18:35:16
102,0,0,2020-05-12 18:01:25,2020-05-12 18:11:13
12,30,403,2020-05-12 18:01:28,2020-05-12 18:02:01
46,0,0,2020-05-12 18:01:28,2020-05-12 18:11:38
138,96,402,2020-05-12 18:01:32,2020-05-12 18:01:53
121,0,0,2020-05-12 18:01:39,2020-05-12 18:11:51
37,0,0,2020-05-12 18:01:42,2020-05-12 18:12:23
157,133,106,2020-05-12 18:01:43,2020-05-12 19:44:09
152,0,0,2020-05-12 18:01:46,2020-05-12 18:11:09
138,96,403,2020-05-12 18:01:53,2020-05-12 18:02:32
64,0,403,2020-05-12 18:01:59,2020-05-12 18:02:23
126,0,403,2020-05-12 18:02:00,2020-05-12 18:02:19
12,30,221,2020-05-12 18:02:01,2020-05-12 18:47:07
98,0,201,2020-05-12 18:02:02,2020-05-12 18:02:21
21,0,0,2020-05-12 18:02:03,2020-05-12 18:13:03
76,0,0,2020-05-12 18:02:13,2020-05-12 18:13:50
54,0,313,2020-05-12 18:02:13,2020-05-12 18:11:57
54,0,162,2020-05-12 18:02:13,2020-05-12 18:02:13
126,0,402,2020-05-12 18:02:19,2020-05-12 18:02:32
98,0,401,2020-05-12 18:02:21,2020-05-12 18:02:31
64,0,402,2020-05-12 18:02:23,2020-05-12 18:02:44
93,71,0,2020-05-12 18:02:23,2020-05-12 18:05:25
98,0,301,2020-05-12 18:02:31,2020-05-12 18:05:10
55,142,313,2020-05-12 18:02:31,2020-05-12 18:02:43
40,73,319,2020-05-12 18:02:32,2020-05-12 18:03:09
126,0,401,2020-05-12 18:02:32,2020-05-12 18:02:43
138,96,404,2020-05-12 18:02:32,2020-05-12 18:02:59
155,0,147,2020-05-12 18:02:34,2020-05-12 18:03:11
106,111,301,2020-05-12 18:02:36,2020-05-12 18:02:48
11,0,111,2020-05-12 18:02:39,2020-05-12 18:02:53
111,0,0,2020-05-12 18:02:42,2020-05-12 18:11:19
126,0,301,2020-05-12 18:02:43,2020-05-12 18:05:42
55,142,410,2020-05-12 18:02:43,2020-05-12 18:03:13
142,121,0,2020-05-12 18:02:43,2020-05-12 18:03:42
64,0,401,2020-05-12 18:02:44,2020-05-12 18:02:53
5,0,0,2020-05-12 18:02:48,2020-05-12 18:12:24
106,111,401,2020-05-12 18:02:48,2020-05-12 18:03:02
11,0,314,2020-05-12 18:02:53,2020-05-12 18:03:23
64,0,301,2020-05-12 18:02:53,2020-05-12 18:06:02
103,0,0,2020-05-12 18:02:55,2020-05-12 18:12:08
138,96,222,2020-05-12 18:02:59,2020-05-12 18:37:36
106,111,201,2020-05-12 18:03:02,2020-05-12 19:29:29
7,0,0,2020-05-12 18:03:04,2020-05-12 18:15:29
40,73,318,2020-05-12 18:03:09,2020-05-12 18:03:24
155,0,307,2020-05-12 18:03:11,2020-05-12 18:10:46
55,142,215,2020-05-12 18:03:13,2020-05-12 18:49:15
147,0,0,2020-05-12 18:03:23,2020-05-12 18:14:00
110,0,250,2020-05-12 18:03:23,2020-05-12 18:03:43
11,0,315,2020-05-12 18:03:23,2020-05-12 18:04:50
40,73,156,2020-05-12 18:03:24,2020-05-12 20:13:26
43,43,301,2020-05-12 18:03:37,2020-05-12 18:03:47
2,0,247,2020-05-12 18:03:41,2020-05-12 18:04:09
142,121,326,2020-05-12 18:03:42,2020-05-12 18:04:04
110,0,416,2020-05-12 18:03:43,2020-05-12 18:04:27
43,43,401,2020-05-12 18:03:47,2020-05-12 18:04:01
95,0,0,2020-05-12 18:03:49,2020-05-12 18:12:49
58,0,230,2020-05-12 18:04:00,2020-05-12 18:04:18
43,43,402,2020-05-12 18:04:01,2020-05-12 18:04:23
142,121,320,2020-05-12 18:04:04,2020-05-12 18:05:19
2,0,414,2020-05-12 18:04:09,2020-05-12 18:04:38
115,0,0,2020-05-12 18:04:16,2020-05-12 18:07:02
101,108,203,2020-05-12 18:04:16,2020-05-12 18:04:44
58,0,411,2020-05-12 18:04:18,2020-05-12 18:04:39
43,43,403,2020-05-12 18:04:23,2020-05-12 18:05:44
128,0,0,2020-05-12 18:04:24,2020-05-12 18:14:39
160,0,0,2020-05-12 18:04:25,2020-05-12 18:15:42
119,0,0,2020-05-12 18:04:26,2020-05-12 18:14:57
110,0,415,2020-05-12 18:04:27,2020-05-12 18:05:35
118,0,0,2020-05-12 18:04:27,2020-05-12 18:15:35
2,0,415,2020-05-12 18:04:38,2020-05-12 18:05:26
58,0,412,2020-05-12 18:04:39,2020-05-12 18:05:56
101,108,403,2020-05-12 18:04:44,2020-05-12 18:06:00
85,0,0,2020-05-12 18:04:47,2020-05-12 18:14:08
133,0,0,2020-05-12 18:04:47,2020-05-12 18:14:23
11,0,320,2020-05-12 18:04:50,2020-05-12 18:05:11
13,0,0,2020-05-12 18:05:00,2020-05-12 18:15:44
30,0,140,2020-05-12 18:05:00,2020-05-12 18:05:10
61,79,0,2020-05-12 18:05:04,2020-05-12 18:06:01
30,0,306,2020-05-12 18:05:10,2020-05-12 18:05:41
98,0,0,2020-05-12 18:05:10,2020-05-12 18:13:06
11,0,326,2020-05-12 18:05:11,2020-05-12 18:05:55
145,138,0,2020-05-12 18:05:18,2020-05-12 18:07:54
142,121,315,2020-05-12 18:05:19,2020-05-12 18:06:37
120,0,228,2020-05-12 18:05:21,2020-05-12 18:05:36
146,0,0,2020-05-12 18:05:22,2020-05-12 18:14:10
93,71,301,2020-05-12 18:05:25,2020-05-12 18:05:34
2,0,412,2020-05-12 18:05:26,2020-05-12 18:06:52
93,71,401,2020-05-12 18:05:34,2020-05-12 18:05:45
74,0,0,2020-05-12 18:05:34,2020-05-12 18:15:17
110,0,412,2020-05-12 18:05:35,2020-05-12 18:06:49
120,0,406,2020-05-12 18:05:36,2020-05-12 18:06:21
30,0,305,2020-05-12 18:05:41,2020-05-12 18:06:12
126,0,0,2020-05-12 18:05:42,2020-05-12 18:10:39
56,0,166,2020-05-12 18:05:43,2020-05-12 18:06:17
43,43,412,2020-05-12 18:05:44,2020-05-12 18:06:03
93,71,402,2020-05-12 18:05:45,2020-05-12 18:06:17
113,0,109,2020-05-12 18:05:47,2020-05-12 18:06:05
11,0,0,2020-05-12 18:05:55,2020-05-12 18:13:51
58,0,403,2020-05-12 18:05:56,2020-05-12 18:06:23
101,108,412,2020-05-12 18:06:00,2020-05-12 18:07:17
61,79,326,2020-05-12 18:06:01,2020-05-12 18:06:21
64,0,0,2020-05-12 18:06:02,2020-05-12 18:08:40
43,43,231,2020-05-12 18:06:03,2020-05-12 19:09:41
113,0,317,2020-05-12 18:06:05,2020-05-12 18:06:56
135,0,0,2020-05-12 18:06:11,2020-05-12 18:14:37
31,87,0,2020-05-12 18:06:11,2020-05-12 18:14:11
30,0,304,2020-05-12 18:06:12,2020-05-12 18:06:43
56,0,319,2020-05-12 18:06:17,2020-05-12 18:08:21
93,71,403,2020-05-12 18:06:17,2020-05-12 18:07:48
34,0,136,2020-05-12 18:06:21,2020-05-12 18:06:39
61,79,320,2020-05-12 18:06:21,2020-05-12 18:07:49
120,0,405,2020-05-12 18:06:21,2020-05-12 18:07:01
58,0,402,2020-05-12 18:06:23,2020-05-12 18:06:45
137,0,243,2020-05-12 18:06:26,2020-05-12 18:07:05
142,121,303,2020-05-12 18:06:37,2020-05-12 18:07:01
34,0,304,2020-05-12 18:06:39,2020-05-12 18:07:12
30,0,303,2020-05-12 18:06:43,2020-05-12 18:08:15
58,0,401,2020-05-12 18:06:45,2020-05-12 18:06:56
110,0,403,2020-05-12 18:06:49,2020-05-12 18:07:22
2,0,403,2020-05-12 18:06:52,2020-05-12 18:07:14
113,0,316,2020-05-12 18:06:56,2020-05-12 18:07:27
58,0,301,2020-05-12 18:06:56,2020-05-12 18:08:58
142,121,304,2020-05-12 18:07:01,2020-05-12 18:07:14
120,0,404,2020-05-12 18:07:01,2020-05-12 18:07:49
115,0,0,2020-05-12 18:07:02,2020-05-12 18:17:51
137,0,416,2020-05-12 18:07:05,2020-05-12 18:07:41
34,0,303,2020-05-12 18:07:12,2020-05-12 18:07:32
142,121,125,2020-05-12 18:07:14,2020-05-12 18:59:31
2,0,402,2020-05-12 18:07:14,2020-05-12 18:07:29
101,108,415,2020-05-12 18:07:17,2020-05-12 18:07:59
110,0,402,2020-05-12 18:07:22,2020-05-12 18:07:39
113,0,315,2020-05-12 18:07:27,2020-05-12 18:08:23
2,0,401,2020-05-12 18:07:29,2020-05-12 18:07:42
34,0,302,2020-05-12 18:07:32,2020-05-12 18:08:02
110,0,401,2020-05-12 18:07:39,2020-05-12 18:07:48
137,0,415,2020-05-12 18:07:41,2020-05-12 18:08:45
2,0,301,2020-05-12 18:07:42,2020-05-12 18:09:51
116,0,0,2020-05-12 18:07:46,2020-05-12 18:09:10
110,0,301,2020-05-12 18:07:48,2020-05-12 18:10:03
93,71,412,2020-05-12 18:07:48,2020-05-12 18:09:29
120,0,403,2020-05-12 18:07:49,2020-05-12 18:08:15
61,79,315,2020-05-12 18:07:49,2020-05-12 18:09:05
149,140,109,2020-05-12 18:07:50,2020-05-12 18:08:10
145,138,301,2020-05-12 18:07:54,2020-05-12 18:08:06
101,108,416,2020-05-12 18:07:59,2020-05-12 18:08:29
144,0,0,2020-05-12 18:08:01,2020-05-12 18:19:33
34,0,301,2020-05-12 18:08:02,2020-05-12 18:10:46
73,56,0,2020-05-12 18:08:03,2020-05-12 18:14:11
75,0,203,2020-05-12 18:08:06,2020-05-12 18:08:32
145,138,401,2020-05-12 18:08:06,2020-05-12 18:08:25
149,140,317,2020-05-12 18:08:10,2020-05-12 18:09:55
120,0,402,2020-05-12 18:08:15,2020-05-12 18:08:29
30,0,315,2020-05-12 18:08:15,2020-05-12 18:09:51
50,0,109,2020-05-12 18:08:17,2020-05-12 18:08:35
56,0,317,2020-05-12 18:08:21,2020-05-12 18:08:56
113,0,320,2020-05-12 18:08:23,2020-05-12 18:08:47
145,138,218,2020-05-12 18:08:25,2020-05-12 20:05:09
120,0,401,2020-05-12 18:08:29,2020-05-12 18:08:40
101,108,243,2020-05-12 18:08:29,2020-05-12 19:08:23
18,25,0,2020-05-12 18:08:31,2020-05-12 18:15:30
75,0,402,2020-05-12 18:08:32,2020-05-12 18:08:44
50,0,317,2020-05-12 18:08:35,2020-05-12 18:09:26
71,0,0,2020-05-12 18:08:38,2020-05-12 18:19:42
64,0,0,2020-05-12 18:08:40,2020-05-12 18:18:59
120,0,301,2020-05-12 18:08:40,2020-05-12 18:11:57
75,0,401,2020-05-12 18:08:44,2020-05-12 18:08:55
137,0,412,2020-05-12 18:08:45,2020-05-12 18:10:15
113,0,326,2020-05-12 18:08:47,2020-05-12 18:09:43
75,0,301,2020-05-12 18:08:55,2020-05-12 18:11:12
56,0,316,2020-05-12 18:08:56,2020-05-12 18:09:27
58,0,0,2020-05-12 18:08:58,2020-05-12 18:14:07
61,79,303,2020-05-12 18:09:05,2020-05-12 18:09:35
116,0,0,2020-05-12 18:09:10,2020-05-12 18:18:28
62,0,0,2020-05-12 18:09:20,2020-05-12 18:20:23
50,0,316,2020-05-12 18:09:26,2020-05-12 18:09:57
56,0,315,2020-05-12 18:09:27,2020-05-12 18:10:48
93,71,415,2020-05-12 18:09:29,2020-05-12 18:10:02
59,0,0,2020-05-12 18:09:33,2020-05-12 18:20:14
61,79,304,2020-05-12 18:09:35,2020-05-12 18:10:11
113,0,0,2020-05-12 18:09:43,2020-05-12 18:16:51
153,0,0,2020-05-12 18:09:43,2020-05-12 18:20:12
2,0,0,2020-05-12 18:09:51,2020-05-12 18:14:45
30,0,320,2020-05-12 18:09:51,2020-05-12 18:10:08
149,140,319,2020-05-12 18:09:55,2020-05-12 18:10:35
50,0,315,2020-05-12 18:09:57,2020-05-12 18:10:53
93,71,249,2020-05-12 18:10:02,2020-05-12 20:04:09
27,37,0,2020-05-12 18:10:02,2020-05-12 18:10:49
110,0,0,2020-05-12 18:10:03,2020-05-12 18:14:47
90,0,231,2020-05-12 18:10:04,2020-05-12 18:10:27
30,0,326,2020-05-12 18:10:08,2020-05-12 18:11:13
61,79,305,2020-05-12 18:10:11,2020-05-12 18:10:26
137,0,403,2020-05-12 18:10:15,2020-05-12 18:10:33
61,79,127,2020-05-12 18:10:26,2020-05-12 18:46:38
90,0,412,2020-05-12 18:10:27,2020-05-12 18:11:31
137,0,402,2020-05-12 18:10:33,2020-05-12 18:10:41
149,140,318,2020-05-12 18:10:35,2020-05-12 18:11:05
126,0,0,2020-05-12 18:10:39,2020-05-12 18:21:24
137,0,401,2020-05-12 18:10:41,2020-05-12 18:10:51
131,0,0,2020-05-12 18:10:43,2020-05-12 18:22:17
155,0,0,2020-05-12 18:10:46,2020-05-12 18:14:04
34,0,0,2020-05-12 18:10:46,2020-05-12 18:14:47
56,0,320,2020-05-12 18:10:48,2020-05-12 18:11:13
27,37,326,2020-05-12 18:10:49,2020-05-12 18:11:11
80,0,0,2020-05-12 18:10:50,2020-05-12 18:20:09
137,0,301,2020-05-12 18:10:51,2020-05-12 18:12:43
50,0,320,2020-05-12 18:10:53,2020-05-12 18:11:17
99,0,169,2020-05-12 18:11:05,2020-05-12 18:11:34
149,140,308,2020-05-12 18:11:05,2020-05-12 18:11:30
152,0,0,2020-05-12 18:11:09,2020-05-12 18:21:02
27,37,320,2020-05-12 18:11:11,2020-05-12 18:12:26
75,0,0,2020-05-12 18:11:12,2020-05-12 18:18:15
30,0,0,2020-05-12 18:11:13,2020-05-12 18:15:27
56,0,326,2020-05-12 18:11:13,2020-05-12 18:11:47
33,0,0,2020-05-12 18:11:13,2020-05-12 18:21:33
102,0,0,2020-05-12 18:11:13,2020-05-12 18:21:13
50,0,326,2020-05-12 18:11:17,2020-05-12 18:12:13
111,91,0,2020-05-12 18:11:19,2020-05-12 18:14:08
108,95,151,2020-05-12 18:11:27,2020-05-12 18:12:00
149,140,309,2020-05-12 18:11:30,2020-05-12 18:11:38
90,0,403,2020-05-12 18:11:31,2020-05-12 18:11:55
99,0,323,2020-05-12 18:11:34,2020-05-12 18:11:56
149,140,310,2020-05-12 18:11:38,2020-05-12 18:12:52
46,0,0,2020-05-12 18:11:38,2020-05-12 18:20:41
56,0,0,2020-05-12 18:11:47,2020-05-12 18:16:22
121,93,0,2020-05-12 18:11:51,2020-05-12 18:15:01
90,0,402,2020-05-12 18:11:55,2020-05-12 18:12:08
99,0,322,2020-05-12 18:11:56,2020-05-12 18:12:46
54,0,0,2020-05-12 18:11:57,2020-05-12 18:12:50
120,0,0,2020-05-12 18:11:57,2020-05-12 18:16:07
108,95,310,2020-05-12 18:12:00,2020-05-12 18:13:06
103,0,0,2020-05-12 18:12:08,2020-05-12 18:21:54
90,0,401,2020-05-12 18:12:08,2020-05-12 18:12:18
50,0,0,2020-05-12 18:12:13,2020-05-12 18:17:40
90,0,301,2020-05-12 18:12:18,2020-05-12 18:15:49
37,0,0,2020-05-12 18:12:23,2020-05-12 18:22:09
5,0,0,2020-05-12 18:12:24,2020-05-12 18:24:04
27,37,315,2020-05-12 18:12:26,2020-05-12 18:12:42
27,37,314,2020-05-12 18:12:42,2020-05-12 18:12:57
137,0,0,2020-05-12 18:12:43,2020-05-12 18:18:04
99,0,325,2020-05-12 18:12:46,2020-05-12 18:16:56
95,0,0,2020-05-12 18:12:49,2020-05-12 18:22:30
54,0,0,2020-05-12 18:12:50,2020-05-12 18:22:50
149,140,311,2020-05-12 18:12:52,2020-05-12 18:13:22
27,37,103,2020-05-12 18:12:57,2020-05-12 18:30:07
21,0,0,2020-05-12 18:13:03,2020-05-12 18:23:55
108,95,311,2020-05-12 18:13:06,2020-05-12 18:13:23
98,0,0,2020-05-12 18:13:06,2020-05-12 18:22:27
149,140,313,2020-05-12 18:13:22,2020-05-12 18:13:33
108,95,162,2020-05-12 18:13:23,2020-05-12 19:37:04
52,0,229,2020-05-12 18:13:28,2020-05-12 18:13:56
68,0,142,2020-05-12 18:13:30,2020-05-12 18:13:59
149,140,410,2020-05-12 18:13:33,2020-05-12 18:14:23
76,0,0,2020-05-12 18:13:50,2020-05-12 18:22:55
11,0,0,2020-05-12 18:13:51,2020-05-12 18:23:35
52,0,411,2020-05-12 18:13:56,2020-05-12 18:14:20
68,0,320,2020-05-12 18:13:59,2020-05-12 18:14:19
147,140,0,2020-05-12 18:14:00,2020-05-12 18:24:38
143,0,212,2020-05-12 18:14:02,2020-05-12 18:14:15
155,0,0,2020-05-12 18:14:04,2020-05-12 18:25:02
58,0,0,2020-05-12 18:14:07,2020-05-12 18:23:39
111,91,301,2020-05-12 18:14:08,2020-05-12 18:14:18
85,0,0,2020-05-12 18:14:08,2020-05-12 18:24:39
146,140,0,2020-05-12 18:14:10,2020-05-12 18:21:10
31,87,312,2020-05-12 18:14:11,2020-05-12 18:14:54
73,56,312,2020-05-12 18:14:11,2020-05-12 18:14:48
143,0,406,2020-05-12 18:14:15,2020-05-12 18:15:00
111,91,401,2020-05-12 18:14:18,2020-05-12 18:14:29
68,0,326,2020-05-12 18:14:19,2020-05-12 18:15:14
52,0,412,2020-05-12 18:14:20,2020-05-12 18:15:44
149,140,217,2020-05-12 18:14:23,2020-05-12 18:55:55
133,0,0,2020-05-12 18:14:23,2020-05-12 18:25:24
111,91,402,2020-05-12 18:14:29,2020-05-12 18:14:54
135,0,0,2020-05-12 18:14:37,2020-05-12 18:24:35
128,0,0,2020-05-12 18:14:39,2020-05-12 18:23:56
2,0,0,2020-05-12 18:14:45,2020-05-12 18:25:21
110,0,0,2020-05-12 18:14:47,2020-05-12 18:24:54
34,0,0,2020-05-12 18:14:47,2020-05-12 18:26:08
73,56,308,2020-05-12 18:14:48,2020-05-12 18:15:10
111,91,403,2020-05-12 18:14:54,2020-05-12 18:15:39
31,87,308,2020-05-12 18:14:54,2020-05-12 18:15:35
119,0,0,2020-05-12 18:14:57,2020-05-12 18:25:19
143,0,405,2020-05-12 18:15:00,2020-05-12 18:15:29
121,93,325,2020-05-12 18:15:01,2020-05-12 18:16:31
16,0,228,2020-05-12 18:15:07,2020-05-12 18:15:22
73,56,309,2020-05-12 18:15:10,2020-05-12 18:15:23
68,0,0,2020-05-12 18:15:14,2020-05-12 18:22:28
74,0,0,2020-05-12 18:15:17,2020-05-12 18:27:27
16,0,406,2020-05-12 18:15:22,2020-05-12 18:16:07
73,56,310,2020-05-12 18:15:23,2020-05-12 18:16:12
30,55,0,2020-05-12 18:15:27,2020-05-12 18:16:23
7,0,0,2020-05-12 18:15:29,2020-05-12 18:25:46
143,0,404,2020-05-12 18:15:29,2020-05-12 18:16:13
18,25,313,2020-05-12 18:15:30,2020-05-12 18:15:30
18,25,162,2020-05-12 18:15:30,2020-05-12 19:15:57
118,0,0,2020-05-12 18:15:35,2020-05-12 18:26:13
31,87,309,2020-05-12 18:15:35,2020-05-12 18:16:08
111,91,404,2020-05-12 18:15:39,2020-05-12 18:16:13
160,0,0,2020-05-12 18:15:42,2020-05-12 18:25:14
52,0,403,2020-05-12 18:15:44,2020-05-12 18:16:09
13,0,0,2020-05-12 18:15:44,2020-05-12 18:25:49
90,0,0,2020-05-12 18:15:49,2020-05-12 18:19:47
151,0,207,2020-05-12 18:15:56,2020-05-12 18:16:10
120,0,0,2020-05-12 18:16:07,2020-05-12 18:26:19
16,0,405,2020-05-12 18:16:07,2020-05-12 18:16:47
92,0,242,2020-05-12 18:16:08,2020-05-12 18:16:24
31,87,151,2020-05-12 18:16:08,2020-05-12 19:01:16
52,0,402,2020-05-12 18:16:09,2020-05-12 18:16:31
151,0,404,2020-05-12 18:16:10,2020-05-12 18:16:48
73,56,160,2020-05-12 18:16:12,2020-05-12 20:09:41
111,91,224,2020-05-12 18:16:13,2020-05-12 18:46:01
143,0,403,2020-05-12 18:16:13,2020-05-12 18:16:41
56,0,0,2020-05-12 18:16:22,2020-05-12 18:26:26
30,55,326,2020-05-12 18:16:23,2020-05-12 18:16:41
92,0,416,2020-05-12 18:16:24,2020-05-12 18:16:56
52,0,401,2020-05-12 18:16:31,2020-05-12 18:16:38
121,93,421,2020-05-12 18:16:31,2020-05-12 18:17:41
52,0,301,2020-05-12 18:16:38,2020-05-12 18:20:41
143,0,402,2020-05-12 18:16:41,2020-05-12 18:16:56
30,55,320,2020-05-12 18:16:41,2020-05-12 18:18:18
16,0,404,2020-05-12 18:16:47,2020-05-12 18:17:35
34,0,313,2020-05-12 18:16:48,2020-05-12 18:26:32
151,0,403,2020-05-12 18:16:48,2020-05-12 18:17:07
34,0,162,2020-05-12 18:16:48,2020-05-12 18:16:48
113,0,0,2020-05-12 18:16:51,2020-05-12 18:28:10
99,0,0,2020-05-12 18:16:56,2020-05-12 18:20:48
92,0,415,2020-05-12 18:16:56,2020-05-12 18:18:20
143,0,401,2020-05-12 18:16:56,2020-05-12 18:17:08
151,0,402,2020-05-12 18:17:07,2020-05-12 18:17:20
143,0,301,2020-05-12 18:17:08,2020-05-12 18:20:12
151,0,401,2020-05-12 18:17:20,2020-05-12 18:17:31
151,0,301,2020-05-12 18:17:31,2020-05-12 18:20:30
16,0,403,2020-05-12 18:17:35,2020-05-12 18:18:01
50,0,0,2020-05-12 18:17:40,2020-05-12 18:25:49
121,93,417,2020-05-12 18:17:41,2020-05-12 18:17:54
115,0,0,2020-05-12 18:17:51,2020-05-12 18:28:59
136,0,238,2020-05-12 18:17:53,2020-05-12 18:18:10
121,93,244,2020-05-12 18:17:54,2020-05-12 18:32:06
16,0,402,2020-05-12 18:18:01,2020-05-12 18:18:15
137,0,0,2020-05-12 18:18:04,2020-05-12 18:27:59
35,0,104,2020-05-12 18:18:09,2020-05-12 18:18:36
136,0,414,2020-05-12 18:18:10,2020-05-12 18:18:36
75,0,0,2020-05-12 18:18:15,2020-05-12 18:27:33
16,0,401,2020-05-12 18:18:15,2020-05-12 18:18:26
105,118,254,2020-05-12 18:18:18,2020-05-12 18:18:47
30,55,315,2020-05-12 18:18:18,2020-05-12 18:18:51
92,0,412,2020-05-12 18:18:20,2020-05-12 18:19:37
16,0,301,2020-05-12 18:18:26,2020-05-12 18:21:43
116,0,0,2020-05-12 18:18:28,2020-05-12 18:29:10
35,0,315,2020-05-12 18:18:36,2020-05-12 18:19:58
136,0,415,2020-05-12 18:18:36,2020-05-12 18:19:34
105,118,418,2020-05-12 18:18:47,2020-05-12 18:20:39
30,55,316,2020-05-12 18:18:51,2020-05-12 18:19:28
64,0,0,2020-05-12 18:18:59,2020-05-12 18:27:55
91,0,161,2020-05-12 18:19:16,2020-05-12 18:20:04
30,55,317,2020-05-12 18:19:28,2020-05-12 18:21:24
144,0,0,2020-05-12 18:19:33,2020-05-12 18:28:24
136,0,412,2020-05-12 18:19:34,2020-05-12 18:20:52
92,0,403,2020-05-12 18:19:37,2020-05-12 18:20:02
71,31,0,2020-05-12 18:19:42,2020-05-12 18:25:48
90,6,0,2020-05-12 18:19:47,2020-05-12 18:20:34
35,0,320,2020-05-12 18:19:58,2020-05-12 18:20:29
92,0,402,2020-05-12 18:20:02,2020-05-12 18:20:16
91,0,310,2020-05-12 18:20:04,2020-05-12 18:20:09
80,0,0,2020-05-12 18:20:09,2020-05-12 18:31:44
91,0,309,2020-05-12 18:20:09,2020-05-12 18:20:43
143,0,0,2020-05-12 18:20:12,2020-05-12 18:24:15
153,0,0,2020-05-12 18:20:12,2020-05-12 18:29:29
59,0,0,2020-05-12 18:20:14,2020-05-12 18:30:38
92,0,401,2020-05-12 18:20:16,2020-05-12 18:20:25
62,0,0,2020-05-12 18:20:23,2020-05-12 18:29:49
92,0,301,2020-05-12 18:20:25,2020-05-12 18:24:52
87,0,218,2020-05-12 18:20:27,2020-05-12 18:20:46
35,0,326,2020-05-12 18:20:29,2020-05-12 18:21:09
151,0,0,2020-05-12 18:20:30,2020-05-12 18:24:19
90,6,326,2020-05-12 18:20:34,2020-05-12 18:20:56
105,118,409,2020-05-12 18:20:39,2020-05-12 18:20:50
52,0,0,2020-05-12 18:20:41,2020-05-12 18:22:58
46,0,0,2020-05-12 18:20:41,2020-05-12 18:30:49
91,0,308,2020-05-12 18:20:43,2020-05-12 18:21:13
87,0,401,2020-05-12 18:20:46,2020-05-12 18:20:57
99,140,0,2020-05-12 18:20:48,2020-05-12 18:21:34
105,118,312,2020-05-12 18:20:50,2020-05-12 18:21:53
136,0,403,2020-05-12 18:20:52,2020-05-12 18:21:26
90,6,320,2020-05-12 18:20:56,2020-05-12 18:22:11
87,0,301,2020-05-12 18:20:57,2020-05-12 18:24:17
152,131,0,2020-05-12 18:21:02,2020-05-12 18:24:09
3,14,138,2020-05-12 18:21:05,2020-05-12 18:21:45
35,0,0,2020-05-12 18:21:09,2020-05-12 18:27:49
146,140,313,2020-05-12 18:21:10,2020-05-12 18:21:20
102,0,0,2020-05-12 18:21:13,2020-05-12 18:29:07
91,0,307,2020-05-12 18:21:13,2020-05-12 18:27:40
10,68,224,2020-05-12 18:21:17,2020-05-12 18:21:56
146,140,410,2020-05-12 18:21:20,2020-05-12 18:22:47
126,0,0,2020-05-12 18:21:24,2020-05-12 18:33:01
30,55,319,2020-05-12 18:21:24,2020-05-12 18:22:01
136,0,402,2020-05-12 18:21:26,2020-05-12 18:21:38
33,0,0,2020-05-12 18:21:33,2020-05-12 18:32:18
99,140,326,2020-05-12 18:21:34,2020-05-12 18:21:52
136,0,401,2020-05-12 18:21:38,2020-05-12 18:21:48
16,0,0,2020-05-12 18:21:43,2020-05-12 18:24:24
3,14,306,2020-05-12 18:21:45,2020-05-12 18:22:07
136,0,301,2020-05-12 18:21:48,2020-05-12 18:25:51
99,140,320,2020-05-12 18:21:52,2020-05-12 18:22:04
105,118,308,2020-05-12 18:21:53,2020-05-12 18:22:18
103,0,0,2020-05-12 18:21:54,2020-05-12 18:32:34
10,68,404,2020-05-12 18:21:56,2020-05-12 18:22:28
30,55,318,2020-05-12 18:22:01,2020-05-12 18:22:16
99,140,101,2020-05-12 18:22:04,2020-05-12 18:55:12
3,14,141,2020-05-12 18:22:07,2020-05-12 19:15:51
123,125,136,2020-05-12 18:22:08,2020-05-12 18:22:19
37,0,0,2020-05-12 18:22:09,2020-05-12 18:32:15
90,6,315,2020-05-12 18:22:11,2020-05-12 18:22:27
30,55,156,2020-05-12 18:22:16,2020-05-12 18:24:21
131,0,0,2020-05-12 18:22:17,2020-05-12 18:32:55
105,118,309,2020-05-12 18:22:18,2020-05-12 18:22:34
123,125,304,2020-05-12 18:22:19,2020-05-12 18:22:41
90,6,314,2020-05-12 18:22:27,2020-05-12 18:22:42
98,0,0,2020-05-12 18:22:27,2020-05-12 18:32:34
10,68,403,2020-05-12 18:22:28,2020-05-12 18:22:52
68,0,0,2020-05-12 18:22:28,2020-05-12 18:32:03
95,0,0,2020-05-12 18:22:30,2020-05-12 18:32:46
105,118,158,2020-05-12 18:22:34,2020-05-12 17:02:20
8,0,103,2020-05-12 18:22:39,2020-05-12 18:22:49
123,125,303,2020-05-12 18:22:41,2020-05-12 18:23:05
90,6,103,2020-05-12 18:22:42,2020-05-12 19:06:05
146,140,217,2020-05-12 18:22:47,2020-05-12 19:56:41
8,0,314,2020-05-12 18:22:49,2020-05-12 18:23:14
54,0,0,2020-05-12 18:22:50,2020-05-12 18:34:24
10,68,402,2020-05-12 18:22:52,2020-05-12 18:23:11
76,0,0,2020-05-12 18:22:55,2020-05-12 18:33:47
52,0,0,2020-05-12 18:22:58,2020-05-12 18:32:47
123,125,302,2020-05-12 18:23:05,2020-05-12 18:23:29
10,68,401,2020-05-12 18:23:11,2020-05-12 18:23:21
8,0,315,2020-05-12 18:23:14,2020-05-12 18:24:24
10,68,301,2020-05-12 18:23:21,2020-05-12 18:23:46
123,125,301,2020-05-12 18:23:29,2020-05-12 18:23:42
11,0,0,2020-05-12 18:23:35,2020-05-12 18:31:18
92,0,228,2020-05-12 18:23:35,2020-05-12 18:23:50
58,13,0,2020-05-12 18:23:39,2020-05-12 18:24:26
123,125,401,2020-05-12 18:23:42,2020-05-12 18:23:57
10,68,302,2020-05-12 18:23:46,2020-05-12 18:24:04
92,0,406,2020-05-12 18:23:50,2020-05-12 18:24:35
21,0,0,2020-05-12 18:23:55,2020-05-12 18:34:36
128,0,0,2020-05-12 18:23:56,2020-05-12 18:34:26
123,125,402,2020-05-12 18:23:57,2020-05-12 18:24:23
5,0,0,2020-05-12 18:24:04,2020-05-12 18:32:51
10,68,303,2020-05-12 18:24:04,2020-05-12 18:25:27
152,131,301,2020-05-12 18:24:09,2020-05-12 18:24:18
143,0,0,2020-05-12 18:24:15,2020-05-12 18:34:23
87,0,0,2020-05-12 18:24:17,2020-05-12 18:30:09
152,131,401,2020-05-12 18:24:18,2020-05-12 18:24:33
151,142,0,2020-05-12 18:24:19,2020-05-12 18:34:58
30,0,156,2020-05-12 18:24:21,2020-05-12 18:24:36
123,125,403,2020-05-12 18:24:23,2020-05-12 18:25:06
8,0,320,2020-05-12 18:24:24,2020-05-12 18:24:45
16,0,0,2020-05-12 18:24:24,2020-05-12 18:35:08
58,13,326,2020-05-12 18:24:26,2020-05-12 18:25:14
122,0,244,2020-05-12 18:24:33,2020-05-12 18:24:46
152,131,402,2020-05-12 18:24:33,2020-05-12 18:24:58
134,0,107,2020-05-12 18:24:35,2020-05-12 18:24:58
92,0,405,2020-05-12 18:24:35,2020-05-12 18:25:15
135,0,0,2020-05-12 18:24:35,2020-05-12 18:33:28
30,0,318,2020-05-12 18:24:36,2020-05-12 18:25:16
147,140,313,2020-05-12 18:24:38,2020-05-12 18:25:42
85,0,0,2020-05-12 18:24:39,2020-05-12 18:32:09
8,0,326,2020-05-12 18:24:45,2020-05-12 18:25:30
122,0,417,2020-05-12 18:24:46,2020-05-12 18:26:14
92,0,0,2020-05-12 18:24:52,2020-05-12 18:28:14
110,0,0,2020-05-12 18:24:54,2020-05-12 18:34:11
134,0,316,2020-05-12 18:24:58,2020-05-12 18:25:35
152,131,403,2020-05-12 18:24:58,2020-05-12 18:25:23
155,137,0,2020-05-12 18:25:02,2020-05-12 18:27:44
123,125,404,2020-05-12 18:25:06,2020-05-12 18:25:40
39,63,166,2020-05-12 18:25:09,2020-05-12 18:25:41
160,0,0,2020-05-12 18:25:14,2020-05-12 18:34:15
58,13,102,2020-05-12 18:25:14,2020-05-12 18:26:38
92,0,404,2020-05-12 18:25:15,2020-05-12 18:26:03
30,0,319,2020-05-12 18:25:16,2020-05-12 18:27:28
119,121,0,2020-05-12 18:25:19,2020-05-12 18:31:17
2,142,0,2020-05-12 18:25:21,2020-05-12 18:32:50
152,131,205,2020-05-12 18:25:23,2020-05-12 19:10:26
133,99,0,2020-05-12 18:25:24,2020-05-12 18:26:11
10,68,315,2020-05-12 18:25:27,2020-05-12 18:27:13
8,0,0,2020-05-12 18:25:30,2020-05-12 18:32:55
134,0,315,2020-05-12 18:25:35,2020-05-12 18:26:27
123,125,405,2020-05-12 18:25:40,2020-05-12 18:25:58
39,63,319,2020-05-12 18:25:41,2020-05-12 18:26:32
147,140,163,2020-05-12 18:25:42,2020-05-12 19:58:11
7,0,0,2020-05-12 18:25:46,2020-05-12 18:36:09
88,0,244,2020-05-12 18:25:47,2020-05-12 18:26:00
71,31,325,2020-05-12 18:25:48,2020-05-12 18:26:59
13,0,0,2020-05-12 18:25:49,2020-05-12 18:35:00
50,89,0,2020-05-12 18:25:49,2020-05-12 18:28:47
136,0,0,2020-05-12 18:25:51,2020-05-12 18:26:23
9,0,157,2020-05-12 18:25:54,2020-05-12 18:26:37
123,125,209,2020-05-12 18:25:58,2020-05-12 19:24:59
88,0,417,2020-05-12 18:26:00,2020-05-12 18:27:28
92,0,403,2020-05-12 18:26:03,2020-05-12 18:26:29
34,62,0,2020-05-12 18:26:08,2020-05-12 18:26:51
133,99,326,2020-05-12 18:26:11,2020-05-12 18:26:59
118,0,0,2020-05-12 18:26:13,2020-05-12 18:36:01
122,0,421,2020-05-12 18:26:14,2020-05-12 18:27:44
72,14,171,2020-05-12 18:26:15,2020-05-12 18:26:57
120,0,0,2020-05-12 18:26:19,2020-05-12 18:36:59
136,0,0,2020-05-12 18:26:23,2020-05-12 18:35:50
56,0,0,2020-05-12 18:26:26,2020-05-12 18:37:56
134,0,320,2020-05-12 18:26:27,2020-05-12 18:26:47
92,0,402,2020-05-12 18:26:29,2020-05-12 18:26:43
34,0,0,2020-05-12 18:26:32,2020-05-12 18:28:07
39,63,322,2020-05-12 18:26:32,2020-05-12 18:29:15
9,0,308,2020-05-12 18:26:37,2020-05-12 18:27:23
58,13,321,2020-05-12 18:26:38,2020-05-12 18:29:03
14,81,239,2020-05-12 18:26:41,2020-05-12 18:27:05
92,0,401,2020-05-12 18:26:43,2020-05-12 18:26:54
134,0,326,2020-05-12 18:26:47,2020-05-12 18:27:39
34,62,326,2020-05-12 18:26:51,2020-05-12 18:27:11
70,0,168,2020-05-12 18:26:52,2020-05-12 18:27:10
92,0,301,2020-05-12 18:26:54,2020-05-12 18:30:11
72,14,323,2020-05-12 18:26:57,2020-05-12 18:27:56
71,31,421,2020-05-12 18:26:59,2020-05-12 18:27:30
133,99,102,2020-05-12 18:26:59,2020-05-12 18:28:23
14,81,415,2020-05-12 18:27:05,2020-05-12 18:27:48
70,0,322,2020-05-12 18:27:10,2020-05-12 18:27:54
34,62,320,2020-05-12 18:27:11,2020-05-12 18:28:01
10,68,320,2020-05-12 18:27:13,2020-05-12 18:27:52
104,0,172,2020-05-12 18:27:16,2020-05-12 18:27:44
125,0,139,2020-05-12 18:27:17,2020-05-12 18:27:46
9,0,307,2020-05-12 18:27:23,2020-05-12 18:34:51
74,0,0,2020-05-12 18:27:27,2020-05-12 18:37:34
30,0,317,2020-05-12 18:27:28,2020-05-12 18:28:03
88,0,421,2020-05-12 18:27:28,2020-05-12 18:28:58
71,31,419,2020-05-12 18:27:30,2020-05-12 18:27:40
75,0,0,2020-05-12 18:27:33,2020-05-12 18:37:24
134,0,0,2020-05-12 18:27:39,2020-05-12 18:34:14
71,31,418,2020-05-12 18:27:40,2020-05-12 18:28:18
91,0,0,2020-05-12 18:27:40,2020-05-12 18:29:33
104,0,323,2020-05-12 18:27:44,2020-05-12 18:28:04
155,137,301,2020-05-12 18:27:44,2020-05-12 18:27:54
122,0,325,2020-05-12 18:27:44,2020-05-12 18:31:52
125,0,306,2020-05-12 18:27:46,2020-05-12 18:32:10
14,81,416,2020-05-12 18:27:48,2020-05-12 18:28:11
35,0,0,2020-05-12 18:27:49,2020-05-12 18:38:14
10,68,102,2020-05-12 18:27:52,2020-05-12 19:39:50
70,0,325,2020-05-12 18:27:54,2020-05-12 18:33:12
155,137,401,2020-05-12 18:27:54,2020-05-12 18:28:11
64,0,0,2020-05-12 18:27:55,2020-05-12 18:37:59
72,14,324,2020-05-12 18:27:56,2020-05-12 18:29:38
137,0,0,2020-05-12 18:27:59,2020-05-12 18:38:42
34,62,315,2020-05-12 18:28:01,2020-05-12 18:28:37
30,0,316,2020-05-12 18:28:03,2020-05-12 18:28:46
104,0,322,2020-05-12 18:28:04,2020-05-12 18:28:44
34,0,0,2020-05-12 18:28:07,2020-05-12 18:38:37
113,142,0,2020-05-12 18:28:10,2020-05-12 18:31:11
155,137,402,2020-05-12 18:28:11,2020-05-12 18:28:36
14,81,417,2020-05-12 18:28:11,2020-05-12 18:29:31
92,14,0,2020-05-12 18:28:14,2020-05-12 18:30:51
71,31,255,2020-05-12 18:28:18,2020-05-12 20:00:12
133,99,321,2020-05-12 18:28:23,2020-05-12 18:30:48
144,0,0,2020-05-12 18:28:24,2020-05-12 18:37:07
155,137,403,2020-05-12 18:28:36,2020-05-12 18:29:30
34,62,316,2020-05-12 18:28:37,2020-05-12 18:29:01
26,0,151,2020-05-12 18:28:39,2020-05-12 18:29:21
104,0,325,2020-05-12 18:28:44,2020-05-12 18:33:07
30,0,315,2020-05-12 18:28:46,2020-05-12 18:30:18
50,89,301,2020-05-12 18:28:47,2020-05-12 18:28:56
14,47,246,2020-05-12 18:28:53,2020-05-12 18:29:03
53,0,162,2020-05-12 18:28:54,2020-05-12 18:28:54
53,0,313,2020-05-12 18:28:54,2020-05-12 18:38:38
50,89,401,2020-05-12 18:28:56,2020-05-12 18:29:11
88,0,325,2020-05-12 18:28:58,2020-05-12 18:33:06
115,0,0,2020-05-12 18:28:59,2020-05-12 18:39:40
129,0,168,2020-05-12 18:29:00,2020-05-12 18:29:18
34,62,317,2020-05-12 18:29:01,2020-05-12 18:30:46
58,13,322,2020-05-12 18:29:03,2020-05-12 18:29:23
14,47,414,2020-05-12 18:29:03,2020-05-12 18:29:31
102,0,0,2020-05-12 18:29:07,2020-05-12 18:38:23
116,0,0,2020-05-12 18:29:10,2020-05-12 18:38:35
50,89,402,2020-05-12 18:29:11,2020-05-12 18:29:35
39,63,321,2020-05-12 18:29:15,2020-05-12 18:30:12
140,0,218,2020-05-12 18:29:17,2020-05-12 18:29:36
129,0,322,2020-05-12 18:29:18,2020-05-12 18:30:02
26,0,309,2020-05-12 18:29:21,2020-05-12 18:29:42
58,13,323,2020-05-12 18:29:23,2020-05-12 18:29:54
153,0,0,2020-05-12 18:29:29,2020-05-12 18:39:32
155,137,412,2020-05-12 18:29:30,2020-05-12 18:30:35
14,81,421,2020-05-12 18:29:31,2020-05-12 18:29:46
14,47,239,2020-05-12 18:29:31,2020-05-12 18:26:41
91,0,0,2020-05-12 18:29:33,2020-05-12 18:40:21
50,89,403,2020-05-12 18:29:35,2020-05-12 18:30:17
140,0,401,2020-05-12 18:29:36,2020-05-12 18:29:47
72,14,313,2020-05-12 18:29:38,2020-05-12 18:30:11
124,0,161,2020-05-12 18:29:38,2020-05-12 18:30:26
26,0,308,2020-05-12 18:29:42,2020-05-12 18:30:23
14,81,419,2020-05-12 18:29:46,2020-05-12 18:29:53
140,0,301,2020-05-12 18:29:47,2020-05-12 18:33:07
62,0,0,2020-05-12 18:29:49,2020-05-12 18:40:52
14,81,418,2020-05-12 18:29:53,2020-05-12 18:31:59
58,13,172,2020-05-12 18:29:54,2020-05-12 18:45:17
129,0,325,2020-05-12 18:30:02,2020-05-12 18:35:20
27,0,103,2020-05-12 18:30:07,2020-05-12 18:30:17
87,0,0,2020-05-12 18:30:09,2020-05-12 18:42:08
72,14,153,2020-05-12 18:30:11,2020-05-12 19:17:38
92,0,0,2020-05-12 18:30:11,2020-05-12 18:33:57
39,63,102,2020-05-12 18:30:12,2020-05-12 19:53:29
50,89,404,2020-05-12 18:30:17,2020-05-12 18:30:41
27,0,314,2020-05-12 18:30:17,2020-05-12 18:30:42
30,0,320,2020-05-12 18:30:18,2020-05-12 18:30:33
26,0,307,2020-05-12 18:30:23,2020-05-12 18:34:57
124,0,310,2020-05-12 18:30:26,2020-05-12 18:30:31
124,0,309,2020-05-12 18:30:31,2020-05-12 18:31:05
30,0,326,2020-05-12 18:30:33,2020-05-12 18:31:16
155,137,415,2020-05-12 18:30:35,2020-05-12 18:31:06
59,0,0,2020-05-12 18:30:38,2020-05-12 18:42:52
50,89,405,2020-05-12 18:30:41,2020-05-12 18:30:58
27,0,315,2020-05-12 18:30:42,2020-05-12 18:31:52
34,62,319,2020-05-12 18:30:46,2020-05-12 18:31:16
133,99,322,2020-05-12 18:30:48,2020-05-12 18:31:08
46,0,0,2020-05-12 18:30:49,2020-05-12 18:39:50
92,14,301,2020-05-12 18:30:51,2020-05-12 18:31:02
50,89,225,2020-05-12 18:30:58,2020-05-12 18:58:16
92,14,401,2020-05-12 18:31:02,2020-05-12 18:31:18
124,0,308,2020-05-12 18:31:05,2020-05-12 18:31:35
155,137,240,2020-05-12 18:31:06,2020-05-12 20:22:17
133,99,323,2020-05-12 18:31:08,2020-05-12 18:31:39
113,142,301,2020-05-12 18:31:11,2020-05-12 18:31:22
30,0,0,2020-05-12 18:31:16,2020-05-12 18:33:54
34,62,166,2020-05-12 18:31:16,2020-05-12 19:16:33
119,121,307,2020-05-12 18:31:17,2020-05-12 18:31:43
92,14,402,2020-05-12 18:31:18,2020-05-12 18:31:39
11,0,0,2020-05-12 18:31:18,2020-05-12 18:40:29
113,142,401,2020-05-12 18:31:22,2020-05-12 18:31:37
124,0,307,2020-05-12 18:31:35,2020-05-12 18:38:02
113,142,402,2020-05-12 18:31:37,2020-05-12 18:32:04
92,14,403,2020-05-12 18:31:39,2020-05-12 18:32:30
133,99,172,2020-05-12 18:31:39,2020-05-12 19:43:55
119,121,147,2020-05-12 18:31:43,2020-05-12 18:35:24
80,0,0,2020-05-12 18:31:44,2020-05-12 18:40:09
122,0,0,2020-05-12 18:31:52,2020-05-12 18:35:11
27,0,320,2020-05-12 18:31:52,2020-05-12 18:32:13
14,81,409,2020-05-12 18:31:59,2020-05-12 18:32:08
68,0,0,2020-05-12 18:32:03,2020-05-12 18:42:37
113,142,403,2020-05-12 18:32:04,2020-05-12 18:32:52
121,0,244,2020-05-12 18:32:06,2020-05-12 18:32:19
14,81,312,2020-05-12 18:32:08,2020-05-12 18:32:58
85,0,0,2020-05-12 18:32:09,2020-05-12 18:43:27
125,0,0,2020-05-12 18:32:10,2020-05-12 18:36:23
27,0,326,2020-05-12 18:32:13,2020-05-12 18:32:58
37,0,0,2020-05-12 18:32:15,2020-05-12 18:42:18
33,0,0,2020-05-12 18:32:18,2020-05-12 18:40:29
121,0,417,2020-05-12 18:32:19,2020-05-12 18:33:47
92,14,404,2020-05-12 18:32:30,2020-05-12 18:33:04
103,0,0,2020-05-12 18:32:34,2020-05-12 18:43:41
98,0,0,2020-05-12 18:32:34,2020-05-12 18:41:58
95,0,0,2020-05-12 18:32:46,2020-05-12 18:43:03
52,0,0,2020-05-12 18:32:47,2020-05-12 18:44:01
2,142,324,2020-05-12 18:32:50,2020-05-12 18:33:56
5,0,0,2020-05-12 18:32:51,2020-05-12 18:42:26
113,142,404,2020-05-12 18:32:52,2020-05-12 18:33:11
131,0,0,2020-05-12 18:32:55,2020-05-12 18:41:04
8,0,0,2020-05-12 18:32:55,2020-05-12 18:43:39
27,0,0,2020-05-12 18:32:58,2020-05-12 18:39:55
14,81,308,2020-05-12 18:32:58,2020-05-12 18:33:17
126,0,0,2020-05-12 18:33:01,2020-05-12 18:43:08
92,14,405,2020-05-12 18:33:04,2020-05-12 18:33:37
88,0,0,2020-05-12 18:33:06,2020-05-12 18:35:14
140,0,0,2020-05-12 18:33:07,2020-05-12 18:39:33
104,0,0,2020-05-12 18:33:07,2020-05-12 18:36:34
113,142,405,2020-05-12 18:33:11,2020-05-12 18:34:01
70,0,0,2020-05-12 18:33:12,2020-05-12 18:34:52
14,81,149,2020-05-12 18:33:17,2020-05-12 19:04:22
84,10,138,2020-05-12 18:33:21,2020-05-12 18:34:09
112,0,163,2020-05-12 18:33:21,2020-05-12 18:34:52
135,0,0,2020-05-12 18:33:28,2020-05-12 18:42:22
92,14,406,2020-05-12 18:33:37,2020-05-12 18:33:53
76,0,0,2020-05-12 18:33:47,2020-05-12 18:45:55
121,0,421,2020-05-12 18:33:47,2020-05-12 18:35:17
92,14,228,2020-05-12 18:33:53,2020-05-12 18:23:35
30,0,0,2020-05-12 18:33:54,2020-05-12 18:44:00
2,142,176,2020-05-12 18:33:56,2020-05-12 19:57:02
118,0,136,2020-05-12 18:33:56,2020-05-12 18:34:14
92,0,0,2020-05-12 18:33:57,2020-05-12 18:45:55
113,142,406,2020-05-12 18:34:01,2020-05-12 18:34:32
84,10,306,2020-05-12 18:34:09,2020-05-12 18:34:43
110,121,0,2020-05-12 18:34:11,2020-05-12 18:37:39
134,0,0,2020-05-12 18:34:14,2020-05-12 18:44:26
118,0,304,2020-05-12 18:34:14,2020-05-12 18:34:47
160,142,0,2020-05-12 18:34:15,2020-05-12 18:34:41
143,101,0,2020-05-12 18:34:23,2020-05-12 18:41:22
54,0,0,2020-05-12 18:34:24,2020-05-12 18:44:09
128,0,0,2020-05-12 18:34:26,2020-05-12 18:44:10
110,0,209,2020-05-12 18:34:31,2020-05-12 18:34:46
113,142,407,2020-05-12 18:34:32,2020-05-12 18:35:31
21,31,0,2020-05-12 18:34:36,2020-05-12 18:42:36
160,142,326,2020-05-12 18:34:41,2020-05-12 18:35:28
84,10,307,2020-05-12 18:34:43,2020-05-12 18:35:25
110,0,405,2020-05-12 18:34:46,2020-05-12 18:35:22
118,0,303,2020-05-12 18:34:47,2020-05-12 18:35:07
114,0,204,2020-05-12 18:34:50,2020-05-12 18:35:05
9,0,0,2020-05-12 18:34:51,2020-05-12 18:35:48
112,0,313,2020-05-12 18:34:52,2020-05-12 18:47:08
70,0,0,2020-05-12 18:34:52,2020-05-12 18:43:38
26,0,0,2020-05-12 18:34:57,2020-05-12 18:39:33
151,142,313,2020-05-12 18:34:58,2020-05-12 18:35:10
13,0,0,2020-05-12 18:35:00,2020-05-12 18:44:21
114,0,403,2020-05-12 18:35:05,2020-05-12 18:35:41
118,0,302,2020-05-12 18:35:07,2020-05-12 18:35:37
16,2,0,2020-05-12 18:35:08,2020-05-12 18:39:15
151,142,410,2020-05-12 18:35:10,2020-05-12 18:35:40
122,0,0,2020-05-12 18:35:11,2020-05-12 18:45:14
88,0,0,2020-05-12 18:35:14,2020-05-12 18:47:15
132,0,125,2020-05-12 18:35:16,2020-05-12 18:35:33
121,0,325,2020-05-12 18:35:17,2020-05-12 18:39:25
129,0,0,2020-05-12 18:35:20,2020-05-12 18:39:00
110,0,404,2020-05-12 18:35:22,2020-05-12 18:35:53
119,0,147,2020-05-12 18:35:24,2020-05-12 18:36:01
84,10,308,2020-05-12 18:35:25,2020-05-12 18:35:45
160,142,102,2020-05-12 18:35:28,2020-05-12 18:36:32
113,142,214,2020-05-12 18:35:31,2020-05-12 19:07:53
132,0,304,2020-05-12 18:35:33,2020-05-12 18:35:59
118,0,301,2020-05-12 18:35:37,2020-05-12 18:38:21
151,142,215,2020-05-12 18:35:40,2020-05-12 19:02:56
114,0,402,2020-05-12 18:35:41,2020-05-12 18:35:55
82,0,145,2020-05-12 18:35:43,2020-05-12 18:36:47
84,10,309,2020-05-12 18:35:45,2020-05-12 18:36:17
9,0,0,2020-05-12 18:35:48,2020-05-12 18:46:17
136,0,0,2020-05-12 18:35:50,2020-05-12 18:46:25
110,0,403,2020-05-12 18:35:53,2020-05-12 18:36:23
114,0,401,2020-05-12 18:35:55,2020-05-12 18:36:05
132,0,303,2020-05-12 18:35:59,2020-05-12 18:37:18
100,0,211,2020-05-12 18:35:59,2020-05-12 18:36:30
118,121,0,2020-05-12 18:36:01,2020-05-12 18:36:42
119,0,307,2020-05-12 18:36:01,2020-05-12 18:43:36
114,0,301,2020-05-12 18:36:05,2020-05-12 18:38:12
7,0,0,2020-05-12 18:36:09,2020-05-12 18:47:03
84,10,159,2020-05-12 18:36:17,2020-05-12 18:48:11
110,0,402,2020-05-12 18:36:23,2020-05-12 18:36:38
125,0,0,2020-05-12 18:36:23,2020-05-12 18:47:44
100,0,405,2020-05-12 18:36:30,2020-05-12 18:37:05
160,142,321,2020-05-12 18:36:32,2020-05-12 18:38:50
104,122,0,2020-05-12 18:36:34,2020-05-12 18:39:37
110,0,401,2020-05-12 18:36:38,2020-05-12 18:36:46
118,121,326,2020-05-12 18:36:42,2020-05-12 18:37:00
110,0,301,2020-05-12 18:36:46,2020-05-12 18:40:08
82,0,320,2020-05-12 18:36:47,2020-05-12 18:37:10
120,0,0,2020-05-12 18:36:59,2020-05-12 18:46:59
118,121,320,2020-05-12 18:37:00,2020-05-12 18:38:20
100,0,404,2020-05-12 18:37:05,2020-05-12 18:37:38
144,0,0,2020-05-12 18:37:07,2020-05-12 18:45:55
82,0,326,2020-05-12 18:37:10,2020-05-12 18:37:58
132,0,315,2020-05-12 18:37:18,2020-05-12 18:39:02
75,0,0,2020-05-12 18:37:24,2020-05-12 18:46:28
74,0,0,2020-05-12 18:37:34,2020-05-12 18:47:43
138,0,222,2020-05-12 18:37:36,2020-05-12 18:38:06
121,0,125,2020-05-12 18:37:37,2020-05-12 18:37:54
100,0,403,2020-05-12 18:37:38,2020-05-12 18:37:59
110,121,301,2020-05-12 18:37:39,2020-05-12 18:37:49
109,0,171,2020-05-12 18:37:40,2020-05-12 18:37:56
110,121,401,2020-05-12 18:37:49,2020-05-12 18:38:09
121,0,304,2020-05-12 18:37:54,2020-05-12 18:38:20
56,0,0,2020-05-12 18:37:56,2020-05-12 18:47:36
109,0,322,2020-05-12 18:37:56,2020-05-12 18:38:55
141,0,139,2020-05-12 18:37:57,2020-05-12 18:38:26
82,0,0,2020-05-12 18:37:58,2020-05-12 18:45:00
100,0,402,2020-05-12 18:37:59,2020-05-12 18:38:17
64,0,0,2020-05-12 18:37:59,2020-05-12 18:47:44
124,0,0,2020-05-12 18:38:00,2020-05-12 18:48:20
124,0,0,2020-05-12 18:38:02,2020-05-12 18:38:00
138,0,404,2020-05-12 18:38:06,2020-05-12 18:38:33
110,121,402,2020-05-12 18:38:09,2020-05-12 18:38:36
114,0,0,2020-05-12 18:38:12,2020-05-12 18:42:24
35,0,0,2020-05-12 18:38:14,2020-05-12 18:47:58
100,0,401,2020-05-12 18:38:17,2020-05-12 18:38:27
118,121,315,2020-05-12 18:38:20,2020-05-12 18:40:12
121,0,303,2020-05-12 18:38:20,2020-05-12 18:39:39
118,0,0,2020-05-12 18:38:21,2020-05-12 18:45:01
53,0,0,2020-05-12 18:38:22,2020-05-12 18:48:28
102,0,0,2020-05-12 18:38:23,2020-05-12 18:47:34
141,0,306,2020-05-12 18:38:26,2020-05-12 18:42:50
100,0,301,2020-05-12 18:38:27,2020-05-12 18:42:01
138,0,403,2020-05-12 18:38:33,2020-05-12 18:38:53
116,0,0,2020-05-12 18:38:35,2020-05-12 18:48:01
110,121,403,2020-05-12 18:38:36,2020-05-12 18:39:10
34,0,0,2020-05-12 18:38:37,2020-05-12 18:49:34
53,0,0,2020-05-12 18:38:38,2020-05-12 18:38:22
137,0,0,2020-05-12 18:38:42,2020-05-12 18:47:13
127,0,136,2020-05-12 18:38:45,2020-05-12 18:39:03
160,142,322,2020-05-12 18:38:50,2020-05-12 18:39:07
138,0,402,2020-05-12 18:38:53,2020-05-12 18:39:10
109,0,325,2020-05-12 18:38:55,2020-05-12 18:44:04
129,0,0,2020-05-12 18:39:00,2020-05-12 18:47:25
132,0,320,2020-05-12 18:39:02,2020-05-12 18:39:22
127,0,304,2020-05-12 18:39:03,2020-05-12 18:39:36
160,142,323,2020-05-12 18:39:07,2020-05-12 18:39:57
110,121,404,2020-05-12 18:39:10,2020-05-12 18:39:33
138,0,401,2020-05-12 18:39:10,2020-05-12 18:39:23
16,2,301,2020-05-12 18:39:15,2020-05-12 18:39:27
132,0,326,2020-05-12 18:39:22,2020-05-12 18:40:03
138,0,301,2020-05-12 18:39:23,2020-05-12 18:41:38
20,0,178,2020-05-12 18:39:24,2020-05-12 18:40:36
121,0,0,2020-05-12 18:39:25,2020-05-12 18:43:09
16,2,401,2020-05-12 18:39:27,2020-05-12 18:39:44
153,139,0,2020-05-12 18:39:32,2020-05-12 18:40:17
110,121,405,2020-05-12 18:39:33,2020-05-12 18:39:49
26,0,0,2020-05-12 18:39:33,2020-05-12 18:50:08
140,0,0,2020-05-12 18:39:33,2020-05-12 18:50:05
127,0,303,2020-05-12 18:39:36,2020-05-12 18:39:56
104,122,301,2020-05-12 18:39:37,2020-05-12 18:39:46
121,0,315,2020-05-12 18:39:39,2020-05-12 18:41:23
115,0,0,2020-05-12 18:39:40,2020-05-12 18:49:23
16,2,402,2020-05-12 18:39:44,2020-05-12 18:40:00
104,122,401,2020-05-12 18:39:46,2020-05-12 18:39:55
24,0,240,2020-05-12 18:39:48,2020-05-12 18:40:17
110,121,209,2020-05-12 18:39:49,2020-05-12 18:34:31
46,0,0,2020-05-12 18:39:50,2020-05-12 18:49:46
27,10,0,2020-05-12 18:39:55,2020-05-12 18:42:53
104,122,402,2020-05-12 18:39:55,2020-05-12 18:40:16
127,0,302,2020-05-12 18:39:56,2020-05-12 18:40:26
160,142,173,2020-05-12 18:39:57,2020-05-12 19:19:24
16,2,403,2020-05-12 18:40:00,2020-05-12 18:41:02
132,0,0,2020-05-12 18:40:03,2020-05-12 18:43:19
110,0,0,2020-05-12 18:40:08,2020-05-12 18:45:38
80,0,0,2020-05-12 18:40:09,2020-05-12 18:50:50
118,121,303,2020-05-12 18:40:12,2020-05-12 18:40:41
104,122,403,2020-05-12 18:40:16,2020-05-12 18:41:40
153,139,326,2020-05-12 18:40:17,2020-05-12 18:40:36
24,0,415,2020-05-12 18:40:17,2020-05-12 18:41:12
91,0,0,2020-05-12 18:40:21,2020-05-12 18:50:40
127,0,301,2020-05-12 18:40:26,2020-05-12 18:43:10
35,1,201,2020-05-12 18:40:27,2020-05-12 18:40:58
11,10,0,2020-05-12 18:40:29,2020-05-12 18:44:36
33,0,0,2020-05-12 18:40:29,2020-05-12 18:50:24
117,0,175,2020-05-12 18:40:31,2020-05-12 18:41:45
153,139,320,2020-05-12 18:40:36,2020-05-12 18:41:51
20,0,321,2020-05-12 18:40:36,2020-05-12 18:42:05
118,121,304,2020-05-12 18:40:41,2020-05-12 18:40:59
62,0,0,2020-05-12 18:40:52,2020-05-12 18:49:27
35,1,402,2020-05-12 18:40:58,2020-05-12 18:41:24
118,121,136,2020-05-12 18:40:59,2020-05-12 18:33:56
16,2,412,2020-05-12 18:41:02,2020-05-12 18:41:32
131,0,0,2020-05-12 18:41:04,2020-05-12 18:50:21
24,0,412,2020-05-12 18:41:12,2020-05-12 18:42:18
143,101,162,2020-05-12 18:41:22,2020-05-12 18:48:17
143,101,313,2020-05-12 18:41:22,2020-05-12 18:41:22
121,0,320,2020-05-12 18:41:23,2020-05-12 18:41:43
35,1,403,2020-05-12 18:41:24,2020-05-12 18:42:42
16,2,411,2020-05-12 18:41:32,2020-05-12 18:41:54
138,0,0,2020-05-12 18:41:38,2020-05-12 18:47:24
104,122,412,2020-05-12 18:41:40,2020-05-12 18:43:03
121,0,326,2020-05-12 18:41:43,2020-05-12 18:42:24
117,0,324,2020-05-12 18:41:45,2020-05-12 18:47:19
24,0,256,2020-05-12 18:41:46,2020-05-12 18:42:17
153,139,315,2020-05-12 18:41:51,2020-05-12 18:42:27
16,2,234,2020-05-12 18:41:54,2020-05-12 19:30:29
98,0,0,2020-05-12 18:41:58,2020-05-12 18:53:36
100,0,0,2020-05-12 18:42:01,2020-05-12 18:46:37
20,0,102,2020-05-12 18:42:05,2020-05-12 18:42:56
87,0,0,2020-05-12 18:42:08,2020-05-12 18:53:33
8,0,251,2020-05-12 18:42:09,2020-05-12 18:42:20
112,0,0,2020-05-12 18:42:13,2020-05-12 18:51:32
24,0,419,2020-05-12 18:42:17,2020-05-12 18:42:49
37,0,0,2020-05-12 18:42:18,2020-05-12 18:53:13
24,0,403,2020-05-12 18:42:18,2020-05-12 18:42:43
8,0,417,2020-05-12 18:42:20,2020-05-12 18:43:40
135,0,0,2020-05-12 18:42:22,2020-05-12 18:52:16
114,0,0,2020-05-12 18:42:24,2020-05-12 18:52:42
121,0,0,2020-05-12 18:42:24,2020-05-12 18:46:16
5,0,0,2020-05-12 18:42:26,2020-05-12 18:53:00
153,139,117,2020-05-12 18:42:27,2020-05-12 19:44:57
21,31,312,2020-05-12 18:42:36,2020-05-12 18:43:19
68,0,0,2020-05-12 18:42:37,2020-05-12 18:51:53
35,1,412,2020-05-12 18:42:42,2020-05-12 18:43:08
24,0,402,2020-05-12 18:42:43,2020-05-12 18:42:59
24,62,144,2020-05-12 18:42:44,2020-05-12 18:43:46
24,0,421,2020-05-12 18:42:49,2020-05-12 18:44:18
141,0,0,2020-05-12 18:42:50,2020-05-12 18:48:33
59,0,0,2020-05-12 18:42:52,2020-05-12 18:51:50
27,10,301,2020-05-12 18:42:53,2020-05-12 18:43:02
20,0,326,2020-05-12 18:42:56,2020-05-12 18:43:36
24,0,401,2020-05-12 18:42:59,2020-05-12 18:43:11
27,10,401,2020-05-12 18:43:02,2020-05-12 18:43:17
104,122,415,2020-05-12 18:43:03,2020-05-12 18:43:22
95,0,0,2020-05-12 18:43:03,2020-05-12 18:53:29
126,0,0,2020-05-12 18:43:08,2020-05-12 18:53:06
35,1,411,2020-05-12 18:43:08,2020-05-12 18:43:31
121,92,0,2020-05-12 18:43:09,2020-05-12 18:44:08
127,0,0,2020-05-12 18:43:10,2020-05-12 18:47:23
24,0,301,2020-05-12 18:43:11,2020-05-12 18:46:20
27,10,402,2020-05-12 18:43:17,2020-05-12 18:43:41
21,31,308,2020-05-12 18:43:19,2020-05-12 18:44:00
132,0,0,2020-05-12 18:43:19,2020-05-12 18:52:59
104,122,414,2020-05-12 18:43:22,2020-05-12 18:43:43
85,0,0,2020-05-12 18:43:27,2020-05-12 18:55:23
35,1,234,2020-05-12 18:43:31,2020-05-12 20:26:30
119,0,0,2020-05-12 18:43:36,2020-05-12 18:44:58
20,0,0,2020-05-12 18:43:36,2020-05-12 18:48:31
70,0,0,2020-05-12 18:43:38,2020-05-12 18:53:29
8,0,0,2020-05-12 18:43:39,2020-05-12 18:55:31
8,0,421,2020-05-12 18:43:40,2020-05-12 18:45:21
103,0,0,2020-05-12 18:43:41,2020-05-12 18:54:00
27,10,403,2020-05-12 18:43:41,2020-05-12 18:44:23
48,0,167,2020-05-12 18:43:42,2020-05-12 18:45:17
104,122,245,2020-05-12 18:43:43,2020-05-12 19:58:48
24,62,321,2020-05-12 18:43:46,2020-05-12 18:45:16
21,31,309,2020-05-12 18:44:00,2020-05-12 18:44:33
30,0,0,2020-05-12 18:44:00,2020-05-12 18:54:41
52,0,0,2020-05-12 18:44:01,2020-05-12 18:53:03
109,0,0,2020-05-12 18:44:04,2020-05-12 18:47:35
121,92,326,2020-05-12 18:44:08,2020-05-12 18:44:30
54,0,0,2020-05-12 18:44:09,2020-05-12 18:53:11
128,0,0,2020-05-12 18:44:10,2020-05-12 18:53:23
24,0,325,2020-05-12 18:44:18,2020-05-12 18:49:13
13,0,0,2020-05-12 18:44:21,2020-05-12 18:53:51
27,10,404,2020-05-12 18:44:23,2020-05-12 18:44:47
134,0,0,2020-05-12 18:44:26,2020-05-12 18:53:25
121,92,320,2020-05-12 18:44:30,2020-05-12 18:45:45
21,31,151,2020-05-12 18:44:33,2020-05-12 19:58:08
11,10,301,2020-05-12 18:44:36,2020-05-12 18:44:48
27,10,405,2020-05-12 18:44:47,2020-05-12 18:45:04
11,10,401,2020-05-12 18:44:48,2020-05-12 18:45:05
119,0,0,2020-05-12 18:44:58,2020-05-12 18:55:35
82,0,0,2020-05-12 18:45:00,2020-05-12 18:54:45
118,96,0,2020-05-12 18:45:01,2020-05-12 18:45:38
27,10,225,2020-05-12 18:45:04,2020-05-12 19:04:49
11,10,402,2020-05-12 18:45:05,2020-05-12 18:45:21
122,110,0,2020-05-12 18:45:14,2020-05-12 18:46:03
67,0,236,2020-05-12 18:45:15,2020-05-12 18:45:32
24,62,325,2020-05-12 18:45:16,2020-05-12 18:46:24
58,0,172,2020-05-12 18:45:17,2020-05-12 18:45:45
48,0,317,2020-05-12 18:45:17,2020-05-12 18:45:45
37,0,175,2020-05-12 18:45:20,2020-05-12 18:46:34
11,10,403,2020-05-12 18:45:21,2020-05-12 18:46:23
8,0,325,2020-05-12 18:45:21,2020-05-12 18:52:11
67,0,412,2020-05-12 18:45:32,2020-05-12 18:46:46
118,96,326,2020-05-12 18:45:38,2020-05-12 18:46:03
110,0,0,2020-05-12 18:45:38,2020-05-12 18:55:30
58,0,323,2020-05-12 18:45:45,2020-05-12 18:46:05
48,0,316,2020-05-12 18:45:45,2020-05-12 18:46:21
121,92,315,2020-05-12 18:45:45,2020-05-12 18:47:03
76,3,0,2020-05-12 18:45:55,2020-05-12 18:49:30
92,0,0,2020-05-12 18:45:55,2020-05-12 18:55:39
144,0,0,2020-05-12 18:45:55,2020-05-12 18:57:03
111,0,224,2020-05-12 18:46:01,2020-05-12 18:46:39
118,96,102,2020-05-12 18:46:03,2020-05-12 18:47:25
122,110,326,2020-05-12 18:46:03,2020-05-12 18:46:23
58,0,322,2020-05-12 18:46:05,2020-05-12 18:46:45
121,0,0,2020-05-12 18:46:16,2020-05-12 18:55:40
9,0,0,2020-05-12 18:46:17,2020-05-12 18:56:31
24,0,0,2020-05-12 18:46:20,2020-05-12 18:49:53
48,0,315,2020-05-12 18:46:21,2020-05-12 18:47:40
11,10,412,2020-05-12 18:46:23,2020-05-12 18:46:53
122,110,320,2020-05-12 18:46:23,2020-05-12 18:47:36
60,0,102,2020-05-12 18:46:24,2020-05-12 18:46:51
24,62,421,2020-05-12 18:46:24,2020-05-12 18:46:51
136,0,0,2020-05-12 18:46:25,2020-05-12 18:55:07
75,0,0,2020-05-12 18:46:28,2020-05-12 18:56:03
37,0,324,2020-05-12 18:46:34,2020-05-12 18:52:08
100,0,0,2020-05-12 18:46:37,2020-05-12 18:58:43
61,20,127,2020-05-12 18:46:38,2020-05-12 18:47:30
111,0,404,2020-05-12 18:46:39,2020-05-12 18:47:10
58,0,325,2020-05-12 18:46:45,2020-05-12 18:51:08
67,0,403,2020-05-12 18:46:46,2020-05-12 18:47:14
60,0,326,2020-05-12 18:46:51,2020-05-12 18:47:45
24,62,419,2020-05-12 18:46:51,2020-05-12 18:47:15
11,10,411,2020-05-12 18:46:53,2020-05-12 18:47:15
120,0,0,2020-05-12 18:46:59,2020-05-12 18:55:56
84,60,236,2020-05-12 18:47:01,2020-05-12 18:47:16
121,92,303,2020-05-12 18:47:03,2020-05-12 18:47:27
7,0,0,2020-05-12 18:47:03,2020-05-12 18:55:51
12,0,221,2020-05-12 18:47:07,2020-05-12 18:47:27
112,0,0,2020-05-12 18:47:08,2020-05-12 18:42:13
111,0,403,2020-05-12 18:47:10,2020-05-12 18:47:35
137,128,0,2020-05-12 18:47:13,2020-05-12 18:47:49
67,0,402,2020-05-12 18:47:14,2020-05-12 18:47:29
88,0,0,2020-05-12 18:47:15,2020-05-12 18:56:52
24,62,256,2020-05-12 18:47:15,2020-05-12 18:41:46
11,10,234,2020-05-12 18:47:15,2020-05-12 19:01:51
84,60,412,2020-05-12 18:47:16,2020-05-12 18:48:17
84,0,253,2020-05-12 18:47:16,2020-05-12 18:47:55
117,0,0,2020-05-12 18:47:19,2020-05-12 18:49:55
127,0,0,2020-05-12 18:47:23,2020-05-12 18:56:46
138,0,0,2020-05-12 18:47:24,2020-05-12 18:56:42
118,96,321,2020-05-12 18:47:25,2020-05-12 18:49:36
129,94,0,2020-05-12 18:47:25,2020-05-12 18:52:29
121,92,304,2020-05-12 18:47:27,2020-05-12 18:47:40
12,0,403,2020-05-12 18:47:27,2020-05-12 18:47:52
67,0,401,2020-05-12 18:47:29,2020-05-12 18:47:37
61,20,306,2020-05-12 18:47:30,2020-05-12 18:48:21
102,0,0,2020-05-12 18:47:34,2020-05-12 18:58:31
109,0,0,2020-05-12 18:47:35,2020-05-12 18:56:38
111,0,402,2020-05-12 18:47:35,2020-05-12 18:47:47
56,0,0,2020-05-12 18:47:36,2020-05-12 18:58:33
122,110,315,2020-05-12 18:47:36,2020-05-12 18:48:08
67,0,301,2020-05-12 18:47:37,2020-05-12 18:50:18
48,0,320,2020-05-12 18:47:40,2020-05-12 18:47:58
121,92,125,2020-05-12 18:47:40,2020-05-12 18:37:37
74,0,0,2020-05-12 18:47:43,2020-05-12 18:58:25
64,0,0,2020-05-12 18:47:44,2020-05-12 18:57:09
125,0,0,2020-05-12 18:47:44,2020-05-12 18:58:22
60,0,0,2020-05-12 18:47:45,2020-05-12 18:57:32
111,0,401,2020-05-12 18:47:47,2020-05-12 18:47:57
137,128,326,2020-05-12 18:47:49,2020-05-12 18:48:09
125,0,203,2020-05-12 18:47:51,2020-05-12 18:48:17
12,0,402,2020-05-12 18:47:52,2020-05-12 18:48:15
84,0,419,2020-05-12 18:47:55,2020-05-12 18:48:20
111,0,301,2020-05-12 18:47:57,2020-05-12 18:50:23
35,0,0,2020-05-12 18:47:58,2020-05-12 18:58:14
48,0,326,2020-05-12 18:47:58,2020-05-12 18:48:51
22,0,130,2020-05-12 18:47:59,2020-05-12 18:48:22
116,0,0,2020-05-12 18:48:01,2020-05-12 18:58:03
89,0,252,2020-05-12 18:48:06,2020-05-12 18:48:48
122,110,104,2020-05-12 18:48:08,2020-05-12 18:58:06
137,128,320,2020-05-12 18:48:09,2020-05-12 18:49:53
63,17,125,2020-05-12 18:48:10,2020-05-12 18:48:49
84,0,159,2020-05-12 18:48:11,2020-05-12 18:48:54
12,0,401,2020-05-12 18:48:15,2020-05-12 18:48:24
143,0,162,2020-05-12 18:48:17,2020-05-12 18:48:17
84,60,403,2020-05-12 18:48:17,2020-05-12 18:48:35
143,0,313,2020-05-12 18:48:17,2020-05-12 18:58:01
125,0,402,2020-05-12 18:48:17,2020-05-12 18:48:29
84,0,421,2020-05-12 18:48:20,2020-05-12 18:50:20
124,0,0,2020-05-12 18:48:20,2020-05-12 18:58:44
61,20,307,2020-05-12 18:48:21,2020-05-12 18:48:48
22,0,306,2020-05-12 18:48:22,2020-05-12 18:53:31
12,0,301,2020-05-12 18:48:24,2020-05-12 18:52:42
36,0,227,2020-05-12 18:48:26,2020-05-12 18:48:54
53,0,0,2020-05-12 18:48:28,2020-05-12 18:58:37
125,0,401,2020-05-12 18:48:29,2020-05-12 18:48:40
20,0,0,2020-05-12 18:48:31,2020-05-12 18:58:27
141,0,0,2020-05-12 18:48:33,2020-05-12 18:57:55
84,60,402,2020-05-12 18:48:35,2020-05-12 18:48:47
125,0,301,2020-05-12 18:48:40,2020-05-12 18:50:57
148,136,149,2020-05-12 18:48:44,2020-05-12 18:48:58
84,60,401,2020-05-12 18:48:47,2020-05-12 18:48:55
61,20,312,2020-05-12 18:48:48,2020-05-12 18:48:59
89,0,421,2020-05-12 18:48:48,2020-05-12 18:50:12
63,17,305,2020-05-12 18:48:49,2020-05-12 18:49:16
48,0,0,2020-05-12 18:48:51,2020-05-12 18:53:19
36,0,406,2020-05-12 18:48:54,2020-05-12 18:49:42
84,0,309,2020-05-12 18:48:54,2020-05-12 18:49:09
84,60,301,2020-05-12 18:48:55,2020-05-12 18:49:17
148,136,308,2020-05-12 18:48:58,2020-05-12 18:49:29
61,20,409,2020-05-12 18:48:59,2020-05-12 18:50:59
84,0,308,2020-05-12 18:49:09,2020-05-12 18:49:38
24,0,0,2020-05-12 18:49:13,2020-05-12 18:51:14
55,0,215,2020-05-12 18:49:15,2020-05-12 18:49:44
63,17,306,2020-05-12 18:49:16,2020-05-12 18:49:34
84,60,302,2020-05-12 18:49:17,2020-05-12 18:49:35
115,0,0,2020-05-12 18:49:23,2020-05-12 19:00:16
62,0,0,2020-05-12 18:49:27,2020-05-12 18:58:09
148,136,307,2020-05-12 18:49:29,2020-05-12 18:50:21
76,3,301,2020-05-12 18:49:30,2020-05-12 18:49:41
63,17,129,2020-05-12 18:49:34,2020-05-12 18:59:16
34,0,0,2020-05-12 18:49:34,2020-05-12 18:59:05
84,60,303,2020-05-12 18:49:35,2020-05-12 18:50:01
118,96,322,2020-05-12 18:49:36,2020-05-12 18:50:07
84,0,307,2020-05-12 18:49:38,2020-05-12 18:57:07
76,3,401,2020-05-12 18:49:41,2020-05-12 18:49:53
36,0,405,2020-05-12 18:49:42,2020-05-12 18:50:06
55,0,410,2020-05-12 18:49:44,2020-05-12 18:49:53
46,0,0,2020-05-12 18:49:46,2020-05-12 19:00:58
24,0,0,2020-05-12 18:49:53,2020-05-12 19:01:10
55,0,313,2020-05-12 18:49:53,2020-05-12 18:57:48
137,128,145,2020-05-12 18:49:53,2020-05-12 20:03:36
76,3,402,2020-05-12 18:49:53,2020-05-12 18:50:20
117,0,0,2020-05-12 18:49:55,2020-05-12 19:01:09
84,60,304,2020-05-12 18:50:01,2020-05-12 18:50:29
140,0,0,2020-05-12 18:50:05,2020-05-12 19:00:46
36,0,404,2020-05-12 18:50:06,2020-05-12 18:50:53
118,96,323,2020-05-12 18:50:07,2020-05-12 18:50:55
26,0,0,2020-05-12 18:50:08,2020-05-12 18:59:35
89,0,325,2020-05-12 18:50:12,2020-05-12 18:55:52
67,0,0,2020-05-12 18:50:18,2020-05-12 18:54:34
84,0,325,2020-05-12 18:50:20,2020-05-12 18:56:20
76,3,403,2020-05-12 18:50:20,2020-05-12 18:51:05
131,0,0,2020-05-12 18:50:21,2020-05-12 19:00:06
148,136,306,2020-05-12 18:50:21,2020-05-12 18:50:57
111,0,0,2020-05-12 18:50:23,2020-05-12 18:57:09
33,0,0,2020-05-12 18:50:24,2020-05-12 18:59:48
84,60,305,2020-05-12 18:50:29,2020-05-12 18:50:59
91,0,0,2020-05-12 18:50:40,2020-05-12 19:01:34
80,142,0,2020-05-12 18:50:50,2020-05-12 18:53:51
36,0,403,2020-05-12 18:50:53,2020-05-12 18:51:17
118,96,169,2020-05-12 18:50:55,2020-05-12 19:38:16
148,136,305,2020-05-12 18:50:57,2020-05-12 18:51:30
125,0,0,2020-05-12 18:50:57,2020-05-12 18:56:41
61,20,418,2020-05-12 18:50:59,2020-05-12 18:51:19
84,60,138,2020-05-12 18:50:59,2020-05-12 18:33:21
76,3,412,2020-05-12 18:51:05,2020-05-12 18:51:29
58,0,0,2020-05-12 18:51:08,2020-05-12 18:54:41
24,23,0,2020-05-12 18:51:14,2020-05-12 18:53:56
36,0,402,2020-05-12 18:51:17,2020-05-12 18:51:38
61,20,254,2020-05-12 18:51:19,2020-05-12 19:49:17
76,3,411,2020-05-12 18:51:29,2020-05-12 18:51:49
148,136,125,2020-05-12 18:51:30,2020-05-12 20:53:19
112,0,0,2020-05-12 18:51:32,2020-05-12 19:02:29
36,0,401,2020-05-12 18:51:38,2020-05-12 18:51:47
36,0,301,2020-05-12 18:51:47,2020-05-12 18:54:56
76,3,229,2020-05-12 18:51:49,2020-05-12 19:45:57
59,0,0,2020-05-12 18:51:50,2020-05-12 19:01:39
68,0,0,2020-05-12 18:51:53,2020-05-12 19:03:21
79,0,150,2020-05-12 18:52:00,2020-05-12 18:52:16
37,0,0,2020-05-12 18:52:08,2020-05-12 18:57:33
8,0,0,2020-05-12 18:52:11,2020-05-12 18:52:15
8,0,0,2020-05-12 18:52:15,2020-05-12 19:01:44
135,0,0,2020-05-12 18:52:16,2020-05-12 19:03:21
79,0,309,2020-05-12 18:52:16,2020-05-12 18:52:48
129,94,306,2020-05-12 18:52:29,2020-05-12 18:52:44
12,0,0,2020-05-12 18:52:42,2020-05-12 18:55:41
114,0,0,2020-05-12 18:52:42,2020-05-12 19:04:00
129,94,129,2020-05-12 18:52:44,2020-05-12 18:58:43
79,0,308,2020-05-12 18:52:48,2020-05-12 18:53:15
132,142,0,2020-05-12 18:52:59,2020-05-12 18:59:51
5,0,0,2020-05-12 18:53:00,2020-05-12 19:02:55
52,0,0,2020-05-12 18:53:03,2020-05-12 19:02:02
126,0,0,2020-05-12 18:53:06,2020-05-12 19:03:01
54,0,0,2020-05-12 18:53:11,2020-05-12 19:03:19
37,82,0,2020-05-12 18:53:13,2020-05-12 19:01:28
79,0,307,2020-05-12 18:53:15,2020-05-12 18:59:46
150,0,141,2020-05-12 18:53:16,2020-05-12 18:53:43
48,0,0,2020-05-12 18:53:19,2020-05-12 19:03:16
128,0,0,2020-05-12 18:53:23,2020-05-12 19:02:50
134,0,0,2020-05-12 18:53:25,2020-05-12 19:04:26
77,0,109,2020-05-12 18:53:27,2020-05-12 18:53:45
70,0,0,2020-05-12 18:53:29,2020-05-12 19:02:52
95,0,0,2020-05-12 18:53:29,2020-05-12 19:01:52
22,0,0,2020-05-12 18:53:31,2020-05-12 18:57:36
87,0,0,2020-05-12 18:53:33,2020-05-12 19:03:46
98,0,0,2020-05-12 18:53:36,2020-05-12 19:03:03
150,0,306,2020-05-12 18:53:43,2020-05-12 18:59:50
77,0,317,2020-05-12 18:53:45,2020-05-12 18:54:36
80,142,301,2020-05-12 18:53:51,2020-05-12 18:54:02
13,0,0,2020-05-12 18:53:51,2020-05-12 19:04:22
24,23,301,2020-05-12 18:53:56,2020-05-12 18:54:06
103,122,0,2020-05-12 18:54:00,2020-05-12 19:02:00
80,142,401,2020-05-12 18:54:02,2020-05-12 18:54:17
1,0,227,2020-05-12 18:54:03,2020-05-12 18:54:31
24,23,401,2020-05-12 18:54:06,2020-05-12 18:54:23
80,142,402,2020-05-12 18:54:17,2020-05-12 18:54:44
130,0,132,2020-05-12 18:54:21,2020-05-12 18:54:36
24,23,402,2020-05-12 18:54:23,2020-05-12 18:54:48
159,0,118,2020-05-12 18:54:26,2020-05-12 18:54:43
1,0,406,2020-05-12 18:54:31,2020-05-12 18:55:19
67,0,0,2020-05-12 18:54:34,2020-05-12 19:06:12
130,0,302,2020-05-12 18:54:36,2020-05-12 18:55:05
77,0,316,2020-05-12 18:54:36,2020-05-12 18:55:07
58,89,0,2020-05-12 18:54:41,2020-05-12 19:04:34
30,0,0,2020-05-12 18:54:41,2020-05-12 19:04:08
159,0,316,2020-05-12 18:54:43,2020-05-12 18:55:16
80,142,403,2020-05-12 18:54:44,2020-05-12 18:55:32
82,0,0,2020-05-12 18:54:45,2020-05-12 19:05:04
24,23,403,2020-05-12 18:54:48,2020-05-12 18:55:42
36,0,0,2020-05-12 18:54:56,2020-05-12 18:57:49
130,0,301,2020-05-12 18:55:05,2020-05-12 18:58:56
136,119,0,2020-05-12 18:55:07,2020-05-12 18:55:52
77,0,315,2020-05-12 18:55:07,2020-05-12 18:56:03
99,0,101,2020-05-12 18:55:12,2020-05-12 18:55:21
159,0,315,2020-05-12 18:55:16,2020-05-12 18:56:37
1,0,405,2020-05-12 18:55:19,2020-05-12 18:55:43
99,0,320,2020-05-12 18:55:21,2020-05-12 18:55:45
85,0,0,2020-05-12 18:55:23,2020-05-12 19:06:48
110,0,0,2020-05-12 18:55:30,2020-05-12 19:05:02
8,0,0,2020-05-12 18:55:31,2020-05-12 19:04:26
80,142,404,2020-05-12 18:55:32,2020-05-12 18:55:51
119,97,0,2020-05-12 18:55:35,2020-05-12 18:56:21
92,0,0,2020-05-12 18:55:39,2020-05-12 19:06:32
121,0,0,2020-05-12 18:55:40,2020-05-12 19:05:18
12,3,0,2020-05-12 18:55:41,2020-05-12 18:59:13
24,23,412,2020-05-12 18:55:42,2020-05-12 18:56:47
1,0,404,2020-05-12 18:55:43,2020-05-12 18:56:30
99,0,326,2020-05-12 18:55:45,2020-05-12 18:56:30
80,142,405,2020-05-12 18:55:51,2020-05-12 18:56:41
7,0,0,2020-05-12 18:55:51,2020-05-12 19:06:25
136,119,326,2020-05-12 18:55:52,2020-05-12 18:56:43
89,0,0,2020-05-12 18:55:52,2020-05-12 18:59:24
149,0,217,2020-05-12 18:55:55,2020-05-12 18:57:21
102,0,217,2020-05-12 18:55:55,2020-05-12 18:57:21
120,0,0,2020-05-12 18:55:56,2020-05-12 19:03:08
49,0,127,2020-05-12 18:55:58,2020-05-12 18:56:28
77,0,320,2020-05-12 18:56:03,2020-05-12 18:56:27
75,0,0,2020-05-12 18:56:03,2020-05-12 19:04:43
159,0,125,2020-05-12 18:56:11,2020-05-12 18:56:28
107,116,254,2020-05-12 18:56:12,2020-05-12 18:56:51
84,0,0,2020-05-12 18:56:20,2020-05-12 18:57:21
119,97,326,2020-05-12 18:56:21,2020-05-12 18:56:38
77,0,326,2020-05-12 18:56:27,2020-05-12 18:57:23
159,0,304,2020-05-12 18:56:28,2020-05-12 18:56:54
49,0,305,2020-05-12 18:56:28,2020-05-12 18:56:55
99,0,0,2020-05-12 18:56:30,2020-05-12 19:05:05
1,0,403,2020-05-12 18:56:30,2020-05-12 18:56:54
9,0,0,2020-05-12 18:56:31,2020-05-12 19:06:20
159,0,320,2020-05-12 18:56:37,2020-05-12 18:56:56
119,97,320,2020-05-12 18:56:38,2020-05-12 18:58:02
109,0,0,2020-05-12 18:56:38,2020-05-12 19:06:39
80,142,406,2020-05-12 18:56:41,2020-05-12 18:57:12
125,0,0,2020-05-12 18:56:41,2020-05-12 19:07:18
138,0,0,2020-05-12 18:56:42,2020-05-12 19:05:40
136,119,102,2020-05-12 18:56:43,2020-05-12 20:16:31
127,0,0,2020-05-12 18:56:46,2020-05-12 19:07:18
24,23,415,2020-05-12 18:56:47,2020-05-12 18:57:18
107,116,418,2020-05-12 18:56:51,2020-05-12 18:58:36
88,0,0,2020-05-12 18:56:52,2020-05-12 19:07:13
159,0,303,2020-05-12 18:56:54,2020-05-12 18:58:13
1,0,402,2020-05-12 18:56:54,2020-05-12 18:57:15
49,0,304,2020-05-12 18:56:55,2020-05-12 18:57:29
159,0,326,2020-05-12 18:56:56,2020-05-12 18:57:37
144,0,0,2020-05-12 18:57:03,2020-05-12 19:06:36
84,0,0,2020-05-12 18:57:07,2020-05-12 18:58:50
111,0,0,2020-05-12 18:57:09,2020-05-12 19:07:00
64,0,0,2020-05-12 18:57:09,2020-05-12 19:07:17
80,142,407,2020-05-12 18:57:12,2020-05-12 18:58:11
1,0,401,2020-05-12 18:57:15,2020-05-12 18:57:24
24,23,240,2020-05-12 18:57:18,2020-05-12 18:39:48
84,0,0,2020-05-12 18:57:21,2020-05-12 19:08:07
149,0,410,2020-05-12 18:57:21,2020-05-12 18:57:28
102,0,410,2020-05-12 18:57:21,2020-05-12 18:57:28
77,0,0,2020-05-12 18:57:23,2020-05-12 19:02:15
1,0,301,2020-05-12 18:57:24,2020-05-12 19:00:33
149,0,313,2020-05-12 18:57:28,2020-05-12 19:07:41
102,0,313,2020-05-12 18:57:28,2020-05-12 19:07:41
49,0,303,2020-05-12 18:57:29,2020-05-12 18:57:45
60,0,0,2020-05-12 18:57:32,2020-05-12 19:07:29
37,0,0,2020-05-12 18:57:33,2020-05-12 19:05:00
22,0,0,2020-05-12 18:57:36,2020-05-12 19:08:32
159,0,0,2020-05-12 18:57:37,2020-05-12 19:03:46
49,0,302,2020-05-12 18:57:45,2020-05-12 18:58:13
55,0,0,2020-05-12 18:57:48,2020-05-12 18:58:07
36,0,0,2020-05-12 18:57:49,2020-05-12 19:07:46
141,0,0,2020-05-12 18:57:55,2020-05-12 19:06:01
143,0,0,2020-05-12 18:58:01,2020-05-12 18:59:14
119,97,315,2020-05-12 18:58:02,2020-05-12 18:58:39
116,0,0,2020-05-12 18:58:03,2020-05-12 19:07:58
122,0,104,2020-05-12 18:58:06,2020-05-12 18:58:33
55,0,0,2020-05-12 18:58:07,2020-05-12 19:10:07
62,4,0,2020-05-12 18:58:09,2020-05-12 19:06:09
80,142,214,2020-05-12 18:58:11,2020-05-12 20:31:02
65,0,127,2020-05-12 18:58:12,2020-05-12 18:58:42
49,0,301,2020-05-12 18:58:13,2020-05-12 19:00:58
159,0,315,2020-05-12 18:58:13,2020-05-12 18:59:57
35,0,0,2020-05-12 18:58:14,2020-05-12 19:08:24
50,0,225,2020-05-12 18:58:16,2020-05-12 18:58:32
125,127,0,2020-05-12 18:58:22,2020-05-12 19:01:53
74,0,0,2020-05-12 18:58:25,2020-05-12 19:07:21
20,0,0,2020-05-12 18:58:27,2020-05-12 19:07:30
102,0,0,2020-05-12 18:58:31,2020-05-12 19:10:26
50,0,405,2020-05-12 18:58:32,2020-05-12 18:59:09
56,0,0,2020-05-12 18:58:33,2020-05-12 19:09:32
122,0,315,2020-05-12 18:58:33,2020-05-12 18:59:55
107,116,409,2020-05-12 18:58:36,2020-05-12 18:58:46
53,0,0,2020-05-12 18:58:37,2020-05-12 19:08:34
119,97,105,2020-05-12 18:58:39,2020-05-12 19:29:27
65,0,305,2020-05-12 18:58:42,2020-05-12 18:59:09
129,0,129,2020-05-12 18:58:43,2020-05-12 18:58:58
100,120,0,2020-05-12 18:58:43,2020-05-12 18:59:42
124,0,0,2020-05-12 18:58:44,2020-05-12 19:10:16
107,116,312,2020-05-12 18:58:46,2020-05-12 18:59:05
84,0,0,2020-05-12 18:58:50,2020-05-12 19:10:06
130,0,0,2020-05-12 18:58:56,2020-05-12 19:04:10
129,0,306,2020-05-12 18:58:58,2020-05-12 19:04:39
107,116,307,2020-05-12 18:59:05,2020-05-12 18:59:41
34,0,0,2020-05-12 18:59:05,2020-05-12 19:10:31
50,0,404,2020-05-12 18:59:09,2020-05-12 18:59:45
65,0,304,2020-05-12 18:59:09,2020-05-12 18:59:43
12,3,306,2020-05-12 18:59:13,2020-05-12 18:59:46
143,140,0,2020-05-12 18:59:14,2020-05-12 19:02:15
63,0,129,2020-05-12 18:59:16,2020-05-12 18:59:31
89,0,0,2020-05-12 18:59:24,2020-05-12 19:08:02
63,0,306,2020-05-12 18:59:31,2020-05-12 19:05:12
142,140,125,2020-05-12 18:59:31,2020-05-12 19:00:00
26,0,0,2020-05-12 18:59:35,2020-05-12 19:08:08
107,116,306,2020-05-12 18:59:41,2020-05-12 19:00:22
100,120,326,2020-05-12 18:59:42,2020-05-12 19:00:04
65,0,303,2020-05-12 18:59:43,2020-05-12 18:59:59
50,0,403,2020-05-12 18:59:45,2020-05-12 19:00:17
12,3,128,2020-05-12 18:59:46,2020-05-12 19:32:25
79,0,0,2020-05-12 18:59:46,2020-05-12 19:01:49
33,0,0,2020-05-12 18:59:48,2020-05-12 19:10:02
150,0,0,2020-05-12 18:59:50,2020-05-12 19:05:03
132,142,324,2020-05-12 18:59:51,2020-05-12 19:00:47
122,0,320,2020-05-12 18:59:55,2020-05-12 19:00:26
159,0,320,2020-05-12 18:59:57,2020-05-12 19:00:17
65,0,302,2020-05-12 18:59:59,2020-05-12 19:00:27
142,140,305,2020-05-12 19:00:00,2020-05-12 19:00:30
100,120,320,2020-05-12 19:00:04,2020-05-12 19:01:19
131,0,0,2020-05-12 19:00:06,2020-05-12 19:09:41
42,0,102,2020-05-12 19:00:10,2020-05-12 19:00:37
115,0,0,2020-05-12 19:00:16,2020-05-12 19:10:27
159,0,326,2020-05-12 19:00:17,2020-05-12 19:00:58
50,0,402,2020-05-12 19:00:17,2020-05-12 19:00:32
107,116,138,2020-05-12 19:00:22,2020-05-12 19:01:31
122,0,326,2020-05-12 19:00:26,2020-05-12 19:01:06
65,0,301,2020-05-12 19:00:27,2020-05-12 19:03:12
142,140,306,2020-05-12 19:00:30,2020-05-12 19:01:20
50,0,401,2020-05-12 19:00:32,2020-05-12 19:00:42
1,0,0,2020-05-12 19:00:33,2020-05-12 19:04:16
42,0,326,2020-05-12 19:00:37,2020-05-12 19:01:31
50,0,301,2020-05-12 19:00:42,2020-05-12 19:03:33
140,0,0,2020-05-12 19:00:46,2020-05-12 19:10:00
132,142,177,2020-05-12 19:00:47,2020-05-12 20:47:41
94,0,251,2020-05-12 19:00:50,2020-05-12 19:01:01
46,0,0,2020-05-12 19:00:58,2020-05-12 19:10:08
49,0,0,2020-05-12 19:00:58,2020-05-12 19:06:56
159,0,0,2020-05-12 19:00:58,2020-05-12 19:05:13
94,0,417,2020-05-12 19:01:01,2020-05-12 19:02:21
122,0,0,2020-05-12 19:01:06,2020-05-12 19:08:03
117,0,0,2020-05-12 19:01:09,2020-05-12 19:10:31
24,0,0,2020-05-12 19:01:10,2020-05-12 19:11:12
31,0,151,2020-05-12 19:01:16,2020-05-12 19:01:58
100,120,315,2020-05-12 19:01:19,2020-05-12 19:02:37
142,140,307,2020-05-12 19:01:20,2020-05-12 19:01:55
37,82,324,2020-05-12 19:01:28,2020-05-12 19:02:31
107,0,138,2020-05-12 19:01:31,2020-05-12 19:01:48
42,0,0,2020-05-12 19:01:31,2020-05-12 19:09:03
91,0,0,2020-05-12 19:01:34,2020-05-12 19:12:30
59,0,0,2020-05-12 19:01:39,2020-05-12 19:10:44
8,0,0,2020-05-12 19:01:44,2020-05-12 19:10:22
107,0,305,2020-05-12 19:01:48,2020-05-12 19:02:25
79,0,0,2020-05-12 19:01:49,2020-05-12 19:11:14
11,0,234,2020-05-12 19:01:51,2020-05-12 19:02:09
95,0,0,2020-05-12 19:01:52,2020-05-12 19:10:12
125,127,301,2020-05-12 19:01:53,2020-05-12 19:02:01
142,140,308,2020-05-12 19:01:55,2020-05-12 19:02:20
31,0,309,2020-05-12 19:01:58,2020-05-12 19:02:19
103,122,312,2020-05-12 19:02:00,2020-05-12 19:02:43
125,127,401,2020-05-12 19:02:01,2020-05-12 19:02:18
52,0,0,2020-05-12 19:02:02,2020-05-12 19:11:55
11,0,411,2020-05-12 19:02:09,2020-05-12 19:02:36
97,0,135,2020-05-12 19:02:12,2020-05-12 19:02:32
77,4,0,2020-05-12 19:02:15,2020-05-12 19:06:00
143,140,301,2020-05-12 19:02:15,2020-05-12 19:02:26
125,127,402,2020-05-12 19:02:18,2020-05-12 19:02:41
31,0,308,2020-05-12 19:02:19,2020-05-12 19:03:00
142,140,309,2020-05-12 19:02:20,2020-05-12 19:02:31
94,0,421,2020-05-12 19:02:21,2020-05-12 19:04:02
107,0,304,2020-05-12 19:02:25,2020-05-12 19:03:03
143,140,401,2020-05-12 19:02:26,2020-05-12 19:02:41
112,0,0,2020-05-12 19:02:29,2020-05-12 19:11:43
37,82,175,2020-05-12 19:02:31,2020-05-12 18:45:20
142,140,310,2020-05-12 19:02:31,2020-05-12 19:03:34
97,0,304,2020-05-12 19:02:32,2020-05-12 19:02:56
11,0,412,2020-05-12 19:02:36,2020-05-12 19:03:55
100,120,303,2020-05-12 19:02:37,2020-05-12 19:03:01
143,140,402,2020-05-12 19:02:41,2020-05-12 19:03:08
125,127,203,2020-05-12 19:02:41,2020-05-12 18:47:51
103,122,308,2020-05-12 19:02:43,2020-05-12 19:03:24
128,0,0,2020-05-12 19:02:50,2020-05-12 19:12:40
70,0,0,2020-05-12 19:02:52,2020-05-12 19:13:56
5,0,0,2020-05-12 19:02:55,2020-05-12 19:12:19
151,0,215,2020-05-12 19:02:56,2020-05-12 19:03:25
97,0,303,2020-05-12 19:02:56,2020-05-12 19:03:15
31,0,307,2020-05-12 19:03:00,2020-05-12 19:07:34
126,0,0,2020-05-12 19:03:01,2020-05-12 19:14:08
100,120,304,2020-05-12 19:03:01,2020-05-12 19:03:14
107,0,303,2020-05-12 19:03:03,2020-05-12 19:03:23
98,0,0,2020-05-12 19:03:03,2020-05-12 19:14:17
143,140,403,2020-05-12 19:03:08,2020-05-12 19:03:56
120,0,0,2020-05-12 19:03:08,2020-05-12 19:13:08
65,0,0,2020-05-12 19:03:12,2020-05-12 19:08:17
100,120,125,2020-05-12 19:03:14,2020-05-12 19:25:21
97,0,302,2020-05-12 19:03:15,2020-05-12 19:03:37
48,0,0,2020-05-12 19:03:16,2020-05-12 19:13:07
54,0,0,2020-05-12 19:03:19,2020-05-12 19:13:43
68,69,0,2020-05-12 19:03:21,2020-05-12 19:04:11
135,0,0,2020-05-12 19:03:21,2020-05-12 19:15:24
107,0,302,2020-05-12 19:03:23,2020-05-12 19:03:48
103,122,309,2020-05-12 19:03:24,2020-05-12 19:03:57
151,0,410,2020-05-12 19:03:25,2020-05-12 19:03:34
50,0,0,2020-05-12 19:03:33,2020-05-12 19:09:41
142,140,311,2020-05-12 19:03:34,2020-05-12 19:04:06
151,0,313,2020-05-12 19:03:34,2020-05-12 19:11:29
97,0,301,2020-05-12 19:03:37,2020-05-12 19:06:42
159,0,0,2020-05-12 19:03:46,2020-05-12 19:13:26
87,0,0,2020-05-12 19:03:46,2020-05-12 19:14:50
107,0,301,2020-05-12 19:03:48,2020-05-12 19:06:45
11,0,403,2020-05-12 19:03:55,2020-05-12 19:04:22
143,140,404,2020-05-12 19:03:56,2020-05-12 19:04:15
103,122,151,2020-05-12 19:03:57,2020-05-12 19:05:51
114,0,0,2020-05-12 19:04:00,2020-05-12 19:14:11
94,0,325,2020-05-12 19:04:02,2020-05-12 19:10:52
142,140,313,2020-05-12 19:04:06,2020-05-12 19:06:10
30,0,0,2020-05-12 19:04:08,2020-05-12 19:14:13
130,0,0,2020-05-12 19:04:10,2020-05-12 19:14:32
68,69,326,2020-05-12 19:04:11,2020-05-12 19:05:12
143,140,405,2020-05-12 19:04:15,2020-05-12 19:05:05
1,0,0,2020-05-12 19:04:16,2020-05-12 19:13:11
14,0,149,2020-05-12 19:04:22,2020-05-12 19:04:45
13,0,0,2020-05-12 19:04:22,2020-05-12 19:12:48
11,0,402,2020-05-12 19:04:22,2020-05-12 19:04:37
8,0,0,2020-05-12 19:04:26,2020-05-12 19:12:09
134,0,0,2020-05-12 19:04:26,2020-05-12 19:15:08
58,89,324,2020-05-12 19:04:34,2020-05-12 19:05:26
11,0,401,2020-05-12 19:04:37,2020-05-12 19:04:47
129,0,0,2020-05-12 19:04:39,2020-05-12 19:07:40
75,0,0,2020-05-12 19:04:43,2020-05-12 19:15:39
14,0,308,2020-05-12 19:04:45,2020-05-12 19:05:30
11,0,301,2020-05-12 19:04:47,2020-05-12 19:08:09
27,0,225,2020-05-12 19:04:49,2020-05-12 19:05:05
37,0,0,2020-05-12 19:05:00,2020-05-12 19:14:27
110,0,0,2020-05-12 19:05:02,2020-05-12 19:15:19
150,0,0,2020-05-12 19:05:03,2020-05-12 19:14:01
82,0,0,2020-05-12 19:05:04,2020-05-12 19:15:36
85,0,229,2020-05-12 19:05:04,2020-05-12 19:05:32
99,0,0,2020-05-12 19:05:05,2020-05-12 19:14:34
27,0,405,2020-05-12 19:05:05,2020-05-12 19:05:42
143,140,406,2020-05-12 19:05:05,2020-05-12 19:05:36
63,0,0,2020-05-12 19:05:12,2020-05-12 19:08:04
68,69,102,2020-05-12 19:05:12,2020-05-12 19:06:29
159,0,0,2020-05-12 19:05:13,2020-05-12 19:14:19
121,0,0,2020-05-12 19:05:18,2020-05-12 19:16:09
58,89,174,2020-05-12 19:05:26,2020-05-12 19:09:07
149,136,0,2020-05-12 19:05:28,2020-05-12 19:06:25
14,0,307,2020-05-12 19:05:30,2020-05-12 19:11:25
85,0,411,2020-05-12 19:05:32,2020-05-12 19:05:56
143,140,407,2020-05-12 19:05:36,2020-05-12 19:06:35
138,0,0,2020-05-12 19:05:40,2020-05-12 19:16:19
27,0,404,2020-05-12 19:05:42,2020-05-12 19:06:18
74,0,227,2020-05-12 19:05:45,2020-05-12 19:06:13
103,0,151,2020-05-12 19:05:51,2020-05-12 19:06:33
85,0,412,2020-05-12 19:05:56,2020-05-12 19:07:20
102,0,0,2020-05-12 19:05:58,2020-05-12 19:15:58
77,4,301,2020-05-12 19:06:00,2020-05-12 19:06:12
141,0,0,2020-05-12 19:06:01,2020-05-12 19:14:02
90,0,103,2020-05-12 19:06:05,2020-05-12 19:06:15
62,4,312,2020-05-12 19:06:09,2020-05-12 19:06:52
142,140,324,2020-05-12 19:06:10,2020-05-12 19:07:22
67,0,0,2020-05-12 19:06:12,2020-05-12 19:17:11
77,4,401,2020-05-12 19:06:12,2020-05-12 19:06:30
74,0,406,2020-05-12 19:06:13,2020-05-12 19:07:01
90,0,314,2020-05-12 19:06:15,2020-05-12 19:06:40
86,0,125,2020-05-12 19:06:16,2020-05-12 19:06:33
27,0,403,2020-05-12 19:06:18,2020-05-12 19:06:50
9,0,0,2020-05-12 19:06:20,2020-05-12 19:17:11
149,136,326,2020-05-12 19:06:25,2020-05-12 19:06:45
7,0,0,2020-05-12 19:06:25,2020-05-12 19:14:43
68,69,321,2020-05-12 19:06:29,2020-05-12 19:09:53
77,4,402,2020-05-12 19:06:30,2020-05-12 19:06:51
92,0,0,2020-05-12 19:06:32,2020-05-12 19:17:09
103,0,309,2020-05-12 19:06:33,2020-05-12 19:06:54
86,0,304,2020-05-12 19:06:33,2020-05-12 19:06:59
143,140,214,2020-05-12 19:06:35,2020-05-12 19:13:52
144,0,0,2020-05-12 19:06:36,2020-05-12 19:16:18
109,0,0,2020-05-12 19:06:39,2020-05-12 19:16:09
90,0,315,2020-05-12 19:06:40,2020-05-12 19:07:50
97,0,0,2020-05-12 19:06:42,2020-05-12 19:12:48
149,136,320,2020-05-12 19:06:45,2020-05-12 19:08:13
107,0,0,2020-05-12 19:06:45,2020-05-12 19:10:52
85,11,0,2020-05-12 19:06:48,2020-05-12 19:10:23
27,0,402,2020-05-12 19:06:50,2020-05-12 19:07:05
77,4,403,2020-05-12 19:06:51,2020-05-12 19:07:28
62,4,308,2020-05-12 19:06:52,2020-05-12 19:07:33
103,0,308,2020-05-12 19:06:54,2020-05-12 19:07:35
49,26,0,2020-05-12 19:06:56,2020-05-12 19:09:38
86,0,303,2020-05-12 19:06:59,2020-05-12 19:08:18
111,0,0,2020-05-12 19:07:00,2020-05-12 19:18:33
74,0,405,2020-05-12 19:07:01,2020-05-12 19:07:25
27,0,401,2020-05-12 19:07:05,2020-05-12 19:07:15
88,0,0,2020-05-12 19:07:13,2020-05-12 19:16:16
27,0,301,2020-05-12 19:07:15,2020-05-12 19:10:06
64,0,0,2020-05-12 19:07:17,2020-05-12 19:15:54
125,142,0,2020-05-12 19:07:18,2020-05-12 19:07:44
127,113,0,2020-05-12 19:07:18,2020-05-12 19:08:14
85,0,403,2020-05-12 19:07:20,2020-05-12 19:07:45
74,31,0,2020-05-12 19:07:21,2020-05-12 19:09:28
142,140,177,2020-05-12 19:07:22,2020-05-12 20:48:33
74,0,404,2020-05-12 19:07:25,2020-05-12 19:08:12
77,4,404,2020-05-12 19:07:28,2020-05-12 19:07:52
60,0,0,2020-05-12 19:07:29,2020-05-12 19:17:34
20,0,0,2020-05-12 19:07:30,2020-05-12 19:17:05
62,4,309,2020-05-12 19:07:33,2020-05-12 19:08:06
31,0,0,2020-05-12 19:07:34,2020-05-12 19:10:31
103,0,307,2020-05-12 19:07:35,2020-05-12 19:12:09
129,0,0,2020-05-12 19:07:40,2020-05-12 19:18:43
149,0,0,2020-05-12 19:07:41,2020-05-12 19:05:28
102,0,0,2020-05-12 19:07:41,2020-05-12 19:05:58
125,142,326,2020-05-12 19:07:44,2020-05-12 19:08:31
85,0,402,2020-05-12 19:07:45,2020-05-12 19:08:07
36,0,0,2020-05-12 19:07:46,2020-05-12 19:17:34
113,0,102,2020-05-12 19:07:48,2020-05-12 19:08:15
90,0,320,2020-05-12 19:07:50,2020-05-12 19:08:11
77,4,405,2020-05-12 19:07:52,2020-05-12 19:08:17
113,97,214,2020-05-12 19:07:53,2020-05-12 19:08:47
116,0,0,2020-05-12 19:07:58,2020-05-12 19:18:28
89,0,0,2020-05-12 19:08:02,2020-05-12 19:18:39
122,0,0,2020-05-12 19:08:03,2020-05-12 19:17:40
63,0,0,2020-05-12 19:08:04,2020-05-12 19:19:59
62,4,151,2020-05-12 19:08:06,2020-05-12 19:25:47
84,0,0,2020-05-12 19:08:07,2020-05-12 19:18:01
85,0,401,2020-05-12 19:08:07,2020-05-12 19:08:14
26,0,0,2020-05-12 19:08:08,2020-05-12 19:17:52
11,0,0,2020-05-12 19:08:09,2020-05-12 19:10:11
90,0,326,2020-05-12 19:08:11,2020-05-12 19:08:56
74,0,403,2020-05-12 19:08:12,2020-05-12 19:08:36
149,136,315,2020-05-12 19:08:13,2020-05-12 19:09:29
127,113,326,2020-05-12 19:08:14,2020-05-12 19:08:32
85,0,301,2020-05-12 19:08:14,2020-05-12 19:12:17
113,0,326,2020-05-12 19:08:15,2020-05-12 19:09:09
65,0,0,2020-05-12 19:08:17,2020-05-12 19:19:57
77,4,210,2020-05-12 19:08:17,2020-05-12 19:28:14
86,0,315,2020-05-12 19:08:18,2020-05-12 19:10:02
101,0,243,2020-05-12 19:08:23,2020-05-12 19:09:02
35,31,0,2020-05-12 19:08:24,2020-05-12 19:11:01
125,142,102,2020-05-12 19:08:31,2020-05-12 19:09:35
22,0,0,2020-05-12 19:08:32,2020-05-12 19:17:37
127,113,320,2020-05-12 19:08:32,2020-05-12 19:10:09
53,0,0,2020-05-12 19:08:34,2020-05-12 19:19:20
74,0,402,2020-05-12 19:08:36,2020-05-12 19:08:57
110,0,136,2020-05-12 19:08:37,2020-05-12 19:08:55
113,97,407,2020-05-12 19:08:47,2020-05-12 19:09:07
110,0,304,2020-05-12 19:08:55,2020-05-12 19:09:28
90,0,0,2020-05-12 19:08:56,2020-05-12 19:14:31
74,0,401,2020-05-12 19:08:57,2020-05-12 19:09:06
101,0,416,2020-05-12 19:09:02,2020-05-12 19:09:38
42,0,0,2020-05-12 19:09:03,2020-05-12 19:19:23
156,0,128,2020-05-12 19:09:03,2020-05-12 19:09:32
74,0,301,2020-05-12 19:09:06,2020-05-12 19:12:15
58,0,174,2020-05-12 19:09:07,2020-05-12 19:09:45
113,97,409,2020-05-12 19:09:07,2020-05-12 19:09:18
113,0,0,2020-05-12 19:09:09,2020-05-12 19:15:54
113,97,312,2020-05-12 19:09:18,2020-05-12 19:09:34
74,31,301,2020-05-12 19:09:28,2020-05-12 19:09:41
110,0,303,2020-05-12 19:09:28,2020-05-12 19:09:48
149,136,303,2020-05-12 19:09:29,2020-05-12 19:09:59
56,0,0,2020-05-12 19:09:32,2020-05-12 19:18:58
156,0,306,2020-05-12 19:09:32,2020-05-12 19:14:40
113,97,307,2020-05-12 19:09:34,2020-05-12 19:10:18
125,142,321,2020-05-12 19:09:35,2020-05-12 19:11:53
49,26,301,2020-05-12 19:09:38,2020-05-12 19:09:48
101,0,415,2020-05-12 19:09:38,2020-05-12 19:10:42
131,0,0,2020-05-12 19:09:41,2020-05-12 19:18:04
43,0,231,2020-05-12 19:09:41,2020-05-12 19:10:04
50,0,0,2020-05-12 19:09:41,2020-05-12 19:18:24
74,31,401,2020-05-12 19:09:41,2020-05-12 19:09:56
58,0,324,2020-05-12 19:09:45,2020-05-12 19:16:37
110,0,302,2020-05-12 19:09:48,2020-05-12 19:10:18
49,26,401,2020-05-12 19:09:48,2020-05-12 19:10:05
68,69,322,2020-05-12 19:09:53,2020-05-12 19:10:08
74,31,402,2020-05-12 19:09:56,2020-05-12 19:10:26
149,136,304,2020-05-12 19:09:59,2020-05-12 19:10:35
140,0,0,2020-05-12 19:10:00,2020-05-12 19:22:27
33,0,0,2020-05-12 19:10:02,2020-05-12 19:20:55
86,0,320,2020-05-12 19:10:02,2020-05-12 19:10:22
43,0,412,2020-05-12 19:10:04,2020-05-12 19:11:08
49,26,402,2020-05-12 19:10:05,2020-05-12 19:10:30
84,0,0,2020-05-12 19:10:06,2020-05-12 19:21:11
27,0,0,2020-05-12 19:10:06,2020-05-12 19:15:22
55,0,0,2020-05-12 19:10:07,2020-05-12 19:20:34
46,5,0,2020-05-12 19:10:08,2020-05-12 19:10:54
68,69,171,2020-05-12 19:10:08,2020-05-12 19:33:33
127,113,315,2020-05-12 19:10:09,2020-05-12 19:10:42
66,0,232,2020-05-12 19:10:10,2020-05-12 19:10:45
11,0,0,2020-05-12 19:10:11,2020-05-12 19:19:51
95,0,0,2020-05-12 19:10:12,2020-05-12 19:20:08
124,0,0,2020-05-12 19:10:16,2020-05-12 19:20:42
113,97,306,2020-05-12 19:10:18,2020-05-12 19:10:56
110,0,301,2020-05-12 19:10:18,2020-05-12 19:13:02
8,0,0,2020-05-12 19:10:22,2020-05-12 19:18:23
86,0,326,2020-05-12 19:10:22,2020-05-12 19:11:03
85,11,301,2020-05-12 19:10:23,2020-05-12 19:10:34
74,31,403,2020-05-12 19:10:26,2020-05-12 19:11:01
102,0,0,2020-05-12 19:10:26,2020-05-12 19:19:06
152,0,205,2020-05-12 19:10:26,2020-05-12 19:10:56
115,0,0,2020-05-12 19:10:27,2020-05-12 19:19:51
49,26,403,2020-05-12 19:10:30,2020-05-12 19:11:24
34,0,0,2020-05-12 19:10:31,2020-05-12 19:20:25
31,0,0,2020-05-12 19:10:31,2020-05-12 19:20:52
117,0,0,2020-05-12 19:10:31,2020-05-12 19:21:14
69,0,245,2020-05-12 19:10:32,2020-05-12 19:10:55
85,11,401,2020-05-12 19:10:34,2020-05-12 19:10:46
149,136,305,2020-05-12 19:10:35,2020-05-12 19:10:50
127,113,316,2020-05-12 19:10:42,2020-05-12 19:11:19
101,0,412,2020-05-12 19:10:42,2020-05-12 19:12:12
59,0,0,2020-05-12 19:10:44,2020-05-12 19:21:11
66,0,412,2020-05-12 19:10:45,2020-05-12 19:11:33
85,11,402,2020-05-12 19:10:46,2020-05-12 19:11:13
149,136,127,2020-05-12 19:10:50,2020-05-12 20:39:25
94,0,0,2020-05-12 19:10:52,2020-05-12 19:11:31
107,142,0,2020-05-12 19:10:52,2020-05-12 19:13:53
46,5,326,2020-05-12 19:10:54,2020-05-12 19:11:11
69,0,414,2020-05-12 19:10:55,2020-05-12 19:11:28
113,97,305,2020-05-12 19:10:56,2020-05-12 19:11:27
152,0,403,2020-05-12 19:10:56,2020-05-12 19:11:19
35,31,301,2020-05-12 19:11:01,2020-05-12 19:11:13
74,31,404,2020-05-12 19:11:01,2020-05-12 19:11:31
86,0,0,2020-05-12 19:11:03,2020-05-12 19:17:21
15,0,136,2020-05-12 19:11:04,2020-05-12 19:11:22
43,0,403,2020-05-12 19:11:08,2020-05-12 19:11:32
46,5,320,2020-05-12 19:11:11,2020-05-12 19:12:35
24,0,0,2020-05-12 19:11:12,2020-05-12 19:23:35
85,11,403,2020-05-12 19:11:13,2020-05-12 19:11:58
35,31,401,2020-05-12 19:11:13,2020-05-12 19:11:27
79,0,0,2020-05-12 19:11:14,2020-05-12 19:20:28
152,0,402,2020-05-12 19:11:19,2020-05-12 19:11:32
127,113,317,2020-05-12 19:11:19,2020-05-12 19:13:15
15,0,304,2020-05-12 19:11:22,2020-05-12 19:11:55
49,26,412,2020-05-12 19:11:24,2020-05-12 19:12:29
14,0,0,2020-05-12 19:11:25,2020-05-12 19:14:06
35,31,201,2020-05-12 19:11:27,2020-05-12 18:40:27
113,97,304,2020-05-12 19:11:27,2020-05-12 19:11:55
69,0,415,2020-05-12 19:11:28,2020-05-12 19:13:05
44,0,174,2020-05-12 19:11:28,2020-05-12 19:12:06
151,0,0,2020-05-12 19:11:29,2020-05-12 19:12:31
94,0,0,2020-05-12 19:11:31,2020-05-12 19:22:18
74,31,405,2020-05-12 19:11:31,2020-05-12 19:12:19
43,0,402,2020-05-12 19:11:32,2020-05-12 19:11:45
152,0,401,2020-05-12 19:11:32,2020-05-12 19:11:42
66,0,403,2020-05-12 19:11:33,2020-05-12 19:11:56
152,0,301,2020-05-12 19:11:42,2020-05-12 19:14:54
112,0,0,2020-05-12 19:11:43,2020-05-12 19:20:37
43,0,401,2020-05-12 19:11:45,2020-05-12 19:11:55
125,142,322,2020-05-12 19:11:53,2020-05-12 19:12:10
15,0,303,2020-05-12 19:11:55,2020-05-12 19:12:15
43,0,301,2020-05-12 19:11:55,2020-05-12 19:15:26
113,97,303,2020-05-12 19:11:55,2020-05-12 19:13:29
52,0,0,2020-05-12 19:11:55,2020-05-12 19:22:27
66,0,402,2020-05-12 19:11:56,2020-05-12 19:12:13
85,11,412,2020-05-12 19:11:58,2020-05-12 19:12:22
44,0,324,2020-05-12 19:12:06,2020-05-12 19:18:58
8,0,0,2020-05-12 19:12:09,2020-05-12 19:20:40
103,0,0,2020-05-12 19:12:09,2020-05-12 19:16:21
125,142,323,2020-05-12 19:12:10,2020-05-12 19:13:00
9,0,125,2020-05-12 19:12:12,2020-05-12 19:12:29
101,0,403,2020-05-12 19:12:12,2020-05-12 19:12:30
66,0,401,2020-05-12 19:12:13,2020-05-12 19:12:21
15,0,302,2020-05-12 19:12:15,2020-05-12 19:12:45
74,0,0,2020-05-12 19:12:15,2020-05-12 19:15:02
85,0,0,2020-05-12 19:12:17,2020-05-12 19:15:26
74,31,406,2020-05-12 19:12:19,2020-05-12 19:12:48
5,0,0,2020-05-12 19:12:19,2020-05-12 19:23:04
66,0,301,2020-05-12 19:12:21,2020-05-12 19:14:23
85,11,411,2020-05-12 19:12:22,2020-05-12 19:12:42
49,26,415,2020-05-12 19:12:29,2020-05-12 19:13:00
9,0,304,2020-05-12 19:12:29,2020-05-12 19:12:55
91,142,0,2020-05-12 19:12:30,2020-05-12 19:12:56
101,0,402,2020-05-12 19:12:30,2020-05-12 19:12:38
57,0,133,2020-05-12 19:12:30,2020-05-12 19:12:47
151,0,0,2020-05-12 19:12:31,2020-05-12 19:21:49
46,5,315,2020-05-12 19:12:35,2020-05-12 19:13:12
101,0,401,2020-05-12 19:12:38,2020-05-12 19:12:48
128,0,0,2020-05-12 19:12:40,2020-05-12 19:24:15
85,11,229,2020-05-12 19:12:42,2020-05-12 19:05:04
15,0,301,2020-05-12 19:12:45,2020-05-12 19:15:29
57,0,302,2020-05-12 19:12:47,2020-05-12 19:13:17
97,0,0,2020-05-12 19:12:48,2020-05-12 19:22:51
74,31,227,2020-05-12 19:12:48,2020-05-12 19:05:45
13,0,0,2020-05-12 19:12:48,2020-05-12 19:24:47
101,0,301,2020-05-12 19:12:48,2020-05-12 19:14:40
19,0,150,2020-05-12 19:12:50,2020-05-12 19:13:06
9,0,303,2020-05-12 19:12:55,2020-05-12 19:14:14
51,0,152,2020-05-12 19:12:55,2020-05-12 19:13:57
91,142,326,2020-05-12 19:12:56,2020-05-12 19:13:43
125,142,173,2020-05-12 19:13:00,2020-05-12 20:50:24
49,26,240,2020-05-12 19:13:00,2020-05-12 20:16:25
110,0,0,2020-05-12 19:13:02,2020-05-12 19:16:32
69,0,412,2020-05-12 19:13:05,2020-05-12 19:14:38
19,0,309,2020-05-12 19:13:06,2020-05-12 19:13:38
48,0,0,2020-05-12 19:13:07,2020-05-12 19:23:20
120,0,0,2020-05-12 19:13:08,2020-05-12 19:23:32
1,0,0,2020-05-12 19:13:11,2020-05-12 19:23:26
46,5,105,2020-05-12 19:13:12,2020-05-12 19:54:51
127,113,319,2020-05-12 19:13:15,2020-05-12 19:13:52
57,0,301,2020-05-12 19:13:17,2020-05-12 19:15:42
159,131,0,2020-05-12 19:13:26,2020-05-12 19:14:25
113,97,315,2020-05-12 19:13:29,2020-05-12 19:14:41
19,0,308,2020-05-12 19:13:38,2020-05-12 19:14:05
91,142,102,2020-05-12 19:13:43,2020-05-12 19:14:47
54,0,0,2020-05-12 19:13:43,2020-05-12 19:23:26
143,0,214,2020-05-12 19:13:52,2020-05-12 19:15:11
127,113,318,2020-05-12 19:13:52,2020-05-12 19:14:07
107,142,301,2020-05-12 19:13:53,2020-05-12 19:14:04
70,0,0,2020-05-12 19:13:56,2020-05-12 19:24:45
51,0,310,2020-05-12 19:13:57,2020-05-12 19:14:07
150,0,0,2020-05-12 19:14:01,2020-05-12 19:23:23
141,0,0,2020-05-12 19:14:02,2020-05-12 19:24:17
107,142,401,2020-05-12 19:14:04,2020-05-12 19:14:19
19,0,307,2020-05-12 19:14:05,2020-05-12 19:20:36
14,0,0,2020-05-12 19:14:06,2020-05-12 19:24:55
51,0,309,2020-05-12 19:14:07,2020-05-12 19:14:24
127,113,156,2020-05-12 19:14:07,2020-05-12 19:49:59
126,0,0,2020-05-12 19:14:08,2020-05-12 19:23:27
114,0,0,2020-05-12 19:14:11,2020-05-12 19:25:29
30,0,0,2020-05-12 19:14:13,2020-05-12 19:25:24
9,0,315,2020-05-12 19:14:14,2020-05-12 19:15:58
98,0,0,2020-05-12 19:14:17,2020-05-12 19:25:47
159,0,0,2020-05-12 19:14:19,2020-05-12 19:24:01
107,142,402,2020-05-12 19:14:19,2020-05-12 19:14:46
66,0,0,2020-05-12 19:14:23,2020-05-12 19:21:10
51,0,308,2020-05-12 19:14:24,2020-05-12 19:15:21
159,131,326,2020-05-12 19:14:25,2020-05-12 19:14:47
37,0,0,2020-05-12 19:14:27,2020-05-12 19:24:51
90,0,0,2020-05-12 19:14:31,2020-05-12 19:22:27
130,0,0,2020-05-12 19:14:32,2020-05-12 19:23:26
99,0,0,2020-05-12 19:14:34,2020-05-12 19:24:21
69,0,403,2020-05-12 19:14:38,2020-05-12 19:15:01
156,0,0,2020-05-12 19:14:40,2020-05-12 19:20:04
101,0,0,2020-05-12 19:14:40,2020-05-12 19:18:59
113,97,320,2020-05-12 19:14:41,2020-05-12 19:15:40
7,0,0,2020-05-12 19:14:43,2020-05-12 19:23:22
107,142,403,2020-05-12 19:14:46,2020-05-12 19:15:34
159,131,320,2020-05-12 19:14:47,2020-05-12 19:16:02
91,142,321,2020-05-12 19:14:47,2020-05-12 19:17:05
87,0,0,2020-05-12 19:14:50,2020-05-12 19:25:14
152,0,0,2020-05-12 19:14:54,2020-05-12 19:18:20
69,0,402,2020-05-12 19:15:01,2020-05-12 19:15:19
74,0,0,2020-05-12 19:15:02,2020-05-12 19:24:14
134,0,0,2020-05-12 19:15:08,2020-05-12 19:23:42
143,0,407,2020-05-12 19:15:11,2020-05-12 19:15:38
147,0,173,2020-05-12 19:15:11,2020-05-12 19:16:27
110,0,0,2020-05-12 19:15:19,2020-05-12 19:25:19
69,0,401,2020-05-12 19:15:19,2020-05-12 19:15:29
51,0,307,2020-05-12 19:15:21,2020-05-12 19:20:22
27,0,0,2020-05-12 19:15:22,2020-05-12 19:26:21
135,0,0,2020-05-12 19:15:24,2020-05-12 19:25:23
43,0,0,2020-05-12 19:15:26,2020-05-12 19:20:42
85,0,0,2020-05-12 19:15:26,2020-05-12 19:25:48
15,0,0,2020-05-12 19:15:29,2020-05-12 19:20:22
69,0,301,2020-05-12 19:15:29,2020-05-12 19:18:02
107,142,404,2020-05-12 19:15:34,2020-05-12 19:15:53
82,0,0,2020-05-12 19:15:36,2020-05-12 19:25:39
143,0,406,2020-05-12 19:15:38,2020-05-12 19:16:28
75,142,0,2020-05-12 19:15:39,2020-05-12 19:23:08
113,97,102,2020-05-12 19:15:40,2020-05-12 19:07:48
57,0,0,2020-05-12 19:15:42,2020-05-12 19:22:57
3,0,141,2020-05-12 19:15:51,2020-05-12 19:16:18
107,142,405,2020-05-12 19:15:53,2020-05-12 19:16:43
64,0,0,2020-05-12 19:15:54,2020-05-12 19:26:01
113,0,0,2020-05-12 19:15:54,2020-05-12 19:27:15
18,0,162,2020-05-12 19:15:57,2020-05-12 19:15:57
18,0,313,2020-05-12 19:15:57,2020-05-12 19:25:41
102,0,0,2020-05-12 19:15:58,2020-05-12 19:25:45
9,0,320,2020-05-12 19:15:58,2020-05-12 19:16:18
159,131,315,2020-05-12 19:16:02,2020-05-12 19:17:20
121,0,0,2020-05-12 19:16:09,2020-05-12 19:27:06
109,0,0,2020-05-12 19:16:09,2020-05-12 19:25:59
41,72,169,2020-05-12 19:16:14,2020-05-12 19:16:55
88,0,0,2020-05-12 19:16:16,2020-05-12 19:26:42
3,0,306,2020-05-12 19:16:18,2020-05-12 19:22:25
9,0,326,2020-05-12 19:16:18,2020-05-12 19:16:59
144,0,0,2020-05-12 19:16:18,2020-05-12 19:26:47
138,0,0,2020-05-12 19:16:19,2020-05-12 19:26:39
103,0,0,2020-05-12 19:16:21,2020-05-12 19:25:32
147,0,323,2020-05-12 19:16:27,2020-05-12 19:16:42
143,0,405,2020-05-12 19:16:28,2020-05-12 19:17:05
110,0,0,2020-05-12 19:16:32,2020-05-12 19:27:13
34,0,166,2020-05-12 19:16:33,2020-05-12 19:17:07
58,0,0,2020-05-12 19:16:37,2020-05-12 19:18:37
147,0,322,2020-05-12 19:16:42,2020-05-12 19:17:21
107,142,406,2020-05-12 19:16:43,2020-05-12 19:17:14
41,72,323,2020-05-12 19:16:55,2020-05-12 19:17:13
9,0,0,2020-05-12 19:16:59,2020-05-12 19:21:39
91,142,322,2020-05-12 19:17:05,2020-05-12 19:17:22
143,0,404,2020-05-12 19:17:05,2020-05-12 19:17:30
20,0,0,2020-05-12 19:17:05,2020-05-12 19:26:46
34,0,319,2020-05-12 19:17:07,2020-05-12 19:19:11
92,0,0,2020-05-12 19:17:09,2020-05-12 19:25:36
67,0,0,2020-05-12 19:17:11,2020-05-12 19:27:15
9,0,0,2020-05-12 19:17:11,2020-05-12 19:27:01
41,72,322,2020-05-12 19:17:13,2020-05-12 19:17:58
107,142,407,2020-05-12 19:17:14,2020-05-12 19:18:13
159,131,303,2020-05-12 19:17:20,2020-05-12 19:17:44
147,0,325,2020-05-12 19:17:21,2020-05-12 19:22:49
86,0,0,2020-05-12 19:17:21,2020-05-12 19:27:23
91,142,323,2020-05-12 19:17:22,2020-05-12 19:18:12
143,0,403,2020-05-12 19:17:30,2020-05-12 19:17:56
36,0,0,2020-05-12 19:17:34,2020-05-12 19:26:34
60,0,0,2020-05-12 19:17:34,2020-05-12 19:28:49
22,0,0,2020-05-12 19:17:37,2020-05-12 19:28:47
72,26,153,2020-05-12 19:17:38,2020-05-12 19:18:19
122,111,0,2020-05-12 19:17:40,2020-05-12 19:20:43
159,131,304,2020-05-12 19:17:44,2020-05-12 19:17:57
26,0,0,2020-05-12 19:17:52,2020-05-12 19:27:55
143,0,402,2020-05-12 19:17:56,2020-05-12 19:18:10
159,131,125,2020-05-12 19:17:57,2020-05-12 18:56:11
41,72,325,2020-05-12 19:17:58,2020-05-12 19:19:20
84,0,0,2020-05-12 19:18:01,2020-05-12 19:29:13
69,0,0,2020-05-12 19:18:02,2020-05-12 19:21:14
17,0,212,2020-05-12 19:18:04,2020-05-12 19:18:17
131,142,0,2020-05-12 19:18:04,2020-05-12 19:24:56
143,0,401,2020-05-12 19:18:10,2020-05-12 19:18:18
91,142,173,2020-05-12 19:18:12,2020-05-12 20:46:58
107,142,214,2020-05-12 19:18:13,2020-05-12 20:35:32
17,0,406,2020-05-12 19:18:17,2020-05-12 19:19:02
143,0,301,2020-05-12 19:18:18,2020-05-12 19:20:33
72,26,313,2020-05-12 19:18:19,2020-05-12 19:20:11
152,138,0,2020-05-12 19:18:20,2020-05-12 19:19:02
8,0,0,2020-05-12 19:18:23,2020-05-12 19:28:05
50,0,0,2020-05-12 19:18:24,2020-05-12 19:28:21
116,0,0,2020-05-12 19:18:28,2020-05-12 19:27:19
111,0,0,2020-05-12 19:18:33,2020-05-12 19:28:31
58,0,0,2020-05-12 19:18:37,2020-05-12 19:28:37
89,0,0,2020-05-12 19:18:39,2020-05-12 19:27:55
129,0,0,2020-05-12 19:18:43,2020-05-12 19:28:40
56,0,0,2020-05-12 19:18:58,2020-05-12 19:28:36
44,0,0,2020-05-12 19:18:58,2020-05-12 19:22:15
101,0,0,2020-05-12 19:18:59,2020-05-12 19:29:47
152,138,326,2020-05-12 19:19:02,2020-05-12 19:19:22
17,0,405,2020-05-12 19:19:02,2020-05-12 19:19:31
102,142,0,2020-05-12 19:19:06,2020-05-12 19:26:06
34,0,317,2020-05-12 19:19:11,2020-05-12 19:19:46
41,72,421,2020-05-12 19:19:20,2020-05-12 19:20:34
53,0,0,2020-05-12 19:19:20,2020-05-12 19:28:36
152,138,320,2020-05-12 19:19:22,2020-05-12 19:20:31
42,0,0,2020-05-12 19:19:23,2020-05-12 19:30:09
160,0,173,2020-05-12 19:19:24,2020-05-12 19:20:40
17,0,404,2020-05-12 19:19:31,2020-05-12 19:20:15
34,0,316,2020-05-12 19:19:46,2020-05-12 19:20:17
11,0,0,2020-05-12 19:19:51,2020-05-12 19:30:00
115,0,0,2020-05-12 19:19:51,2020-05-12 19:30:14
65,0,0,2020-05-12 19:19:57,2020-05-12 19:29:07
63,0,0,2020-05-12 19:19:59,2020-05-12 19:30:08
156,0,0,2020-05-12 19:20:04,2020-05-12 19:31:12
95,0,0,2020-05-12 19:20:08,2020-05-12 19:30:01
72,26,324,2020-05-12 19:20:11,2020-05-12 19:21:36
17,0,403,2020-05-12 19:20:15,2020-05-12 19:20:43
34,0,315,2020-05-12 19:20:17,2020-05-12 19:21:38
15,0,0,2020-05-12 19:20:22,2020-05-12 19:29:58
51,0,0,2020-05-12 19:20:22,2020-05-12 19:22:49
34,0,0,2020-05-12 19:20:25,2020-05-12 19:29:54
79,0,0,2020-05-12 19:20:28,2020-05-12 19:29:04
152,138,143,2020-05-12 19:20:31,2020-05-12 20:58:42
143,0,0,2020-05-12 19:20:33,2020-05-12 19:22:40
55,35,0,2020-05-12 19:20:34,2020-05-12 19:23:09
41,72,417,2020-05-12 19:20:34,2020-05-12 19:21:00
19,0,0,2020-05-12 19:20:36,2020-05-12 19:22:25
112,0,0,2020-05-12 19:20:37,2020-05-12 19:30:36
8,0,0,2020-05-12 19:20:40,2020-05-12 19:31:56
160,0,323,2020-05-12 19:20:40,2020-05-12 19:20:55
43,0,0,2020-05-12 19:20:42,2020-05-12 19:31:04
124,127,0,2020-05-12 19:20:42,2020-05-12 19:24:46
17,0,402,2020-05-12 19:20:43,2020-05-12 19:20:58
122,111,301,2020-05-12 19:20:43,2020-05-12 19:21:05
31,0,0,2020-05-12 19:20:52,2020-05-12 19:31:34
160,0,322,2020-05-12 19:20:55,2020-05-12 19:21:34
33,0,0,2020-05-12 19:20:55,2020-05-12 19:31:23
17,0,401,2020-05-12 19:20:58,2020-05-12 19:21:10
41,72,416,2020-05-12 19:21:00,2020-05-12 19:21:37
122,111,302,2020-05-12 19:21:05,2020-05-12 19:21:19
17,0,301,2020-05-12 19:21:10,2020-05-12 19:24:14
66,0,0,2020-05-12 19:21:10,2020-05-12 19:30:38
84,35,0,2020-05-12 19:21:11,2020-05-12 19:25:55
59,0,0,2020-05-12 19:21:11,2020-05-12 19:31:54
117,0,0,2020-05-12 19:21:14,2020-05-12 19:31:06
69,0,0,2020-05-12 19:21:14,2020-05-12 19:31:24
122,111,121,2020-05-12 19:21:19,2020-05-12 19:30:45
160,0,325,2020-05-12 19:21:34,2020-05-12 19:27:02
72,26,323,2020-05-12 19:21:36,2020-05-12 19:22:13
41,72,415,2020-05-12 19:21:37,2020-05-12 19:22:44
34,0,320,2020-05-12 19:21:38,2020-05-12 19:22:03
9,0,0,2020-05-12 19:21:39,2020-05-12 19:33:08
151,130,0,2020-05-12 19:21:49,2020-05-12 19:24:26
34,0,326,2020-05-12 19:22:03,2020-05-12 19:22:37
72,26,169,2020-05-12 19:22:13,2020-05-12 20:14:48
44,0,0,2020-05-12 19:22:15,2020-05-12 19:31:37
94,0,0,2020-05-12 19:22:18,2020-05-12 19:32:33
3,0,0,2020-05-12 19:22:25,2020-05-12 19:26:54
19,0,0,2020-05-12 19:22:25,2020-05-12 19:31:58
52,0,0,2020-05-12 19:22:27,2020-05-12 19:31:54
140,0,0,2020-05-12 19:22:27,2020-05-12 19:33:38
90,0,0,2020-05-12 19:22:27,2020-05-12 19:31:10
32,0,216,2020-05-12 19:22:28,2020-05-12 19:23:10
34,0,0,2020-05-12 19:22:37,2020-05-12 19:24:25
143,0,0,2020-05-12 19:22:40,2020-05-12 19:33:45
41,72,412,2020-05-12 19:22:44,2020-05-12 19:23:05
147,0,0,2020-05-12 19:22:49,2020-05-12 19:26:37
51,0,0,2020-05-12 19:22:49,2020-05-12 19:32:52
97,0,0,2020-05-12 19:22:51,2020-05-12 19:32:26
6,0,223,2020-05-12 19:22:52,2020-05-12 19:23:04
57,0,0,2020-05-12 19:22:57,2020-05-12 19:34:03
6,0,404,2020-05-12 19:23:04,2020-05-12 19:23:50
5,0,0,2020-05-12 19:23:04,2020-05-12 19:31:34
41,72,236,2020-05-12 19:23:05,2020-05-12 20:10:16
75,142,324,2020-05-12 19:23:08,2020-05-12 19:24:14
55,35,301,2020-05-12 19:23:09,2020-05-12 19:23:21
32,0,407,2020-05-12 19:23:10,2020-05-12 19:23:41
48,0,0,2020-05-12 19:23:20,2020-05-12 19:33:55
55,35,401,2020-05-12 19:23:21,2020-05-12 19:23:36
7,0,0,2020-05-12 19:23:22,2020-05-12 19:33:59
150,137,0,2020-05-12 19:23:23,2020-05-12 19:29:12
54,0,0,2020-05-12 19:23:26,2020-05-12 19:33:26
130,0,0,2020-05-12 19:23:26,2020-05-12 19:32:34
1,0,0,2020-05-12 19:23:26,2020-05-12 19:34:05
126,0,0,2020-05-12 19:23:27,2020-05-12 19:34:04
120,0,0,2020-05-12 19:23:32,2020-05-12 19:32:36
24,0,0,2020-05-12 19:23:35,2020-05-12 19:34:08
55,35,402,2020-05-12 19:23:36,2020-05-12 19:24:02
32,0,406,2020-05-12 19:23:41,2020-05-12 19:24:22
134,0,0,2020-05-12 19:23:42,2020-05-12 19:32:49
6,0,403,2020-05-12 19:23:50,2020-05-12 19:24:17
159,0,0,2020-05-12 19:24:01,2020-05-12 19:35:38
55,35,403,2020-05-12 19:24:02,2020-05-12 19:24:48
75,142,176,2020-05-12 19:24:14,2020-05-12 20:39:29
74,0,0,2020-05-12 19:24:14,2020-05-12 19:33:49
17,0,0,2020-05-12 19:24:14,2020-05-12 19:28:11
128,0,0,2020-05-12 19:24:15,2020-05-12 19:34:00
141,0,0,2020-05-12 19:24:17,2020-05-12 19:35:45
6,0,402,2020-05-12 19:24:17,2020-05-12 19:24:27
99,0,0,2020-05-12 19:24:21,2020-05-12 19:36:08
32,0,405,2020-05-12 19:24:22,2020-05-12 19:24:52
34,0,0,2020-05-12 19:24:25,2020-05-12 19:33:38
151,130,301,2020-05-12 19:24:26,2020-05-12 19:24:37
6,0,401,2020-05-12 19:24:27,2020-05-12 19:24:36
6,0,301,2020-05-12 19:24:36,2020-05-12 19:27:11
151,130,401,2020-05-12 19:24:37,2020-05-12 19:24:51
70,0,0,2020-05-12 19:24:45,2020-05-12 19:33:16
124,127,301,2020-05-12 19:24:46,2020-05-12 19:25:00
13,0,0,2020-05-12 19:24:47,2020-05-12 19:33:37
55,35,404,2020-05-12 19:24:48,2020-05-12 19:25:26
151,130,402,2020-05-12 19:24:51,2020-05-12 19:25:12
37,0,0,2020-05-12 19:24:51,2020-05-12 19:34:38
32,0,404,2020-05-12 19:24:52,2020-05-12 19:25:24
14,0,0,2020-05-12 19:24:55,2020-05-12 19:35:34
131,142,324,2020-05-12 19:24:56,2020-05-12 19:25:52
123,0,209,2020-05-12 19:24:59,2020-05-12 19:25:14
124,127,120,2020-05-12 19:25:00,2020-05-12 19:42:36
151,130,403,2020-05-12 19:25:12,2020-05-12 19:25:31
123,0,405,2020-05-12 19:25:14,2020-05-12 19:25:50
87,0,0,2020-05-12 19:25:14,2020-05-12 19:35:35
110,0,0,2020-05-12 19:25:19,2020-05-12 19:37:26
29,0,202,2020-05-12 19:25:21,2020-05-12 19:25:36
100,0,125,2020-05-12 19:25:21,2020-05-12 19:25:38
135,0,0,2020-05-12 19:25:23,2020-05-12 19:35:05
30,0,0,2020-05-12 19:25:24,2020-05-12 19:35:08
32,0,403,2020-05-12 19:25:24,2020-05-12 19:25:46
55,35,405,2020-05-12 19:25:26,2020-05-12 19:26:12
114,0,0,2020-05-12 19:25:29,2020-05-12 19:32:40
151,130,220,2020-05-12 19:25:31,2020-05-12 20:28:56
103,0,0,2020-05-12 19:25:32,2020-05-12 19:35:39
18,0,0,2020-05-12 19:25:32,2020-05-12 19:35:55
29,0,402,2020-05-12 19:25:36,2020-05-12 19:25:50
92,0,0,2020-05-12 19:25:36,2020-05-12 19:36:53
100,0,304,2020-05-12 19:25:38,2020-05-12 19:26:04
82,0,0,2020-05-12 19:25:39,2020-05-12 19:36:47
18,0,0,2020-05-12 19:25:41,2020-05-12 19:25:32
102,0,0,2020-05-12 19:25:45,2020-05-12 19:37:46
32,0,402,2020-05-12 19:25:46,2020-05-12 19:25:57
62,0,151,2020-05-12 19:25:47,2020-05-12 19:26:29
98,0,0,2020-05-12 19:25:47,2020-05-12 19:35:53
85,0,0,2020-05-12 19:25:48,2020-05-12 19:35:45
123,0,404,2020-05-12 19:25:50,2020-05-12 19:26:21
29,0,401,2020-05-12 19:25:50,2020-05-12 19:26:00
131,142,177,2020-05-12 19:25:52,2020-05-12 19:52:37
84,35,325,2020-05-12 19:25:55,2020-05-12 19:27:08
32,0,401,2020-05-12 19:25:57,2020-05-12 19:26:04
109,0,0,2020-05-12 19:25:59,2020-05-12 19:38:14
29,0,301,2020-05-12 19:26:00,2020-05-12 19:29:23
64,0,0,2020-05-12 19:26:01,2020-05-12 19:36:14
32,0,301,2020-05-12 19:26:04,2020-05-12 19:29:00
100,0,303,2020-05-12 19:26:04,2020-05-12 19:27:23
102,142,313,2020-05-12 19:26:06,2020-05-12 19:26:16
55,35,406,2020-05-12 19:26:12,2020-05-12 19:26:26
102,142,410,2020-05-12 19:26:16,2020-05-12 19:27:43
27,0,0,2020-05-12 19:26:21,2020-05-12 19:37:09
123,0,403,2020-05-12 19:26:21,2020-05-12 19:26:51
55,35,212,2020-05-12 19:26:26,2020-05-12 19:34:03
62,0,309,2020-05-12 19:26:29,2020-05-12 19:26:50
36,0,0,2020-05-12 19:26:34,2020-05-12 19:37:13
147,135,0,2020-05-12 19:26:37,2020-05-12 19:27:34
138,0,0,2020-05-12 19:26:39,2020-05-12 19:36:11
88,41,0,2020-05-12 19:26:42,2020-05-12 19:29:58
20,0,0,2020-05-12 19:26:46,2020-05-12 19:35:12
144,0,0,2020-05-12 19:26:47,2020-05-12 19:36:03
62,0,308,2020-05-12 19:26:50,2020-05-12 19:27:31
123,0,402,2020-05-12 19:26:51,2020-05-12 19:27:06
3,0,0,2020-05-12 19:26:54,2020-05-12 19:37:11
9,0,0,2020-05-12 19:27:01,2020-05-12 19:39:08
160,0,0,2020-05-12 19:27:02,2020-05-12 19:27:07
121,0,0,2020-05-12 19:27:06,2020-05-12 19:37:30
123,0,401,2020-05-12 19:27:06,2020-05-12 19:27:14
160,0,0,2020-05-12 19:27:07,2020-05-12 19:38:05
84,35,421,2020-05-12 19:27:08,2020-05-12 19:27:31
6,0,0,2020-05-12 19:27:11,2020-05-12 19:32:58
110,0,0,2020-05-12 19:27:13,2020-05-12 19:38:51
123,0,301,2020-05-12 19:27:14,2020-05-12 19:30:36
113,0,0,2020-05-12 19:27:15,2020-05-12 19:36:20
67,0,0,2020-05-12 19:27:15,2020-05-12 19:35:17
116,0,0,2020-05-12 19:27:19,2020-05-12 19:36:48
100,0,315,2020-05-12 19:27:23,2020-05-12 19:29:07
86,0,0,2020-05-12 19:27:23,2020-05-12 19:36:20
147,137,127,2020-05-12 19:27:28,2020-05-12 19:27:52
84,35,419,2020-05-12 19:27:31,2020-05-12 19:28:15
62,0,307,2020-05-12 19:27:31,2020-05-12 19:32:05
147,135,326,2020-05-12 19:27:34,2020-05-12 19:27:54
102,142,217,2020-05-12 19:27:43,2020-05-12 18:55:55
147,137,305,2020-05-12 19:27:52,2020-05-12 19:28:27
147,135,320,2020-05-12 19:27:54,2020-05-12 19:29:22
26,0,0,2020-05-12 19:27:55,2020-05-12 19:39:03
89,0,0,2020-05-12 19:27:55,2020-05-12 19:39:18
8,24,0,2020-05-12 19:28:05,2020-05-12 19:28:52
17,0,0,2020-05-12 19:28:11,2020-05-12 19:36:50
77,0,210,2020-05-12 19:28:14,2020-05-12 19:28:39
84,35,253,2020-05-12 19:28:15,2020-05-12 18:47:16
50,0,0,2020-05-12 19:28:21,2020-05-12 19:36:31
147,137,304,2020-05-12 19:28:27,2020-05-12 19:28:55
111,0,0,2020-05-12 19:28:31,2020-05-12 19:38:32
53,0,0,2020-05-12 19:28:36,2020-05-12 19:38:00
56,0,0,2020-05-12 19:28:36,2020-05-12 19:40:50
58,0,0,2020-05-12 19:28:37,2020-05-12 19:37:17
77,0,405,2020-05-12 19:28:39,2020-05-12 19:29:11
129,0,0,2020-05-12 19:28:40,2020-05-12 19:40:49
22,0,0,2020-05-12 19:28:47,2020-05-12 19:38:47
60,0,0,2020-05-12 19:28:49,2020-05-12 19:38:06
8,24,326,2020-05-12 19:28:52,2020-05-12 19:29:14
147,137,303,2020-05-12 19:28:55,2020-05-12 19:29:19
32,0,0,2020-05-12 19:29:00,2020-05-12 19:33:01
28,0,204,2020-05-12 19:29:04,2020-05-12 19:29:19
79,0,0,2020-05-12 19:29:04,2020-05-12 19:38:08
65,0,0,2020-05-12 19:29:07,2020-05-12 19:40:05
100,0,320,2020-05-12 19:29:07,2020-05-12 19:29:27
77,0,404,2020-05-12 19:29:11,2020-05-12 19:30:00
150,137,325,2020-05-12 19:29:12,2020-05-12 19:30:54
84,0,0,2020-05-12 19:29:13,2020-05-12 19:39:02
8,24,320,2020-05-12 19:29:14,2020-05-12 19:30:29
28,0,403,2020-05-12 19:29:19,2020-05-12 19:29:55
147,137,302,2020-05-12 19:29:19,2020-05-12 19:29:50
147,135,315,2020-05-12 19:29:22,2020-05-12 19:30:38
29,0,0,2020-05-12 19:29:23,2020-05-12 19:34:31
119,0,105,2020-05-12 19:29:27,2020-05-12 19:29:56
100,0,326,2020-05-12 19:29:27,2020-05-12 19:30:08
106,0,201,2020-05-12 19:29:29,2020-05-12 19:29:48
101,0,0,2020-05-12 19:29:47,2020-05-12 19:39:28
106,0,401,2020-05-12 19:29:48,2020-05-12 19:29:58
147,137,301,2020-05-12 19:29:50,2020-05-12 19:30:02
34,0,0,2020-05-12 19:29:54,2020-05-12 19:42:05
28,0,402,2020-05-12 19:29:55,2020-05-12 19:30:09
119,0,315,2020-05-12 19:29:56,2020-05-12 19:31:08
106,0,301,2020-05-12 19:29:58,2020-05-12 19:32:37
88,41,312,2020-05-12 19:29:58,2020-05-12 19:30:55
15,0,0,2020-05-12 19:29:58,2020-05-12 19:41:27
11,0,0,2020-05-12 19:30:00,2020-05-12 19:39:50
77,0,403,2020-05-12 19:30:00,2020-05-12 19:30:21
95,0,0,2020-05-12 19:30:01,2020-05-12 19:40:06
147,137,401,2020-05-12 19:30:02,2020-05-12 19:30:17
63,0,0,2020-05-12 19:30:08,2020-05-12 19:42:38
100,0,0,2020-05-12 19:30:08,2020-05-12 19:35:14
42,19,0,2020-05-12 19:30:09,2020-05-12 19:32:38
28,0,401,2020-05-12 19:30:09,2020-05-12 19:30:19
115,0,0,2020-05-12 19:30:14,2020-05-12 19:38:53
147,137,402,2020-05-12 19:30:17,2020-05-12 19:30:42
28,0,301,2020-05-12 19:30:19,2020-05-12 19:32:26
77,0,402,2020-05-12 19:30:21,2020-05-12 19:30:36
16,0,234,2020-05-12 19:30:29,2020-05-12 19:30:47
8,24,315,2020-05-12 19:30:29,2020-05-12 19:30:45
77,0,401,2020-05-12 19:30:36,2020-05-12 19:30:45
112,0,0,2020-05-12 19:30:36,2020-05-12 19:41:12
123,0,0,2020-05-12 19:30:36,2020-05-12 19:32:51
66,0,0,2020-05-12 19:30:38,2020-05-12 19:42:53
147,135,303,2020-05-12 19:30:38,2020-05-12 19:31:08
147,137,403,2020-05-12 19:30:42,2020-05-12 19:31:05
77,0,301,2020-05-12 19:30:45,2020-05-12 19:34:35
122,0,121,2020-05-12 19:30:45,2020-05-12 19:31:03
8,24,314,2020-05-12 19:30:45,2020-05-12 19:31:00
16,0,411,2020-05-12 19:30:47,2020-05-12 19:31:14
150,137,421,2020-05-12 19:30:54,2020-05-12 19:31:48
88,41,308,2020-05-12 19:30:55,2020-05-12 19:31:22
8,24,103,2020-05-12 19:31:00,2020-05-12 18:22:39
122,0,302,2020-05-12 19:31:03,2020-05-12 19:31:28
43,0,0,2020-05-12 19:31:04,2020-05-12 19:42:26
147,137,220,2020-05-12 19:31:05,2020-05-12 20:10:07
117,0,0,2020-05-12 19:31:06,2020-05-12 19:40:20
147,135,304,2020-05-12 19:31:08,2020-05-12 19:31:44
119,0,320,2020-05-12 19:31:08,2020-05-12 19:31:36
90,0,0,2020-05-12 19:31:10,2020-05-12 19:40:26
156,0,0,2020-05-12 19:31:12,2020-05-12 19:42:19
16,0,412,2020-05-12 19:31:14,2020-05-12 19:32:33
88,41,309,2020-05-12 19:31:22,2020-05-12 19:31:32
33,0,0,2020-05-12 19:31:23,2020-05-12 19:41:24
69,0,0,2020-05-12 19:31:24,2020-05-12 19:42:43
122,0,301,2020-05-12 19:31:28,2020-05-12 19:34:35
88,41,310,2020-05-12 19:31:32,2020-05-12 19:32:27
5,0,0,2020-05-12 19:31:34,2020-05-12 19:40:10
31,0,0,2020-05-12 19:31:34,2020-05-12 19:42:21
119,0,326,2020-05-12 19:31:36,2020-05-12 19:32:22
44,0,0,2020-05-12 19:31:37,2020-05-12 19:43:05
147,135,305,2020-05-12 19:31:44,2020-05-12 19:31:59
150,137,252,2020-05-12 19:31:48,2020-05-12 20:44:00
59,0,0,2020-05-12 19:31:54,2020-05-12 19:41:19
52,0,0,2020-05-12 19:31:54,2020-05-12 19:41:53
8,0,0,2020-05-12 19:31:56,2020-05-12 19:42:25
19,0,0,2020-05-12 19:31:58,2020-05-12 19:40:55
147,135,127,2020-05-12 19:31:59,2020-05-12 19:27:28
62,0,0,2020-05-12 19:32:05,2020-05-12 19:34:43
119,0,0,2020-05-12 19:32:22,2020-05-12 19:38:12
12,0,128,2020-05-12 19:32:25,2020-05-12 19:32:54
97,142,0,2020-05-12 19:32:26,2020-05-12 19:39:18
28,0,0,2020-05-12 19:32:26,2020-05-12 19:38:34
88,41,161,2020-05-12 19:32:27,2020-05-12 19:37:38
94,0,0,2020-05-12 19:32:33,2020-05-12 19:43:11
16,0,403,2020-05-12 19:32:33,2020-05-12 19:33:00
130,0,0,2020-05-12 19:32:34,2020-05-12 19:41:14
120,0,0,2020-05-12 19:32:36,2020-05-12 19:42:08
106,0,0,2020-05-12 19:32:37,2020-05-12 19:39:55
42,19,301,2020-05-12 19:32:38,2020-05-12 19:32:51
114,0,0,2020-05-12 19:32:40,2020-05-12 19:43:01
134,0,0,2020-05-12 19:32:49,2020-05-12 19:42:43
42,19,401,2020-05-12 19:32:51,2020-05-12 19:33:05
123,0,0,2020-05-12 19:32:51,2020-05-12 19:43:58
51,0,0,2020-05-12 19:32:52,2020-05-12 19:41:56
12,0,306,2020-05-12 19:32:54,2020-05-12 19:38:02
6,0,0,2020-05-12 19:32:58,2020-05-12 19:43:21
16,0,402,2020-05-12 19:33:00,2020-05-12 19:33:15
32,0,0,2020-05-12 19:33:01,2020-05-12 19:43:09
42,19,402,2020-05-12 19:33:05,2020-05-12 19:33:33
9,0,0,2020-05-12 19:33:08,2020-05-12 19:41:42
16,0,401,2020-05-12 19:33:15,2020-05-12 19:33:25
70,90,0,2020-05-12 19:33:16,2020-05-12 19:34:59
16,0,301,2020-05-12 19:33:25,2020-05-12 19:36:47
54,0,0,2020-05-12 19:33:26,2020-05-12 19:43:48
68,0,171,2020-05-12 19:33:33,2020-05-12 19:33:49
42,19,403,2020-05-12 19:33:33,2020-05-12 19:34:08
13,0,0,2020-05-12 19:33:37,2020-05-12 19:43:02
34,54,0,2020-05-12 19:33:38,2020-05-12 19:40:37
140,0,0,2020-05-12 19:33:38,2020-05-12 19:45:26
143,0,0,2020-05-12 19:33:45,2020-05-12 19:43:39
74,0,0,2020-05-12 19:33:49,2020-05-12 19:44:13
68,0,322,2020-05-12 19:33:49,2020-05-12 19:34:48
48,0,0,2020-05-12 19:33:55,2020-05-12 19:44:41
7,0,0,2020-05-12 19:33:59,2020-05-12 19:42:29
128,140,0,2020-05-12 19:34:00,2020-05-12 19:44:39
57,0,0,2020-05-12 19:34:03,2020-05-12 19:44:13
55,0,212,2020-05-12 19:34:03,2020-05-12 19:34:16
126,109,0,2020-05-12 19:34:04,2020-05-12 19:34:49
1,0,0,2020-05-12 19:34:05,2020-05-12 19:44:01
24,0,0,2020-05-12 19:34:08,2020-05-12 19:43:38
42,19,404,2020-05-12 19:34:08,2020-05-12 19:34:38
55,0,406,2020-05-12 19:34:16,2020-05-12 19:35:01
29,0,0,2020-05-12 19:34:31,2020-05-12 19:45:37
77,0,0,2020-05-12 19:34:35,2020-05-12 19:36:49
122,0,0,2020-05-12 19:34:35,2020-05-12 19:40:14
37,0,0,2020-05-12 19:34:38,2020-05-12 19:45:43
42,19,405,2020-05-12 19:34:38,2020-05-12 19:35:11
62,0,0,2020-05-12 19:34:43,2020-05-12 19:45:06
68,0,325,2020-05-12 19:34:48,2020-05-12 19:39:57
126,109,326,2020-05-12 19:34:49,2020-05-12 19:35:08
70,90,301,2020-05-12 19:34:59,2020-05-12 19:35:09
55,0,405,2020-05-12 19:35:01,2020-05-12 19:35:30
135,0,0,2020-05-12 19:35:05,2020-05-12 19:45:39
126,109,320,2020-05-12 19:35:08,2020-05-12 19:36:20
30,0,0,2020-05-12 19:35:08,2020-05-12 19:45:00
70,90,401,2020-05-12 19:35:09,2020-05-12 19:35:30
42,19,211,2020-05-12 19:35:11,2020-05-12 20:27:40
20,0,0,2020-05-12 19:35:12,2020-05-12 19:45:28
100,0,0,2020-05-12 19:35:14,2020-05-12 19:44:26
67,0,0,2020-05-12 19:35:17,2020-05-12 19:44:30
139,142,143,2020-05-12 19:35:21,2020-05-12 19:37:01
55,0,404,2020-05-12 19:35:30,2020-05-12 19:36:14
70,90,402,2020-05-12 19:35:30,2020-05-12 19:35:58
14,0,0,2020-05-12 19:35:34,2020-05-12 19:46:55
87,0,0,2020-05-12 19:35:35,2020-05-12 19:47:03
159,-1,0,2020-05-12 19:35:38,2020-05-12 23:59:59
103,0,0,2020-05-12 19:35:39,2020-05-12 19:45:13
141,0,0,2020-05-12 19:35:45,2020-05-12 19:47:04
85,142,0,2020-05-12 19:35:45,2020-05-12 19:42:37
98,0,0,2020-05-12 19:35:53,2020-05-12 19:44:12
18,0,0,2020-05-12 19:35:55,2020-05-12 19:48:17
70,90,403,2020-05-12 19:35:58,2020-05-12 19:36:52
144,0,0,2020-05-12 19:36:03,2020-05-12 19:44:59
99,0,0,2020-05-12 19:36:08,2020-05-12 19:46:16
138,0,0,2020-05-12 19:36:11,2020-05-12 19:48:36
64,0,0,2020-05-12 19:36:14,2020-05-12 19:47:03
55,0,403,2020-05-12 19:36:14,2020-05-12 19:36:42
113,0,0,2020-05-12 19:36:20,2020-05-12 19:45:56
126,109,315,2020-05-12 19:36:20,2020-05-12 19:36:50
86,0,0,2020-05-12 19:36:20,2020-05-12 19:47:11
50,0,0,2020-05-12 19:36:31,2020-05-12 19:45:03
55,0,402,2020-05-12 19:36:42,2020-05-12 19:36:57
16,0,0,2020-05-12 19:36:47,2020-05-12 19:40:12
82,0,0,2020-05-12 19:36:47,2020-05-12 19:48:07
116,0,0,2020-05-12 19:36:48,2020-05-12 19:48:20
77,0,0,2020-05-12 19:36:49,2020-05-12 19:46:30
126,109,316,2020-05-12 19:36:50,2020-05-12 19:37:21
17,140,0,2020-05-12 19:36:50,2020-05-12 19:43:42
70,90,404,2020-05-12 19:36:52,2020-05-12 19:37:10
92,0,0,2020-05-12 19:36:53,2020-05-12 19:47:03
55,0,401,2020-05-12 19:36:57,2020-05-12 19:37:09
139,142,321,2020-05-12 19:37:01,2020-05-12 19:38:54
108,0,313,2020-05-12 19:37:04,2020-05-12 19:46:48
108,0,162,2020-05-12 19:37:04,2020-05-12 19:37:04
55,0,301,2020-05-12 19:37:09,2020-05-12 19:40:13
27,0,0,2020-05-12 19:37:09,2020-05-12 19:48:14
70,90,223,2020-05-12 19:37:10,2020-05-12 20:04:15
3,0,0,2020-05-12 19:37:11,2020-05-12 19:48:40
36,0,0,2020-05-12 19:37:13,2020-05-12 19:48:38
58,0,0,2020-05-12 19:37:17,2020-05-12 19:47:49
126,109,317,2020-05-12 19:37:21,2020-05-12 19:39:25
110,100,0,2020-05-12 19:37:26,2020-05-12 19:38:07
121,0,0,2020-05-12 19:37:30,2020-05-12 19:48:24
88,0,161,2020-05-12 19:37:38,2020-05-12 19:38:26
102,0,0,2020-05-12 19:37:46,2020-05-12 19:47:29
53,0,0,2020-05-12 19:38:00,2020-05-12 19:49:18
12,0,0,2020-05-12 19:38:02,2020-05-12 19:41:24
160,0,0,2020-05-12 19:38:05,2020-05-12 19:47:28
60,0,0,2020-05-12 19:38:06,2020-05-12 19:47:06
110,100,326,2020-05-12 19:38:07,2020-05-12 19:38:25
79,0,0,2020-05-12 19:38:08,2020-05-12 19:48:08
119,0,0,2020-05-12 19:38:12,2020-05-12 19:49:02
109,0,0,2020-05-12 19:38:14,2020-05-12 19:49:05
118,0,169,2020-05-12 19:38:16,2020-05-12 19:38:45
110,100,320,2020-05-12 19:38:25,2020-05-12 19:39:45
88,0,310,2020-05-12 19:38:26,2020-05-12 19:38:31
88,0,309,2020-05-12 19:38:31,2020-05-12 19:39:05
111,0,0,2020-05-12 19:38:32,2020-05-12 19:48:40
28,0,0,2020-05-12 19:38:34,2020-05-12 19:47:39
81,0,124,2020-05-12 19:38:40,2020-05-12 19:39:00
118,0,323,2020-05-12 19:38:45,2020-05-12 19:39:07
22,0,0,2020-05-12 19:38:47,2020-05-12 19:48:17
110,0,0,2020-05-12 19:38:51,2020-05-12 19:48:11
115,0,0,2020-05-12 19:38:53,2020-05-12 19:50:39
139,142,322,2020-05-12 19:38:54,2020-05-12 19:39:14
81,0,304,2020-05-12 19:39:00,2020-05-12 19:39:30
84,0,0,2020-05-12 19:39:02,2020-05-12 19:48:20
26,0,0,2020-05-12 19:39:03,2020-05-12 19:47:13
88,0,308,2020-05-12 19:39:05,2020-05-12 19:39:35
118,0,322,2020-05-12 19:39:07,2020-05-12 19:39:57
9,90,0,2020-05-12 19:39:08,2020-05-12 19:40:07
139,142,323,2020-05-12 19:39:14,2020-05-12 19:40:30
89,0,0,2020-05-12 19:39:18,2020-05-12 19:48:59
97,142,324,2020-05-12 19:39:18,2020-05-12 19:40:14
126,109,319,2020-05-12 19:39:25,2020-05-12 19:40:33
101,0,0,2020-05-12 19:39:28,2020-05-12 19:49:42
81,0,303,2020-05-12 19:39:30,2020-05-12 19:39:53
88,0,307,2020-05-12 19:39:35,2020-05-12 19:46:02
110,100,315,2020-05-12 19:39:45,2020-05-12 19:41:37
11,0,0,2020-05-12 19:39:50,2020-05-12 19:51:48
10,0,102,2020-05-12 19:39:50,2020-05-12 19:40:17
81,0,302,2020-05-12 19:39:53,2020-05-12 19:40:20
106,0,0,2020-05-12 19:39:55,2020-05-12 19:50:32
68,0,0,2020-05-12 19:39:57,2020-05-12 19:41:12
118,0,325,2020-05-12 19:39:57,2020-05-12 19:44:07
65,0,0,2020-05-12 19:40:05,2020-05-12 19:48:45
95,0,0,2020-05-12 19:40:06,2020-05-12 19:50:47
9,90,326,2020-05-12 19:40:07,2020-05-12 19:40:29
5,0,0,2020-05-12 19:40:10,2020-05-12 19:48:53
16,43,0,2020-05-12 19:40:12,2020-05-12 19:42:19
55,0,0,2020-05-12 19:40:13,2020-05-12 19:43:30
122,0,0,2020-05-12 19:40:14,2020-05-12 19:51:05
97,142,177,2020-05-12 19:40:14,2020-05-12 20:19:14
10,0,326,2020-05-12 19:40:17,2020-05-12 19:41:11
81,0,301,2020-05-12 19:40:20,2020-05-12 19:42:47
117,0,0,2020-05-12 19:40:20,2020-05-12 19:48:04
90,0,0,2020-05-12 19:40:26,2020-05-12 19:52:01
9,90,320,2020-05-12 19:40:29,2020-05-12 19:41:44
139,142,324,2020-05-12 19:40:30,2020-05-12 19:42:54
126,109,318,2020-05-12 19:40:33,2020-05-12 19:40:50
34,54,162,2020-05-12 19:40:37,2020-05-12 18:16:48
34,54,313,2020-05-12 19:40:37,2020-05-12 19:40:37
129,0,0,2020-05-12 19:40:49,2020-05-12 19:52:05
126,109,155,2020-05-12 19:40:50,2020-05-12 20:01:38
56,0,0,2020-05-12 19:40:50,2020-05-12 19:50:23
19,0,0,2020-05-12 19:40:55,2020-05-12 19:50:58
10,0,0,2020-05-12 19:41:11,2020-05-12 19:49:31
68,0,0,2020-05-12 19:41:12,2020-05-12 19:51:32
112,0,0,2020-05-12 19:41:12,2020-05-12 19:52:10
130,140,0,2020-05-12 19:41:14,2020-05-12 19:51:52
59,0,0,2020-05-12 19:41:19,2020-05-12 19:50:55
12,0,0,2020-05-12 19:41:24,2020-05-12 19:50:52
33,0,0,2020-05-12 19:41:24,2020-05-12 19:50:35
15,0,0,2020-05-12 19:41:27,2020-05-12 19:50:21
110,100,303,2020-05-12 19:41:37,2020-05-12 19:42:06
9,0,0,2020-05-12 19:41:42,2020-05-12 19:51:13
9,90,315,2020-05-12 19:41:44,2020-05-12 19:43:02
52,43,0,2020-05-12 19:41:53,2020-05-12 19:42:49
51,0,0,2020-05-12 19:41:56,2020-05-12 19:50:51
34,0,0,2020-05-12 19:42:05,2020-05-12 19:51:48
110,100,304,2020-05-12 19:42:06,2020-05-12 19:42:24
120,0,0,2020-05-12 19:42:08,2020-05-12 19:52:21
156,0,0,2020-05-12 19:42:19,2020-05-12 19:52:58
16,43,301,2020-05-12 19:42:19,2020-05-12 19:42:32
31,0,0,2020-05-12 19:42:21,2020-05-12 19:51:44
110,100,136,2020-05-12 19:42:24,2020-05-12 19:08:37
8,0,0,2020-05-12 19:42:25,2020-05-12 19:53:43
43,0,0,2020-05-12 19:42:26,2020-05-12 19:52:11
7,0,0,2020-05-12 19:42:29,2020-05-12 19:52:45
16,43,401,2020-05-12 19:42:32,2020-05-12 19:42:47
124,0,120,2020-05-12 19:42:36,2020-05-12 19:42:53
85,142,324,2020-05-12 19:42:37,2020-05-12 19:43:33
63,0,0,2020-05-12 19:42:38,2020-05-12 19:52:59
69,0,0,2020-05-12 19:42:43,2020-05-12 19:52:47
134,0,0,2020-05-12 19:42:43,2020-05-12 19:52:46
16,43,402,2020-05-12 19:42:47,2020-05-12 19:43:17
81,0,0,2020-05-12 19:42:47,2020-05-12 19:48:14
52,43,326,2020-05-12 19:42:49,2020-05-12 19:43:07
124,0,301,2020-05-12 19:42:53,2020-05-12 19:45:47
66,0,0,2020-05-12 19:42:53,2020-05-12 19:51:57
139,142,313,2020-05-12 19:42:54,2020-05-12 19:43:04
114,0,0,2020-05-12 19:43:01,2020-05-12 19:53:05
9,90,303,2020-05-12 19:43:02,2020-05-12 19:43:26
13,0,0,2020-05-12 19:43:02,2020-05-12 19:53:35
139,142,410,2020-05-12 19:43:04,2020-05-12 19:43:32
44,0,0,2020-05-12 19:43:05,2020-05-12 19:51:59
52,43,320,2020-05-12 19:43:07,2020-05-12 19:44:44
32,0,0,2020-05-12 19:43:09,2020-05-12 19:53:59
94,0,0,2020-05-12 19:43:11,2020-05-12 19:52:10
16,43,403,2020-05-12 19:43:17,2020-05-12 19:43:52
6,0,0,2020-05-12 19:43:21,2020-05-12 19:53:14
9,90,304,2020-05-12 19:43:26,2020-05-12 19:43:39
55,142,0,2020-05-12 19:43:30,2020-05-12 19:54:09
139,142,215,2020-05-12 19:43:32,2020-05-12 20:25:31
85,142,177,2020-05-12 19:43:33,2020-05-12 20:40:13
24,0,0,2020-05-12 19:43:38,2020-05-12 19:54:20
143,0,0,2020-05-12 19:43:39,2020-05-12 19:55:25
9,90,125,2020-05-12 19:43:39,2020-05-12 19:12:12
17,140,324,2020-05-12 19:43:42,2020-05-12 19:44:38
54,0,0,2020-05-12 19:43:48,2020-05-12 19:51:52
16,43,404,2020-05-12 19:43:52,2020-05-12 19:44:22
133,0,172,2020-05-12 19:43:55,2020-05-12 19:44:23
123,0,0,2020-05-12 19:43:58,2020-05-12 19:54:40
1,0,0,2020-05-12 19:44:01,2020-05-12 19:53:41
118,0,0,2020-05-12 19:44:07,2020-05-12 19:47:48
157,-1,106,2020-05-12 19:44:09,2020-05-12 19:44:29
98,0,0,2020-05-12 19:44:12,2020-05-12 19:54:01
74,0,0,2020-05-12 19:44:13,2020-05-12 19:53:29
57,0,0,2020-05-12 19:44:13,2020-05-12 19:52:17
16,43,405,2020-05-12 19:44:22,2020-05-12 19:45:10
133,0,323,2020-05-12 19:44:23,2020-05-12 19:44:43
100,0,0,2020-05-12 19:44:26,2020-05-12 19:54:06
157,-1,316,2020-05-12 19:44:29,2020-05-12 19:45:05
67,0,0,2020-05-12 19:44:30,2020-05-12 19:53:16
17,140,177,2020-05-12 19:44:38,2020-05-12 20:34:25
128,140,313,2020-05-12 19:44:39,2020-05-12 19:44:51
48,0,0,2020-05-12 19:44:41,2020-05-12 19:53:44
133,0,322,2020-05-12 19:44:43,2020-05-12 19:45:23
52,43,315,2020-05-12 19:44:44,2020-05-12 19:45:17
128,140,410,2020-05-12 19:44:51,2020-05-12 19:45:21
153,0,117,2020-05-12 19:44:57,2020-05-12 19:45:37
144,0,0,2020-05-12 19:44:59,2020-05-12 19:55:01
30,0,0,2020-05-12 19:45:00,2020-05-12 19:53:45
50,0,0,2020-05-12 19:45:03,2020-05-12 19:54:45
157,-1,315,2020-05-12 19:45:05,2020-05-12 19:46:44
62,0,0,2020-05-12 19:45:06,2020-05-12 19:54:55
16,43,406,2020-05-12 19:45:10,2020-05-12 19:45:39
103,0,0,2020-05-12 19:45:13,2020-05-12 19:54:22
52,43,316,2020-05-12 19:45:17,2020-05-12 19:45:54
128,140,215,2020-05-12 19:45:21,2020-05-12 20:20:30
133,0,325,2020-05-12 19:45:23,2020-05-12 19:49:46
140,0,0,2020-05-12 19:45:26,2020-05-12 19:56:41
20,0,0,2020-05-12 19:45:28,2020-05-12 19:56:01
29,0,0,2020-05-12 19:45:37,2020-05-12 19:54:36
153,0,315,2020-05-12 19:45:37,2020-05-12 19:47:08
16,43,227,2020-05-12 19:45:39,2020-05-12 19:53:52
135,0,0,2020-05-12 19:45:39,2020-05-12 19:57:15
37,0,0,2020-05-12 19:45:43,2020-05-12 19:56:18
124,0,0,2020-05-12 19:45:47,2020-05-12 19:51:54
52,43,317,2020-05-12 19:45:54,2020-05-12 19:47:50
113,0,0,2020-05-12 19:45:56,2020-05-12 19:56:58
76,0,229,2020-05-12 19:45:57,2020-05-12 19:46:25
88,0,0,2020-05-12 19:46:02,2020-05-12 19:46:36
99,0,0,2020-05-12 19:46:16,2020-05-12 19:56:45
76,0,411,2020-05-12 19:46:25,2020-05-12 19:46:49
77,0,0,2020-05-12 19:46:30,2020-05-12 19:56:16
88,0,0,2020-05-12 19:46:36,2020-05-12 19:55:43
157,-1,320,2020-05-12 19:46:44,2020-05-12 19:47:01
108,0,0,2020-05-12 19:46:47,2020-05-12 19:56:01
108,0,0,2020-05-12 19:46:48,2020-05-12 19:46:47
76,0,412,2020-05-12 19:46:49,2020-05-12 19:48:13
14,0,0,2020-05-12 19:46:55,2020-05-12 19:55:54
157,-1,326,2020-05-12 19:47:01,2020-05-12 19:47:51
92,0,0,2020-05-12 19:47:03,2020-05-12 19:56:23
87,0,0,2020-05-12 19:47:03,2020-05-12 19:57:47
64,0,0,2020-05-12 19:47:03,2020-05-12 19:57:37
141,0,0,2020-05-12 19:47:04,2020-05-12 19:57:33
60,0,0,2020-05-12 19:47:06,2020-05-12 19:58:02
153,0,320,2020-05-12 19:47:08,2020-05-12 19:47:25
86,0,0,2020-05-12 19:47:11,2020-05-12 19:58:30
26,0,0,2020-05-12 19:47:13,2020-05-12 19:57:59
153,0,326,2020-05-12 19:47:25,2020-05-12 19:48:07
160,0,0,2020-05-12 19:47:28,2020-05-12 19:56:12
102,0,0,2020-05-12 19:47:29,2020-05-12 19:56:28
28,0,0,2020-05-12 19:47:39,2020-05-12 19:58:24
118,0,0,2020-05-12 19:47:48,2020-05-12 19:57:06
58,0,0,2020-05-12 19:47:49,2020-05-12 19:59:16
52,43,319,2020-05-12 19:47:50,2020-05-12 19:48:27
157,-1,0,2020-05-12 19:47:51,2020-05-12 23:59:59
117,0,0,2020-05-12 19:48:04,2020-05-12 19:57:38
153,0,0,2020-05-12 19:48:07,2020-05-12 19:56:03
82,0,0,2020-05-12 19:48:07,2020-05-12 19:58:34
79,0,0,2020-05-12 19:48:08,2020-05-12 19:57:37
110,0,0,2020-05-12 19:48:11,2020-05-12 19:58:46
76,0,403,2020-05-12 19:48:13,2020-05-12 19:48:38
27,0,0,2020-05-12 19:48:14,2020-05-12 19:59:20
81,0,0,2020-05-12 19:48:14,2020-05-12 19:56:58
18,0,0,2020-05-12 19:48:17,2020-05-12 19:58:39
22,0,0,2020-05-12 19:48:17,2020-05-12 19:56:58
116,0,0,2020-05-12 19:48:20,2020-05-12 19:58:55
84,0,0,2020-05-12 19:48:20,2020-05-12 19:58:36
121,0,0,2020-05-12 19:48:24,2020-05-12 19:58:24
52,43,318,2020-05-12 19:48:27,2020-05-12 19:48:42
138,0,0,2020-05-12 19:48:36,2020-05-12 19:58:24
76,0,402,2020-05-12 19:48:38,2020-05-12 19:49:00
36,0,0,2020-05-12 19:48:38,2020-05-12 19:58:05
111,0,0,2020-05-12 19:48:40,2020-05-12 19:58:46
3,0,0,2020-05-12 19:48:40,2020-05-12 19:58:21
52,43,156,2020-05-12 19:48:42,2020-05-12 20:18:29
65,0,0,2020-05-12 19:48:45,2020-05-12 19:58:25
5,0,0,2020-05-12 19:48:53,2020-05-12 19:57:52
89,0,0,2020-05-12 19:48:59,2020-05-12 19:59:43
76,0,401,2020-05-12 19:49:00,2020-05-12 19:49:07
119,0,0,2020-05-12 19:49:02,2020-05-12 19:58:06
109,0,0,2020-05-12 19:49:05,2020-05-12 19:57:57
76,0,301,2020-05-12 19:49:07,2020-05-12 19:53:10
61,0,254,2020-05-12 19:49:17,2020-05-12 19:49:51
53,0,0,2020-05-12 19:49:18,2020-05-12 20:00:05
10,0,0,2020-05-12 19:49:31,2020-05-12 20:01:22
101,0,0,2020-05-12 19:49:42,2020-05-12 20:00:07
133,0,0,2020-05-12 19:49:46,2020-05-12 19:54:34
61,0,418,2020-05-12 19:49:51,2020-05-12 19:49:59
61,0,419,2020-05-12 19:49:59,2020-05-12 19:50:21
127,0,156,2020-05-12 19:49:59,2020-05-12 19:50:14
127,0,318,2020-05-12 19:50:14,2020-05-12 19:50:54
61,0,421,2020-05-12 19:50:21,2020-05-12 19:52:30
15,0,0,2020-05-12 19:50:21,2020-05-12 19:59:45
56,0,0,2020-05-12 19:50:23,2020-05-12 20:00:17
106,0,0,2020-05-12 19:50:32,2020-05-12 20:01:38
33,0,0,2020-05-12 19:50:35,2020-05-12 20:01:22
115,0,0,2020-05-12 19:50:39,2020-05-12 20:02:09
95,0,0,2020-05-12 19:50:47,2020-05-12 20:02:01
51,0,0,2020-05-12 19:50:51,2020-05-12 20:00:14
12,0,0,2020-05-12 19:50:52,2020-05-12 20:00:21
127,0,319,2020-05-12 19:50:54,2020-05-12 19:53:06
59,0,0,2020-05-12 19:50:55,2020-05-12 20:02:29
19,0,0,2020-05-12 19:50:58,2020-05-12 20:01:19
122,0,0,2020-05-12 19:51:05,2020-05-12 20:02:05
9,0,0,2020-05-12 19:51:13,2020-05-12 20:01:32
68,0,0,2020-05-12 19:51:32,2020-05-12 20:02:09
31,0,0,2020-05-12 19:51:44,2020-05-12 20:00:39
34,0,0,2020-05-12 19:51:48,2020-05-12 20:01:31
11,0,0,2020-05-12 19:51:48,2020-05-12 20:01:39
54,0,0,2020-05-12 19:51:52,2020-05-12 19:59:32
130,140,313,2020-05-12 19:51:52,2020-05-12 19:52:56
124,0,0,2020-05-12 19:51:54,2020-05-12 20:02:56
66,0,0,2020-05-12 19:51:57,2020-05-12 20:02:53
44,0,0,2020-05-12 19:51:59,2020-05-12 20:03:22
90,0,0,2020-05-12 19:52:01,2020-05-12 20:01:35
129,0,0,2020-05-12 19:52:05,2020-05-12 20:00:57
94,0,0,2020-05-12 19:52:10,2020-05-12 20:02:48
112,0,0,2020-05-12 19:52:10,2020-05-12 20:01:53
43,0,0,2020-05-12 19:52:11,2020-05-12 20:02:41
57,0,0,2020-05-12 19:52:17,2020-05-12 20:03:42
120,0,0,2020-05-12 19:52:21,2020-05-12 20:02:35
61,0,325,2020-05-12 19:52:30,2020-05-12 19:57:14
131,0,177,2020-05-12 19:52:37,2020-05-12 19:53:29
7,0,0,2020-05-12 19:52:45,2020-05-12 20:03:09
134,0,0,2020-05-12 19:52:46,2020-05-12 20:02:26
69,0,0,2020-05-12 19:52:47,2020-05-12 20:02:37
130,140,163,2020-05-12 19:52:56,2020-05-12 20:37:21
156,0,0,2020-05-12 19:52:58,2020-05-12 20:04:52
63,0,0,2020-05-12 19:52:59,2020-05-12 20:02:23
114,0,0,2020-05-12 19:53:05,2020-05-12 20:03:43
127,0,317,2020-05-12 19:53:06,2020-05-12 19:53:41
76,0,0,2020-05-12 19:53:10,2020-05-12 19:56:29
6,0,0,2020-05-12 19:53:14,2020-05-12 20:02:23
67,0,0,2020-05-12 19:53:16,2020-05-12 20:03:13
39,0,102,2020-05-12 19:53:29,2020-05-12 19:53:56
131,0,324,2020-05-12 19:53:29,2020-05-12 19:59:07
74,0,0,2020-05-12 19:53:29,2020-05-12 20:02:54
13,0,0,2020-05-12 19:53:35,2020-05-12 20:03:14
1,0,0,2020-05-12 19:53:41,2020-05-12 20:02:58
127,0,316,2020-05-12 19:53:41,2020-05-12 19:54:24
8,0,0,2020-05-12 19:53:43,2020-05-12 20:01:53
48,0,0,2020-05-12 19:53:44,2020-05-12 20:02:50
30,0,0,2020-05-12 19:53:45,2020-05-12 20:03:52
16,0,227,2020-05-12 19:53:52,2020-05-12 19:54:20
39,0,326,2020-05-12 19:53:56,2020-05-12 19:54:50
32,0,0,2020-05-12 19:53:59,2020-05-12 20:04:36
98,0,0,2020-05-12 19:54:01,2020-05-12 20:03:26
78,0,243,2020-05-12 19:54:03,2020-05-12 19:54:42
100,0,0,2020-05-12 19:54:06,2020-05-12 20:01:56
55,142,313,2020-05-12 19:54:09,2020-05-12 19:54:21
24,0,0,2020-05-12 19:54:20,2020-05-12 20:04:42
16,0,406,2020-05-12 19:54:20,2020-05-12 19:55:08
55,142,410,2020-05-12 19:54:21,2020-05-12 19:54:51
103,0,0,2020-05-12 19:54:22,2020-05-12 20:03:36
127,0,315,2020-05-12 19:54:24,2020-05-12 19:55:56
133,0,0,2020-05-12 19:54:34,2020-05-12 20:05:15
29,0,0,2020-05-12 19:54:36,2020-05-12 20:05:01
123,0,0,2020-05-12 19:54:40,2020-05-12 20:06:18
78,0,416,2020-05-12 19:54:42,2020-05-12 19:55:18
50,0,0,2020-05-12 19:54:45,2020-05-12 20:04:31
39,0,0,2020-05-12 19:54:50,2020-05-12 20:02:33
55,142,215,2020-05-12 19:54:51,2020-05-12 20:53:06
46,0,105,2020-05-12 19:54:51,2020-05-12 19:55:20
62,0,0,2020-05-12 19:54:55,2020-05-12 20:06:21
144,0,0,2020-05-12 19:55:01,2020-05-12 20:05:09
16,0,405,2020-05-12 19:55:08,2020-05-12 19:55:32
78,0,415,2020-05-12 19:55:18,2020-05-12 19:56:22
46,0,315,2020-05-12 19:55:20,2020-05-12 19:56:32
143,0,0,2020-05-12 19:55:25,2020-05-12 20:04:32
16,0,404,2020-05-12 19:55:32,2020-05-12 19:56:19
88,0,0,2020-05-12 19:55:43,2020-05-12 20:05:56
14,0,0,2020-05-12 19:55:54,2020-05-12 20:05:37
127,0,320,2020-05-12 19:55:56,2020-05-12 19:56:11
20,0,0,2020-05-12 19:56:01,2020-05-12 20:05:42
108,0,0,2020-05-12 19:56:01,2020-05-12 20:07:52
153,0,0,2020-05-12 19:56:03,2020-05-12 20:06:17
127,0,326,2020-05-12 19:56:11,2020-05-12 19:56:54
160,0,0,2020-05-12 19:56:12,2020-05-12 20:05:58
77,0,0,2020-05-12 19:56:16,2020-05-12 20:04:52
37,0,0,2020-05-12 19:56:18,2020-05-12 20:06:53
16,0,403,2020-05-12 19:56:19,2020-05-12 19:56:43
78,0,412,2020-05-12 19:56:22,2020-05-12 19:57:52
92,0,0,2020-05-12 19:56:23,2020-05-12 20:06:44
102,140,0,2020-05-12 19:56:28,2020-05-12 20:03:28
76,0,0,2020-05-12 19:56:29,2020-05-12 20:06:07
46,0,320,2020-05-12 19:56:32,2020-05-12 19:57:00
146,0,217,2020-05-12 19:56:41,2020-05-12 19:58:07
140,0,0,2020-05-12 19:56:41,2020-05-12 20:05:26
16,0,402,2020-05-12 19:56:43,2020-05-12 19:57:04
99,0,0,2020-05-12 19:56:45,2020-05-12 20:07:11
127,0,0,2020-05-12 19:56:54,2020-05-12 20:00:09
113,0,0,2020-05-12 19:56:58,2020-05-12 20:07:17
81,0,0,2020-05-12 19:56:58,2020-05-12 20:05:18
22,0,0,2020-05-12 19:56:58,2020-05-12 20:06:08
46,0,326,2020-05-12 19:57:00,2020-05-12 19:57:46
2,0,176,2020-05-12 19:57:02,2020-05-12 19:58:09
16,0,401,2020-05-12 19:57:04,2020-05-12 19:57:13
118,0,0,2020-05-12 19:57:06,2020-05-12 20:07:53
16,0,301,2020-05-12 19:57:13,2020-05-12 20:00:22
61,0,0,2020-05-12 19:57:14,2020-05-12 19:59:24
135,0,0,2020-05-12 19:57:15,2020-05-12 20:05:27
141,0,0,2020-05-12 19:57:33,2020-05-12 20:08:26
79,0,0,2020-05-12 19:57:37,2020-05-12 20:09:10
64,0,0,2020-05-12 19:57:37,2020-05-12 20:08:12
117,0,0,2020-05-12 19:57:38,2020-05-12 20:07:51
46,0,0,2020-05-12 19:57:46,2020-05-12 20:04:21
87,0,0,2020-05-12 19:57:47,2020-05-12 20:06:25
78,0,403,2020-05-12 19:57:52,2020-05-12 19:58:10
5,0,0,2020-05-12 19:57:52,2020-05-12 20:08:30
109,0,0,2020-05-12 19:57:57,2020-05-12 20:08:02
26,0,0,2020-05-12 19:57:59,2020-05-12 20:06:15
60,0,0,2020-05-12 19:58:02,2020-05-12 20:07:45
36,0,0,2020-05-12 19:58:05,2020-05-12 20:08:25
119,0,0,2020-05-12 19:58:06,2020-05-12 20:08:24
146,0,410,2020-05-12 19:58:07,2020-05-12 19:58:14
21,0,151,2020-05-12 19:58:08,2020-05-12 19:58:50
2,0,324,2020-05-12 19:58:09,2020-05-12 20:04:29
78,0,402,2020-05-12 19:58:10,2020-05-12 19:58:18
147,140,163,2020-05-12 19:58:11,2020-05-12 19:59:10
146,0,313,2020-05-12 19:58:14,2020-05-12 20:08:27
78,0,401,2020-05-12 19:58:18,2020-05-12 19:58:28
3,0,0,2020-05-12 19:58:21,2020-05-12 20:09:42
138,0,0,2020-05-12 19:58:24,2020-05-12 20:06:30
28,0,0,2020-05-12 19:58:24,2020-05-12 20:07:25
121,0,0,2020-05-12 19:58:24,2020-05-12 20:08:28
65,0,0,2020-05-12 19:58:25,2020-05-12 20:08:12
78,0,301,2020-05-12 19:58:28,2020-05-12 20:00:20
86,0,0,2020-05-12 19:58:30,2020-05-12 20:07:06
82,0,0,2020-05-12 19:58:34,2020-05-12 20:08:26
84,0,0,2020-05-12 19:58:36,2020-05-12 20:09:11
18,0,0,2020-05-12 19:58:39,2020-05-12 20:08:53
111,0,0,2020-05-12 19:58:46,2020-05-12 20:08:47
110,0,0,2020-05-12 19:58:46,2020-05-12 20:09:21
104,0,245,2020-05-12 19:58:48,2020-05-12 19:59:11
21,0,309,2020-05-12 19:58:50,2020-05-12 19:59:11
116,0,0,2020-05-12 19:58:55,2020-05-12 20:10:08
131,0,0,2020-05-12 19:59:07,2020-05-12 20:03:20
147,140,313,2020-05-12 19:59:10,2020-05-12 20:01:21
104,0,414,2020-05-12 19:59:11,2020-05-12 19:59:44
21,0,308,2020-05-12 19:59:11,2020-05-12 19:59:52
58,0,0,2020-05-12 19:59:16,2020-05-12 20:09:16
27,0,0,2020-05-12 19:59:20,2020-05-12 20:09:01
61,0,0,2020-05-12 19:59:24,2020-05-12 20:09:47
54,0,0,2020-05-12 19:59:32,2020-05-12 20:10:13
89,0,0,2020-05-12 19:59:43,2020-05-12 20:10:07
104,0,415,2020-05-12 19:59:44,2020-05-12 20:01:21
15,0,0,2020-05-12 19:59:45,2020-05-12 20:11:09
21,0,307,2020-05-12 19:59:52,2020-05-12 20:04:26
53,0,0,2020-05-12 20:00:05,2020-05-12 20:09:30
101,0,0,2020-05-12 20:00:07,2020-05-12 20:10:05
127,0,0,2020-05-12 20:00:09,2020-05-12 20:11:25
71,0,255,2020-05-12 20:00:12,2020-05-12 20:00:49
51,0,0,2020-05-12 20:00:14,2020-05-12 20:09:53
158,0,140,2020-05-12 20:00:16,2020-05-12 20:00:26
56,0,0,2020-05-12 20:00:17,2020-05-12 20:09:40
78,0,0,2020-05-12 20:00:20,2020-05-12 20:04:08
12,0,0,2020-05-12 20:00:21,2020-05-12 20:10:31
16,0,0,2020-05-12 20:00:22,2020-05-12 20:03:23
158,0,306,2020-05-12 20:00:26,2020-05-12 20:00:57
31,0,0,2020-05-12 20:00:39,2020-05-12 20:11:42
71,0,418,2020-05-12 20:00:49,2020-05-12 20:00:58
129,0,0,2020-05-12 20:00:57,2020-05-12 20:09:11
158,0,305,2020-05-12 20:00:57,2020-05-12 20:01:28
71,0,419,2020-05-12 20:00:58,2020-05-12 20:01:29
19,0,0,2020-05-12 20:01:19,2020-05-12 20:10:07
147,140,324,2020-05-12 20:01:21,2020-05-12 20:01:54
104,0,412,2020-05-12 20:01:21,2020-05-12 20:02:54
33,0,0,2020-05-12 20:01:22,2020-05-12 20:10:26
10,0,0,2020-05-12 20:01:22,2020-05-12 20:10:41
158,0,304,2020-05-12 20:01:28,2020-05-12 20:01:59
71,0,421,2020-05-12 20:01:29,2020-05-12 20:03:08
34,0,0,2020-05-12 20:01:31,2020-05-12 20:12:01
9,0,0,2020-05-12 20:01:32,2020-05-12 20:12:32
90,-1,0,2020-05-12 20:01:35,2020-05-12 23:59:59
126,0,155,2020-05-12 20:01:38,2020-05-12 20:02:09
106,0,0,2020-05-12 20:01:38,2020-05-12 20:12:20
11,0,0,2020-05-12 20:01:39,2020-05-12 20:11:59
8,0,0,2020-05-12 20:01:53,2020-05-12 20:12:09
112,0,0,2020-05-12 20:01:53,2020-05-12 20:10:21
147,140,173,2020-05-12 20:01:54,2020-05-12 19:15:11
100,0,0,2020-05-12 20:01:56,2020-05-12 20:10:37
158,0,303,2020-05-12 20:01:59,2020-05-12 20:03:31
95,0,0,2020-05-12 20:02:01,2020-05-12 20:11:51
122,0,0,2020-05-12 20:02:05,2020-05-12 20:12:02
115,0,0,2020-05-12 20:02:09,2020-05-12 20:11:19
68,0,0,2020-05-12 20:02:09,2020-05-12 20:11:26
126,0,318,2020-05-12 20:02:09,2020-05-12 20:02:48
63,0,0,2020-05-12 20:02:23,2020-05-12 20:12:05
6,0,0,2020-05-12 20:02:23,2020-05-12 20:13:14
134,0,0,2020-05-12 20:02:26,2020-05-12 20:10:57
59,0,0,2020-05-12 20:02:29,2020-05-12 20:11:38
39,0,0,2020-05-12 20:02:33,2020-05-12 20:13:20
120,0,0,2020-05-12 20:02:35,2020-05-12 20:14:19
69,0,0,2020-05-12 20:02:37,2020-05-12 20:13:07
43,0,0,2020-05-12 20:02:41,2020-05-12 20:12:57
94,0,0,2020-05-12 20:02:48,2020-05-12 20:12:09
126,0,319,2020-05-12 20:02:48,2020-05-12 20:04:45
48,0,0,2020-05-12 20:02:50,2020-05-12 20:12:06
66,0,0,2020-05-12 20:02:53,2020-05-12 20:10:10
74,0,0,2020-05-12 20:02:54,2020-05-12 20:14:08
104,0,403,2020-05-12 20:02:54,2020-05-12 20:03:17
124,0,0,2020-05-12 20:02:56,2020-05-12 20:11:48
1,0,0,2020-05-12 20:02:58,2020-05-12 20:12:33
71,0,325,2020-05-12 20:03:08,2020-05-12 20:08:12
7,0,0,2020-05-12 20:03:09,2020-05-12 20:13:48
67,0,0,2020-05-12 20:03:13,2020-05-12 20:12:44
13,0,0,2020-05-12 20:03:14,2020-05-12 20:14:09
104,0,402,2020-05-12 20:03:17,2020-05-12 20:03:35
131,0,0,2020-05-12 20:03:20,2020-05-12 20:13:41
44,0,0,2020-05-12 20:03:22,2020-05-12 20:12:47
16,0,0,2020-05-12 20:03:23,2020-05-12 20:14:00
98,0,0,2020-05-12 20:03:26,2020-05-12 20:14:00
102,140,313,2020-05-12 20:03:28,2020-05-12 20:03:38
158,0,315,2020-05-12 20:03:31,2020-05-12 20:05:07
104,0,401,2020-05-12 20:03:35,2020-05-12 20:03:45
137,0,145,2020-05-12 20:03:36,2020-05-12 20:04:40
103,0,0,2020-05-12 20:03:36,2020-05-12 20:15:02
102,140,410,2020-05-12 20:03:38,2020-05-12 20:05:05
57,0,0,2020-05-12 20:03:42,2020-05-12 20:12:41
114,0,0,2020-05-12 20:03:43,2020-05-12 20:14:30
104,0,301,2020-05-12 20:03:45,2020-05-12 20:06:18
30,0,0,2020-05-12 20:03:52,2020-05-12 20:14:50
78,0,0,2020-05-12 20:04:08,2020-05-12 20:13:00
93,0,249,2020-05-12 20:04:09,2020-05-12 20:04:38
70,0,223,2020-05-12 20:04:15,2020-05-12 20:04:27
46,0,0,2020-05-12 20:04:21,2020-05-12 20:15:13
21,0,0,2020-05-12 20:04:26,2020-05-12 20:07:18
70,0,404,2020-05-12 20:04:27,2020-05-12 20:05:13
2,0,0,2020-05-12 20:04:29,2020-05-12 20:07:28
50,0,0,2020-05-12 20:04:31,2020-05-12 20:14:27
143,0,0,2020-05-12 20:04:32,2020-05-12 20:15:51
32,0,0,2020-05-12 20:04:36,2020-05-12 20:14:08
93,0,415,2020-05-12 20:04:38,2020-05-12 20:06:26
137,0,320,2020-05-12 20:04:40,2020-05-12 20:05:03
24,0,0,2020-05-12 20:04:42,2020-05-12 20:14:18
126,0,317,2020-05-12 20:04:45,2020-05-12 20:05:17
77,0,0,2020-05-12 20:04:52,2020-05-12 20:15:15
156,0,0,2020-05-12 20:04:52,2020-05-12 20:13:57
29,0,0,2020-05-12 20:05:01,2020-05-12 20:13:48
137,0,326,2020-05-12 20:05:03,2020-05-12 20:05:51
102,140,217,2020-05-12 20:05:05,2020-05-12 20:29:42
158,0,320,2020-05-12 20:05:07,2020-05-12 20:05:24
144,0,0,2020-05-12 20:05:09,2020-05-12 20:16:12
145,-1,218,2020-05-12 20:05:09,2020-05-12 20:05:28
70,0,403,2020-05-12 20:05:13,2020-05-12 20:05:40
133,0,0,2020-05-12 20:05:15,2020-05-12 20:15:44
126,0,316,2020-05-12 20:05:17,2020-05-12 20:05:57
81,0,0,2020-05-12 20:05:18,2020-05-12 20:14:51
158,0,326,2020-05-12 20:05:24,2020-05-12 20:06:29
140,0,0,2020-05-12 20:05:26,2020-05-12 20:15:23
135,0,0,2020-05-12 20:05:27,2020-05-12 20:15:05
145,-1,401,2020-05-12 20:05:28,2020-05-12 20:05:39
14,0,0,2020-05-12 20:05:37,2020-05-12 20:16:41
145,-1,301,2020-05-12 20:05:39,2020-05-12 20:08:59
70,0,402,2020-05-12 20:05:40,2020-05-12 20:05:50
20,0,0,2020-05-12 20:05:42,2020-05-12 20:17:12
70,0,401,2020-05-12 20:05:50,2020-05-12 20:05:59
137,0,0,2020-05-12 20:05:51,2020-05-12 20:14:06
88,0,0,2020-05-12 20:05:56,2020-05-12 20:15:41
126,0,315,2020-05-12 20:05:57,2020-05-12 20:07:25
160,0,0,2020-05-12 20:05:58,2020-05-12 20:16:09
70,0,301,2020-05-12 20:05:59,2020-05-12 20:08:34
146,0,0,2020-05-12 20:05:59,2020-05-12 20:15:33
76,0,0,2020-05-12 20:06:07,2020-05-12 20:18:18
22,0,0,2020-05-12 20:06:08,2020-05-12 20:16:04
26,0,0,2020-05-12 20:06:15,2020-05-12 20:14:39
153,-1,0,2020-05-12 20:06:17,2020-05-12 23:59:59
104,0,0,2020-05-12 20:06:18,2020-05-12 20:10:21
123,0,0,2020-05-12 20:06:18,2020-05-12 20:18:21
62,0,0,2020-05-12 20:06:21,2020-05-12 20:17:39
87,0,0,2020-05-12 20:06:25,2020-05-12 20:15:10
93,0,412,2020-05-12 20:06:26,2020-05-12 20:07:31
158,0,0,2020-05-12 20:06:29,2020-05-12 20:08:58
138,0,0,2020-05-12 20:06:30,2020-05-12 20:18:39
92,0,0,2020-05-12 20:06:44,2020-05-12 20:16:29
37,0,0,2020-05-12 20:06:53,2020-05-12 20:16:29
86,0,0,2020-05-12 20:07:06,2020-05-12 20:16:45
99,0,0,2020-05-12 20:07:11,2020-05-12 20:17:20
113,0,0,2020-05-12 20:07:17,2020-05-12 20:18:37
21,0,0,2020-05-12 20:07:18,2020-05-12 20:18:26
28,0,0,2020-05-12 20:07:25,2020-05-12 20:19:33
126,0,320,2020-05-12 20:07:25,2020-05-12 20:07:47
2,0,0,2020-05-12 20:07:28,2020-05-12 20:17:42
93,0,403,2020-05-12 20:07:31,2020-05-12 20:07:59
60,-1,0,2020-05-12 20:07:45,2020-05-12 23:59:59
126,0,326,2020-05-12 20:07:47,2020-05-12 20:08:24
117,0,0,2020-05-12 20:07:51,2020-05-12 20:17:17
108,0,0,2020-05-12 20:07:52,2020-05-12 20:19:38
118,0,0,2020-05-12 20:07:53,2020-05-12 20:17:06
93,0,402,2020-05-12 20:07:59,2020-05-12 20:08:09
109,0,0,2020-05-12 20:08:02,2020-05-12 20:18:44
93,0,401,2020-05-12 20:08:09,2020-05-12 20:08:19
71,0,0,2020-05-12 20:08:12,2020-05-12 20:09:29
64,0,0,2020-05-12 20:08:12,2020-05-12 20:17:39
65,0,0,2020-05-12 20:08:12,2020-05-12 20:19:07
93,0,301,2020-05-12 20:08:19,2020-05-12 20:10:56
126,0,0,2020-05-12 20:08:24,2020-05-12 20:11:06
119,0,0,2020-05-12 20:08:24,2020-05-12 20:18:58
36,0,0,2020-05-12 20:08:25,2020-05-12 20:17:57
141,0,0,2020-05-12 20:08:26,2020-05-12 20:17:59
82,0,0,2020-05-12 20:08:26,2020-05-12 20:17:35
146,0,0,2020-05-12 20:08:27,2020-05-12 20:05:59
121,0,0,2020-05-12 20:08:28,2020-05-12 20:17:59
5,0,0,2020-05-12 20:08:30,2020-05-12 20:18:38
70,0,0,2020-05-12 20:08:34,2020-05-12 20:14:01
111,0,0,2020-05-12 20:08:47,2020-05-12 20:22:21
18,0,0,2020-05-12 20:08:53,2020-05-12 20:19:02
158,0,0,2020-05-12 20:08:58,2020-05-12 20:18:08
145,-1,0,2020-05-12 20:08:59,2020-05-12 23:59:59
27,0,0,2020-05-12 20:09:01,2020-05-12 20:18:37
79,0,0,2020-05-12 20:09:10,2020-05-12 20:19:08
84,0,0,2020-05-12 20:09:11,2020-05-12 20:18:01
129,0,0,2020-05-12 20:09:11,2020-05-12 20:20:29
58,0,0,2020-05-12 20:09:16,2020-05-12 20:18:48
110,0,0,2020-05-12 20:09:21,2020-05-12 20:18:22
71,0,0,2020-05-12 20:09:29,2020-05-12 20:18:24
53,0,0,2020-05-12 20:09:30,2020-05-12 20:19:39
56,0,0,2020-05-12 20:09:40,2020-05-12 20:19:35
73,0,160,2020-05-12 20:09:41,2020-05-12 20:10:10
3,0,0,2020-05-12 20:09:42,2020-05-12 20:18:24
61,0,0,2020-05-12 20:09:47,2020-05-12 20:20:04
51,0,0,2020-05-12 20:09:53,2020-05-12 20:18:12
101,0,0,2020-05-12 20:10:05,2020-05-12 20:19:51
147,0,220,2020-05-12 20:10:07,2020-05-12 20:10:25
19,0,0,2020-05-12 20:10:07,2020-05-12 20:18:51
89,0,0,2020-05-12 20:10:07,2020-05-12 20:20:24
116,0,0,2020-05-12 20:10:08,2020-05-12 20:18:31
66,0,0,2020-05-12 20:10:10,2020-05-12 20:19:19
73,0,310,2020-05-12 20:10:10,2020-05-12 20:10:17
54,0,0,2020-05-12 20:10:13,2020-05-12 20:21:37
41,0,236,2020-05-12 20:10:16,2020-05-12 20:10:33
73,0,309,2020-05-12 20:10:17,2020-05-12 20:10:38
112,0,0,2020-05-12 20:10:21,2020-05-12 20:19:32
104,0,0,2020-05-12 20:10:21,2020-05-12 20:19:37
147,0,403,2020-05-12 20:10:25,2020-05-12 20:10:50
33,0,0,2020-05-12 20:10:26,2020-05-12 20:21:07
12,0,0,2020-05-12 20:10:31,2020-05-12 20:20:14
41,0,412,2020-05-12 20:10:33,2020-05-12 20:11:47
100,0,0,2020-05-12 20:10:37,2020-05-12 20:21:32
73,0,308,2020-05-12 20:10:38,2020-05-12 20:11:24
10,0,0,2020-05-12 20:10:41,2020-05-12 20:20:40
147,0,402,2020-05-12 20:10:50,2020-05-12 20:11:05
93,0,0,2020-05-12 20:10:56,2020-05-12 20:12:59
134,0,0,2020-05-12 20:10:57,2020-05-12 20:24:20
147,0,401,2020-05-12 20:11:05,2020-05-12 20:11:14
126,0,0,2020-05-12 20:11:06,2020-05-12 20:20:57
15,0,0,2020-05-12 20:11:09,2020-05-12 20:21:45
147,0,301,2020-05-12 20:11:14,2020-05-12 20:14:22
115,0,0,2020-05-12 20:11:19,2020-05-12 20:21:24
73,0,307,2020-05-12 20:11:24,2020-05-12 20:17:50
127,0,0,2020-05-12 20:11:25,2020-05-12 20:21:06
68,0,0,2020-05-12 20:11:26,2020-05-12 20:21:52
59,0,0,2020-05-12 20:11:38,2020-05-12 20:19:53
31,0,0,2020-05-12 20:11:42,2020-05-12 20:21:39
41,0,403,2020-05-12 20:11:47,2020-05-12 20:12:15
124,0,0,2020-05-12 20:11:48,2020-05-12 20:21:39
95,0,0,2020-05-12 20:11:51,2020-05-12 20:22:55
11,0,0,2020-05-12 20:11:59,2020-05-12 20:21:39
34,0,0,2020-05-12 20:12:01,2020-05-12 20:23:10
122,0,0,2020-05-12 20:12:02,2020-05-12 20:22:26
63,0,0,2020-05-12 20:12:05,2020-05-12 20:20:49
48,0,0,2020-05-12 20:12:06,2020-05-12 20:19:16
8,0,0,2020-05-12 20:12:09,2020-05-12 20:21:14
94,0,0,2020-05-12 20:12:09,2020-05-12 20:22:13
41,0,402,2020-05-12 20:12:15,2020-05-12 20:12:30
106,0,0,2020-05-12 20:12:20,2020-05-12 20:23:16
41,0,401,2020-05-12 20:12:30,2020-05-12 20:12:38
9,0,0,2020-05-12 20:12:32,2020-05-12 20:21:59
1,0,0,2020-05-12 20:12:33,2020-05-12 20:20:58
41,0,301,2020-05-12 20:12:38,2020-05-12 20:15:19
57,0,0,2020-05-12 20:12:41,2020-05-12 20:22:29
67,0,0,2020-05-12 20:12:44,2020-05-12 20:24:07
44,0,0,2020-05-12 20:12:47,2020-05-12 20:21:32
154,0,256,2020-05-12 20:12:56,2020-05-12 20:13:27
43,0,0,2020-05-12 20:12:57,2020-05-12 20:23:48
93,0,0,2020-05-12 20:12:59,2020-05-12 20:23:41
78,0,0,2020-05-12 20:13:00,2020-05-12 20:23:10
69,0,0,2020-05-12 20:13:07,2020-05-12 20:24:44
6,0,0,2020-05-12 20:13:14,2020-05-12 20:21:44
39,0,0,2020-05-12 20:13:20,2020-05-12 20:23:22
40,0,156,2020-05-12 20:13:26,2020-05-12 20:13:41
154,0,419,2020-05-12 20:13:27,2020-05-12 20:13:59
40,0,318,2020-05-12 20:13:41,2020-05-12 20:14:21
131,0,0,2020-05-12 20:13:41,2020-05-12 20:22:55
29,0,0,2020-05-12 20:13:48,2020-05-12 20:25:00
7,0,0,2020-05-12 20:13:48,2020-05-12 20:24:04
156,142,0,2020-05-12 20:13:57,2020-05-12 20:21:26
154,0,421,2020-05-12 20:13:59,2020-05-12 20:15:28
98,0,0,2020-05-12 20:14:00,2020-05-12 20:25:33
16,0,0,2020-05-12 20:14:00,2020-05-12 20:23:42
70,0,0,2020-05-12 20:14:01,2020-05-12 20:23:36
137,0,0,2020-05-12 20:14:06,2020-05-12 20:24:30
74,0,0,2020-05-12 20:14:08,2020-05-12 20:23:38
32,0,0,2020-05-12 20:14:08,2020-05-12 20:23:23
13,0,0,2020-05-12 20:14:09,2020-05-12 20:25:01
24,0,0,2020-05-12 20:14:18,2020-05-12 20:23:33
120,0,0,2020-05-12 20:14:19,2020-05-12 20:24:50
40,0,319,2020-05-12 20:14:21,2020-05-12 20:16:33
147,0,0,2020-05-12 20:14:22,2020-05-12 20:19:49
50,0,0,2020-05-12 20:14:27,2020-05-12 20:25:06
114,0,0,2020-05-12 20:14:30,2020-05-12 20:25:40
26,0,0,2020-05-12 20:14:39,2020-05-12 20:25:52
72,0,169,2020-05-12 20:14:48,2020-05-12 20:15:17
30,0,0,2020-05-12 20:14:50,2020-05-12 20:24:37
81,0,0,2020-05-12 20:14:51,2020-05-12 20:25:22
103,0,0,2020-05-12 20:15:02,2020-05-12 20:24:35
135,0,0,2020-05-12 20:15:05,2020-05-12 20:25:05
87,0,0,2020-05-12 20:15:10,2020-05-12 20:25:49
46,0,0,2020-05-12 20:15:13,2020-05-12 20:25:02
77,0,0,2020-05-12 20:15:15,2020-05-12 20:25:38
72,0,323,2020-05-12 20:15:17,2020-05-12 20:15:39
41,0,0,2020-05-12 20:15:19,2020-05-12 20:19:12
140,0,0,2020-05-12 20:15:23,2020-05-12 20:24:17
154,0,325,2020-05-12 20:15:28,2020-05-12 20:20:23
146,0,0,2020-05-12 20:15:33,2020-05-12 20:26:03
72,0,322,2020-05-12 20:15:39,2020-05-12 20:16:29
88,0,0,2020-05-12 20:15:41,2020-05-12 20:25:06
133,0,0,2020-05-12 20:15:44,2020-05-12 20:24:00
143,0,0,2020-05-12 20:15:51,2020-05-12 20:26:58
22,0,0,2020-05-12 20:16:04,2020-05-12 20:25:13
160,0,0,2020-05-12 20:16:09,2020-05-12 20:26:18
144,0,0,2020-05-12 20:16:12,2020-05-12 20:24:21
49,0,240,2020-05-12 20:16:25,2020-05-12 20:16:54
37,0,0,2020-05-12 20:16:29,2020-05-12 20:26:12
92,0,0,2020-05-12 20:16:29,2020-05-12 20:27:19
72,0,325,2020-05-12 20:16:29,2020-05-12 20:20:39
136,0,102,2020-05-12 20:16:31,2020-05-12 20:16:58
40,0,317,2020-05-12 20:16:33,2020-05-12 20:17:08
14,0,0,2020-05-12 20:16:41,2020-05-12 20:25:52
86,0,0,2020-05-12 20:16:45,2020-05-12 20:26:10
49,0,415,2020-05-12 20:16:54,2020-05-12 20:17:49
136,0,326,2020-05-12 20:16:58,2020-05-12 20:17:52
118,0,0,2020-05-12 20:17:06,2020-05-12 20:27:08
40,0,316,2020-05-12 20:17:08,2020-05-12 20:17:51
20,0,0,2020-05-12 20:17:12,2020-05-12 20:26:47
117,0,0,2020-05-12 20:17:17,2020-05-12 20:27:33
99,0,0,2020-05-12 20:17:20,2020-05-12 20:28:31
82,0,0,2020-05-12 20:17:35,2020-05-12 20:26:40
62,0,0,2020-05-12 20:17:39,2020-05-12 20:27:06
64,0,0,2020-05-12 20:17:39,2020-05-12 20:27:39
73,0,0,2020-05-12 20:17:40,2020-05-12 20:27:53
2,0,0,2020-05-12 20:17:42,2020-05-12 20:27:47
49,0,412,2020-05-12 20:17:49,2020-05-12 20:18:55
73,0,0,2020-05-12 20:17:50,2020-05-12 20:17:40
40,0,315,2020-05-12 20:17:51,2020-05-12 20:19:23
136,0,0,2020-05-12 20:17:52,2020-05-12 20:26:16
36,0,0,2020-05-12 20:17:57,2020-05-12 20:29:39
141,0,0,2020-05-12 20:17:59,2020-05-12 20:28:57
121,0,0,2020-05-12 20:17:59,2020-05-12 20:27:52
84,0,0,2020-05-12 20:18:01,2020-05-12 20:29:46
158,0,0,2020-05-12 20:18:08,2020-05-12 20:29:27
51,0,0,2020-05-12 20:18:12,2020-05-12 20:28:38
76,0,0,2020-05-12 20:18:18,2020-05-12 20:28:21
123,0,0,2020-05-12 20:18:21,2020-05-12 20:28:44
110,0,0,2020-05-12 20:18:22,2020-05-12 20:27:05
3,0,0,2020-05-12 20:18:24,2020-05-12 20:29:27
71,0,0,2020-05-12 20:18:24,2020-05-12 20:29:23
21,0,0,2020-05-12 20:18:26,2020-05-12 20:26:26
52,0,156,2020-05-12 20:18:29,2020-05-12 20:18:44
116,0,0,2020-05-12 20:18:31,2020-05-12 20:30:04
27,0,0,2020-05-12 20:18:37,2020-05-12 20:28:08
113,0,0,2020-05-12 20:18:37,2020-05-12 20:30:31
5,0,0,2020-05-12 20:18:38,2020-05-12 20:29:53
138,0,0,2020-05-12 20:18:39,2020-05-12 20:29:14
52,0,318,2020-05-12 20:18:44,2020-05-12 20:19:24
109,0,0,2020-05-12 20:18:44,2020-05-12 20:29:13
58,0,0,2020-05-12 20:18:48,2020-05-12 20:28:53
19,0,0,2020-05-12 20:18:51,2020-05-12 20:30:18
49,0,403,2020-05-12 20:18:55,2020-05-12 20:19:20
119,0,0,2020-05-12 20:18:58,2020-05-12 20:27:41
18,0,0,2020-05-12 20:19:02,2020-05-12 20:29:54
65,0,0,2020-05-12 20:19:07,2020-05-12 20:29:38
79,0,0,2020-05-12 20:19:08,2020-05-12 20:29:25
41,0,0,2020-05-12 20:19:12,2020-05-12 20:28:47
97,0,177,2020-05-12 20:19:14,2020-05-12 20:20:06
48,0,0,2020-05-12 20:19:16,2020-05-12 20:29:02
66,0,0,2020-05-12 20:19:19,2020-05-12 20:27:05
49,0,402,2020-05-12 20:19:20,2020-05-12 20:19:36
40,0,320,2020-05-12 20:19:23,2020-05-12 20:19:38
52,0,319,2020-05-12 20:19:24,2020-05-12 20:21:36
112,0,0,2020-05-12 20:19:32,2020-05-12 20:27:40
28,0,0,2020-05-12 20:19:33,2020-05-12 20:30:52
56,0,0,2020-05-12 20:19:35,2020-05-12 20:29:56
49,0,401,2020-05-12 20:19:36,2020-05-12 20:19:48
104,140,0,2020-05-12 20:19:37,2020-05-12 20:27:06
40,0,326,2020-05-12 20:19:38,2020-05-12 20:20:21
108,0,0,2020-05-12 20:19:38,2020-05-12 20:29:55
53,0,0,2020-05-12 20:19:39,2020-05-12 20:32:26
49,0,301,2020-05-12 20:19:48,2020-05-12 20:22:57
147,0,0,2020-05-12 20:19:49,2020-05-12 20:27:58
101,0,0,2020-05-12 20:19:51,2020-05-12 20:29:27
59,0,0,2020-05-12 20:19:53,2020-05-12 20:31:50
61,0,0,2020-05-12 20:20:04,2020-05-12 20:29:04
97,0,324,2020-05-12 20:20:06,2020-05-12 20:25:44
12,0,0,2020-05-12 20:20:14,2020-05-12 20:29:51
40,0,0,2020-05-12 20:20:21,2020-05-12 20:24:14
154,0,0,2020-05-12 20:20:23,2020-05-12 20:23:24
89,0,0,2020-05-12 20:20:24,2020-05-12 20:30:49
129,0,0,2020-05-12 20:20:29,2020-05-12 20:31:15
128,0,215,2020-05-12 20:20:30,2020-05-12 20:20:59
72,0,0,2020-05-12 20:20:39,2020-05-12 20:25:17
10,0,0,2020-05-12 20:20:40,2020-05-12 20:30:21
63,0,0,2020-05-12 20:20:49,2020-05-12 20:29:35
126,0,0,2020-05-12 20:20:57,2020-05-12 20:32:03
1,0,0,2020-05-12 20:20:58,2020-05-12 20:31:13
128,0,410,2020-05-12 20:20:59,2020-05-12 20:21:08
127,0,0,2020-05-12 20:21:06,2020-05-12 20:32:30
33,0,0,2020-05-12 20:21:07,2020-05-12 20:29:59
128,0,313,2020-05-12 20:21:08,2020-05-12 20:29:03
8,0,0,2020-05-12 20:21:14,2020-05-12 20:30:11
115,0,0,2020-05-12 20:21:24,2020-05-12 20:32:48
156,142,324,2020-05-12 20:21:26,2020-05-12 20:22:32
100,0,0,2020-05-12 20:21:32,2020-05-12 20:33:28
44,0,0,2020-05-12 20:21:32,2020-05-12 20:32:16
52,0,317,2020-05-12 20:21:36,2020-05-12 20:22:11
54,0,0,2020-05-12 20:21:37,2020-05-12 20:30:25
31,0,0,2020-05-12 20:21:39,2020-05-12 20:31:10
11,0,0,2020-05-12 20:21:39,2020-05-12 20:30:36
124,0,0,2020-05-12 20:21:39,2020-05-12 20:32:33
6,0,0,2020-05-12 20:21:44,2020-05-12 20:32:47
15,0,0,2020-05-12 20:21:45,2020-05-12 20:32:43
68,0,0,2020-05-12 20:21:52,2020-05-12 20:31:59
9,0,0,2020-05-12 20:21:59,2020-05-12 20:32:21
52,0,316,2020-05-12 20:22:11,2020-05-12 20:22:54
94,0,0,2020-05-12 20:22:13,2020-05-12 20:33:13
155,0,240,2020-05-12 20:22:17,2020-05-12 20:22:46
111,0,0,2020-05-12 20:22:21,2020-05-12 20:30:36
122,0,0,2020-05-12 20:22:26,2020-05-12 20:31:10
57,0,0,2020-05-12 20:22:29,2020-05-12 20:33:10
156,142,176,2020-05-12 20:22:32,2020-05-12 20:59:21
155,0,415,2020-05-12 20:22:46,2020-05-12 20:23:41
52,0,315,2020-05-12 20:22:54,2020-05-12 20:24:26
131,0,0,2020-05-12 20:22:55,2020-05-12 20:32:57
95,0,0,2020-05-12 20:22:55,2020-05-12 20:33:53
49,0,0,2020-05-12 20:22:57,2020-05-12 20:26:15
78,0,0,2020-05-12 20:23:10,2020-05-12 20:32:41
34,0,0,2020-05-12 20:23:10,2020-05-12 20:33:04
106,0,0,2020-05-12 20:23:16,2020-05-12 20:33:44
39,0,0,2020-05-12 20:23:22,2020-05-12 20:33:53
32,0,0,2020-05-12 20:23:23,2020-05-12 20:33:50
154,0,0,2020-05-12 20:23:24,2020-05-12 20:33:53
24,0,0,2020-05-12 20:23:33,2020-05-12 20:32:58
70,0,0,2020-05-12 20:23:36,2020-05-12 20:35:46
74,0,0,2020-05-12 20:23:38,2020-05-12 20:31:11
155,0,412,2020-05-12 20:23:41,2020-05-12 20:24:47
93,0,0,2020-05-12 20:23:41,2020-05-12 20:34:55
16,0,0,2020-05-12 20:23:42,2020-05-12 20:34:23
43,0,0,2020-05-12 20:23:48,2020-05-12 20:33:55
133,0,0,2020-05-12 20:24:00,2020-05-12 20:33:06
7,0,0,2020-05-12 20:24:04,2020-05-12 20:34:19
67,-1,0,2020-05-12 20:24:07,2020-05-12 23:59:59
40,0,0,2020-05-12 20:24:14,2020-05-12 20:33:23
140,0,0,2020-05-12 20:24:17,2020-05-12 20:34:14
134,0,0,2020-05-12 20:24:20,2020-05-12 20:35:04
144,0,0,2020-05-12 20:24:21,2020-05-12 20:33:13
52,0,320,2020-05-12 20:24:26,2020-05-12 20:24:41
137,0,0,2020-05-12 20:24:30,2020-05-12 20:35:58
103,0,0,2020-05-12 20:24:35,2020-05-12 20:33:56
30,0,0,2020-05-12 20:24:37,2020-05-12 20:33:48
52,0,326,2020-05-12 20:24:41,2020-05-12 20:25:24
69,0,0,2020-05-12 20:24:44,2020-05-12 20:36:07
155,0,403,2020-05-12 20:24:47,2020-05-12 20:25:12
120,0,0,2020-05-12 20:24:50,2020-05-12 20:33:46
29,-1,0,2020-05-12 20:25:00,2020-05-12 23:59:59
13,0,0,2020-05-12 20:25:01,2020-05-12 20:33:47
46,0,0,2020-05-12 20:25:02,2020-05-12 20:34:16
135,0,0,2020-05-12 20:25:05,2020-05-12 20:34:12
88,0,0,2020-05-12 20:25:06,2020-05-12 20:34:17
50,0,0,2020-05-12 20:25:06,2020-05-12 20:36:21
155,0,402,2020-05-12 20:25:12,2020-05-12 20:25:28
22,0,0,2020-05-12 20:25:13,2020-05-12 20:34:48
72,0,0,2020-05-12 20:25:17,2020-05-12 20:33:39
81,0,0,2020-05-12 20:25:22,2020-05-12 20:33:31
52,0,0,2020-05-12 20:25:24,2020-05-12 20:28:09
155,0,401,2020-05-12 20:25:28,2020-05-12 20:25:40
139,0,215,2020-05-12 20:25:31,2020-05-12 20:26:00
98,0,0,2020-05-12 20:25:33,2020-05-12 20:36:27
77,0,0,2020-05-12 20:25:38,2020-05-12 20:34:17
155,0,301,2020-05-12 20:25:40,2020-05-12 20:28:49
114,0,0,2020-05-12 20:25:40,2020-05-12 20:35:24
97,0,0,2020-05-12 20:25:44,2020-05-12 20:30:27
87,0,0,2020-05-12 20:25:49,2020-05-12 20:34:57
14,0,0,2020-05-12 20:25:52,2020-05-12 20:36:57
26,0,0,2020-05-12 20:25:52,2020-05-12 20:34:06
139,0,410,2020-05-12 20:26:00,2020-05-12 20:26:09
146,0,0,2020-05-12 20:26:03,2020-05-12 20:34:29
139,0,313,2020-05-12 20:26:09,2020-05-12 20:34:04
86,0,0,2020-05-12 20:26:10,2020-05-12 20:35:40
37,0,0,2020-05-12 20:26:12,2020-05-12 20:35:26
49,0,0,2020-05-12 20:26:15,2020-05-12 20:35:29
136,0,0,2020-05-12 20:26:16,2020-05-12 20:37:47
160,0,0,2020-05-12 20:26:18,2020-05-12 20:35:21
21,0,0,2020-05-12 20:26:26,2020-05-12 20:33:27
35,0,234,2020-05-12 20:26:30,2020-05-12 20:26:48
82,0,0,2020-05-12 20:26:40,2020-05-12 20:36:41
20,0,0,2020-05-12 20:26:47,2020-05-12 20:38:51
35,0,411,2020-05-12 20:26:48,2020-05-12 20:27:15
143,0,0,2020-05-12 20:26:58,2020-05-12 20:35:00
110,0,0,2020-05-12 20:27:05,2020-05-12 20:36:33
66,0,0,2020-05-12 20:27:05,2020-05-12 20:37:08
104,140,324,2020-05-12 20:27:06,2020-05-12 20:28:12
62,0,0,2020-05-12 20:27:06,2020-05-12 20:37:36
118,0,0,2020-05-12 20:27:08,2020-05-12 20:35:12
35,0,412,2020-05-12 20:27:15,2020-05-12 20:28:34
105,0,217,2020-05-12 20:27:15,2020-05-12 20:28:41
92,0,0,2020-05-12 20:27:19,2020-05-12 20:36:14
117,0,0,2020-05-12 20:27:33,2020-05-12 20:39:18
64,0,0,2020-05-12 20:27:39,2020-05-12 20:36:42
112,0,0,2020-05-12 20:27:40,2020-05-12 20:37:04
42,0,211,2020-05-12 20:27:40,2020-05-12 20:28:11
119,0,0,2020-05-12 20:27:41,2020-05-12 20:37:57
2,0,0,2020-05-12 20:27:47,2020-05-12 20:37:45
121,0,0,2020-05-12 20:27:52,2020-05-12 20:35:53
73,0,0,2020-05-12 20:27:53,2020-05-12 20:37:55
147,0,0,2020-05-12 20:27:58,2020-05-12 20:39:00
27,0,0,2020-05-12 20:28:08,2020-05-12 20:37:50
52,0,0,2020-05-12 20:28:09,2020-05-12 20:37:54
42,0,405,2020-05-12 20:28:11,2020-05-12 20:28:46
104,140,176,2020-05-12 20:28:12,2020-05-12 20:41:03
76,0,0,2020-05-12 20:28:21,2020-05-12 20:37:56
99,0,0,2020-05-12 20:28:31,2020-05-12 20:39:30
35,0,403,2020-05-12 20:28:34,2020-05-12 20:29:01
51,0,0,2020-05-12 20:28:38,2020-05-12 20:38:57
105,0,410,2020-05-12 20:28:41,2020-05-12 20:28:48
123,0,0,2020-05-12 20:28:44,2020-05-12 20:39:25
42,0,404,2020-05-12 20:28:46,2020-05-12 20:29:19
41,0,0,2020-05-12 20:28:47,2020-05-12 20:40:08
105,0,313,2020-05-12 20:28:48,2020-05-12 20:39:01
155,0,0,2020-05-12 20:28:49,2020-05-12 20:32:06
58,0,0,2020-05-12 20:28:53,2020-05-12 20:38:31
151,0,220,2020-05-12 20:28:56,2020-05-12 20:29:14
141,0,0,2020-05-12 20:28:57,2020-05-12 20:37:37
35,0,402,2020-05-12 20:29:01,2020-05-12 20:29:16
48,0,0,2020-05-12 20:29:02,2020-05-12 20:38:29
128,0,0,2020-05-12 20:29:03,2020-05-12 20:29:50
61,0,0,2020-05-12 20:29:04,2020-05-12 20:37:52
109,0,0,2020-05-12 20:29:13,2020-05-12 20:39:41
138,0,0,2020-05-12 20:29:14,2020-05-12 20:38:35
151,0,403,2020-05-12 20:29:14,2020-05-12 20:29:39
35,0,401,2020-05-12 20:29:16,2020-05-12 20:29:26
42,0,403,2020-05-12 20:29:19,2020-05-12 20:29:40
71,0,0,2020-05-12 20:29:23,2020-05-12 20:38:57
79,0,0,2020-05-12 20:29:25,2020-05-12 20:39:34
35,0,301,2020-05-12 20:29:26,2020-05-12 20:32:48
158,0,0,2020-05-12 20:29:27,2020-05-12 20:39:58
3,0,0,2020-05-12 20:29:27,2020-05-12 20:39:37
101,0,0,2020-05-12 20:29:27,2020-05-12 20:39:17
63,0,0,2020-05-12 20:29:35,2020-05-12 20:39:32
65,0,0,2020-05-12 20:29:38,2020-05-12 20:40:15
151,0,402,2020-05-12 20:29:39,2020-05-12 20:29:54
36,0,0,2020-05-12 20:29:39,2020-05-12 20:39:22
42,0,402,2020-05-12 20:29:40,2020-05-12 20:29:58
102,0,217,2020-05-12 20:29:42,2020-05-12 20:31:08
84,0,0,2020-05-12 20:29:46,2020-05-12 20:36:58
128,0,0,2020-05-12 20:29:50,2020-05-12 20:39:36
12,0,0,2020-05-12 20:29:51,2020-05-12 20:39:47
5,0,0,2020-05-12 20:29:53,2020-05-12 20:41:24
18,0,0,2020-05-12 20:29:54,2020-05-12 20:40:53
151,0,401,2020-05-12 20:29:54,2020-05-12 20:30:03
108,0,0,2020-05-12 20:29:55,2020-05-12 20:39:30
56,0,0,2020-05-12 20:29:56,2020-05-12 20:38:27
42,0,401,2020-05-12 20:29:58,2020-05-12 20:30:08
33,0,0,2020-05-12 20:29:59,2020-05-12 20:39:23
151,0,301,2020-05-12 20:30:03,2020-05-12 20:33:11
116,0,0,2020-05-12 20:30:04,2020-05-12 20:39:22
42,0,301,2020-05-12 20:30:08,2020-05-12 20:33:42
8,0,0,2020-05-12 20:30:11,2020-05-12 20:40:35
19,0,0,2020-05-12 20:30:18,2020-05-12 20:40:26
10,0,0,2020-05-12 20:30:21,2020-05-12 20:40:29
54,0,0,2020-05-12 20:30:25,2020-05-12 20:39:34
97,0,0,2020-05-12 20:30:27,2020-05-12 20:40:41
113,0,0,2020-05-12 20:30:31,2020-05-12 20:40:27
11,0,0,2020-05-12 20:30:36,2020-05-12 20:38:59
111,0,0,2020-05-12 20:30:36,2020-05-12 20:39:45
89,-1,0,2020-05-12 20:30:49,2020-05-12 23:59:59
28,0,0,2020-05-12 20:30:52,2020-05-12 20:41:32
80,0,214,2020-05-12 20:31:02,2020-05-12 20:32:21
102,0,410,2020-05-12 20:31:08,2020-05-12 20:31:15
31,0,0,2020-05-12 20:31:10,2020-05-12 20:42:00
122,0,0,2020-05-12 20:31:10,2020-05-12 20:41:59
74,0,0,2020-05-12 20:31:11,2020-05-12 20:40:17
1,0,0,2020-05-12 20:31:13,2020-05-12 20:40:11
102,0,313,2020-05-12 20:31:15,2020-05-12 20:41:28
129,0,0,2020-05-12 20:31:15,2020-05-12 20:40:15
82,0,176,2020-05-12 20:31:36,2020-05-12 20:32:43
59,0,0,2020-05-12 20:31:50,2020-05-12 20:42:31
68,0,0,2020-05-12 20:31:59,2020-05-12 20:41:45
126,0,0,2020-05-12 20:32:03,2020-05-12 20:43:13
155,0,0,2020-05-12 20:32:06,2020-05-12 20:42:15
44,0,0,2020-05-12 20:32:16,2020-05-12 20:39:59
9,0,0,2020-05-12 20:32:21,2020-05-12 20:42:17
80,0,407,2020-05-12 20:32:21,2020-05-12 20:32:48
53,0,0,2020-05-12 20:32:26,2020-05-12 20:44:35
127,0,0,2020-05-12 20:32:30,2020-05-12 20:42:40
124,0,0,2020-05-12 20:32:33,2020-05-12 20:44:30
78,0,0,2020-05-12 20:32:41,2020-05-12 20:42:28
82,0,324,2020-05-12 20:32:43,2020-05-12 20:39:03
15,0,0,2020-05-12 20:32:43,2020-05-12 20:43:12
6,0,0,2020-05-12 20:32:47,2020-05-12 20:42:17
80,0,406,2020-05-12 20:32:48,2020-05-12 20:33:38
35,0,0,2020-05-12 20:32:48,2020-05-12 20:36:26
115,0,0,2020-05-12 20:32:48,2020-05-12 20:42:31
131,0,0,2020-05-12 20:32:57,2020-05-12 20:43:56
24,0,0,2020-05-12 20:32:58,2020-05-12 20:43:01
34,0,0,2020-05-12 20:33:04,2020-05-12 20:43:05
133,0,0,2020-05-12 20:33:06,2020-05-12 20:41:16
57,0,0,2020-05-12 20:33:10,2020-05-12 20:43:28
151,0,0,2020-05-12 20:33:11,2020-05-12 20:38:42
144,0,0,2020-05-12 20:33:13,2020-05-12 20:43:03
94,0,0,2020-05-12 20:33:13,2020-05-12 20:43:45
40,0,0,2020-05-12 20:33:23,2020-05-12 20:41:57
21,0,0,2020-05-12 20:33:27,2020-05-12 20:44:03
100,0,0,2020-05-12 20:33:28,2020-05-12 20:42:28
81,0,0,2020-05-12 20:33:31,2020-05-12 20:45:04
80,0,405,2020-05-12 20:33:38,2020-05-12 20:34:15
72,0,0,2020-05-12 20:33:39,2020-05-12 20:43:49
42,0,0,2020-05-12 20:33:42,2020-05-12 20:37:00
106,0,0,2020-05-12 20:33:44,2020-05-12 20:44:44
120,0,0,2020-05-12 20:33:46,2020-05-12 20:44:24
13,0,0,2020-05-12 20:33:47,2020-05-12 20:45:32
30,0,0,2020-05-12 20:33:48,2020-05-12 20:42:17
32,0,0,2020-05-12 20:33:50,2020-05-12 20:44:26
95,0,0,2020-05-12 20:33:53,2020-05-12 20:44:26
154,0,0,2020-05-12 20:33:53,2020-05-12 20:43:36
39,0,0,2020-05-12 20:33:53,2020-05-12 20:44:05
43,0,0,2020-05-12 20:33:55,2020-05-12 20:43:15
103,0,0,2020-05-12 20:33:56,2020-05-12 20:43:14
139,0,0,2020-05-12 20:34:04,2020-05-12 20:36:39
26,0,0,2020-05-12 20:34:06,2020-05-12 20:44:25
135,0,0,2020-05-12 20:34:12,2020-05-12 20:45:01
140,0,0,2020-05-12 20:34:14,2020-05-12 20:42:29
80,0,404,2020-05-12 20:34:15,2020-05-12 20:34:40
46,-1,0,2020-05-12 20:34:16,2020-05-12 23:59:59
77,0,0,2020-05-12 20:34:17,2020-05-12 20:44:36
88,0,0,2020-05-12 20:34:17,2020-05-12 20:44:11
7,0,0,2020-05-12 20:34:19,2020-05-12 20:42:16
16,0,0,2020-05-12 20:34:23,2020-05-12 20:44:46
17,0,177,2020-05-12 20:34:25,2020-05-12 20:35:17
146,-1,0,2020-05-12 20:34:29,2020-05-12 23:59:59
80,0,403,2020-05-12 20:34:40,2020-05-12 20:35:06
22,0,0,2020-05-12 20:34:48,2020-05-12 20:43:58
93,0,0,2020-05-12 20:34:55,2020-05-12 20:43:14
87,0,0,2020-05-12 20:34:57,2020-05-12 20:43:59
143,0,0,2020-05-12 20:35:00,2020-05-12 20:44:44
134,0,0,2020-05-12 20:35:04,2020-05-12 20:47:47
80,0,402,2020-05-12 20:35:06,2020-05-12 20:35:20
118,0,0,2020-05-12 20:35:12,2020-05-12 20:45:36
17,0,324,2020-05-12 20:35:17,2020-05-12 20:40:55
80,0,401,2020-05-12 20:35:20,2020-05-12 20:35:28
160,0,0,2020-05-12 20:35:21,2020-05-12 20:46:06
114,0,0,2020-05-12 20:35:24,2020-05-12 20:45:10
105,0,0,2020-05-12 20:35:25,2020-05-12 20:44:30
37,0,0,2020-05-12 20:35:26,2020-05-12 20:47:46
80,0,301,2020-05-12 20:35:28,2020-05-12 20:37:43
49,0,0,2020-05-12 20:35:29,2020-05-12 20:46:19
107,0,214,2020-05-12 20:35:32,2020-05-12 20:36:51
86,0,0,2020-05-12 20:35:40,2020-05-12 20:44:24
70,0,0,2020-05-12 20:35:46,2020-05-12 20:45:37
121,0,0,2020-05-12 20:35:53,2020-05-12 20:46:07
137,0,0,2020-05-12 20:35:58,2020-05-12 20:47:08
69,0,0,2020-05-12 20:36:07,2020-05-12 20:44:31
92,0,0,2020-05-12 20:36:14,2020-05-12 20:44:22
50,0,0,2020-05-12 20:36:21,2020-05-12 20:47:43
35,0,0,2020-05-12 20:36:26,2020-05-12 20:47:41
98,0,0,2020-05-12 20:36:27,2020-05-12 20:46:58
110,0,0,2020-05-12 20:36:33,2020-05-12 20:48:00
139,0,0,2020-05-12 20:36:39,2020-05-12 20:44:56
82,140,0,2020-05-12 20:36:41,2020-05-12 20:44:10
64,0,0,2020-05-12 20:36:42,2020-05-12 20:47:01
107,0,407,2020-05-12 20:36:51,2020-05-12 20:37:18
14,0,0,2020-05-12 20:36:57,2020-05-12 20:46:56
84,0,0,2020-05-12 20:36:58,2020-05-12 20:47:30
42,0,0,2020-05-12 20:37:00,2020-05-12 20:48:18
112,0,0,2020-05-12 20:37:04,2020-05-12 20:47:14
66,0,0,2020-05-12 20:37:08,2020-05-12 20:47:35
107,0,406,2020-05-12 20:37:18,2020-05-12 20:38:08
130,0,163,2020-05-12 20:37:21,2020-05-12 20:38:52
62,0,0,2020-05-12 20:37:36,2020-05-12 20:47:46
141,0,0,2020-05-12 20:37:37,2020-05-12 20:46:28
80,0,0,2020-05-12 20:37:43,2020-05-12 20:41:45
2,0,0,2020-05-12 20:37:45,2020-05-12 20:48:44
136,0,0,2020-05-12 20:37:47,2020-05-12 20:47:17
27,0,0,2020-05-12 20:37:50,2020-05-12 20:48:01
61,0,0,2020-05-12 20:37:52,2020-05-12 20:46:47
52,0,0,2020-05-12 20:37:54,2020-05-12 20:47:41
73,0,0,2020-05-12 20:37:55,2020-05-12 20:48:33
76,0,0,2020-05-12 20:37:56,2020-05-12 20:47:27
119,0,0,2020-05-12 20:37:57,2020-05-12 20:47:19
107,0,405,2020-05-12 20:38:08,2020-05-12 20:38:45
56,0,0,2020-05-12 20:38:27,2020-05-12 20:48:20
48,0,0,2020-05-12 20:38:29,2020-05-12 20:47:28
58,0,0,2020-05-12 20:38:31,2020-05-12 20:49:24
138,0,0,2020-05-12 20:38:35,2020-05-12 20:48:38
151,0,0,2020-05-12 20:38:42,2020-05-12 20:48:05
107,0,404,2020-05-12 20:38:45,2020-05-12 20:39:10
20,0,0,2020-05-12 20:38:51,2020-05-12 20:47:17
130,0,313,2020-05-12 20:38:52,2020-05-12 20:51:08
51,0,0,2020-05-12 20:38:57,2020-05-12 20:50:13
71,0,0,2020-05-12 20:38:57,2020-05-12 20:49:21
11,0,0,2020-05-12 20:38:59,2020-05-12 20:49:40
147,0,0,2020-05-12 20:39:00,2020-05-12 20:49:17
105,0,0,2020-05-12 20:39:01,2020-05-12 20:35:25
82,0,0,2020-05-12 20:39:03,2020-05-12 20:41:25
107,0,403,2020-05-12 20:39:10,2020-05-12 20:39:36
101,0,0,2020-05-12 20:39:17,2020-05-12 20:48:57
117,0,0,2020-05-12 20:39:18,2020-05-12 20:48:56
116,0,0,2020-05-12 20:39:22,2020-05-12 20:49:22
36,0,0,2020-05-12 20:39:22,2020-05-12 20:49:40
33,0,0,2020-05-12 20:39:23,2020-05-12 20:49:31
149,-1,127,2020-05-12 20:39:25,2020-05-12 20:39:55
123,0,0,2020-05-12 20:39:25,2020-05-12 20:49:20
75,0,176,2020-05-12 20:39:29,2020-05-12 20:40:36
99,0,0,2020-05-12 20:39:30,2020-05-12 20:49:41
108,0,0,2020-05-12 20:39:30,2020-05-12 20:51:24
63,0,0,2020-05-12 20:39:32,2020-05-12 20:49:24
54,0,0,2020-05-12 20:39:34,2020-05-12 20:47:45
79,142,0,2020-05-12 20:39:34,2020-05-12 20:47:03
107,0,402,2020-05-12 20:39:36,2020-05-12 20:39:50
128,0,0,2020-05-12 20:39:36,2020-05-12 20:49:26
3,0,0,2020-05-12 20:39:37,2020-05-12 20:50:18
109,0,0,2020-05-12 20:39:41,2020-05-12 20:49:39
111,0,0,2020-05-12 20:39:45,2020-05-12 20:52:07
12,0,0,2020-05-12 20:39:47,2020-05-12 20:49:51
107,0,401,2020-05-12 20:39:50,2020-05-12 20:39:58
149,-1,305,2020-05-12 20:39:55,2020-05-12 20:40:22
158,0,0,2020-05-12 20:39:58,2020-05-12 20:49:06
107,0,301,2020-05-12 20:39:58,2020-05-12 20:42:13
44,0,0,2020-05-12 20:39:59,2020-05-12 20:49:17
102,0,0,2020-05-12 20:40:00,2020-05-12 20:51:16
41,0,0,2020-05-12 20:40:08,2020-05-12 20:49:56
1,0,0,2020-05-12 20:40:11,2020-05-12 20:50:07
85,-1,177,2020-05-12 20:40:13,2020-05-12 20:41:05
65,0,0,2020-05-12 20:40:15,2020-05-12 20:49:00
129,0,0,2020-05-12 20:40:15,2020-05-12 20:48:38
74,0,0,2020-05-12 20:40:17,2020-05-12 20:49:54
149,-1,304,2020-05-12 20:40:22,2020-05-12 20:40:56
19,0,0,2020-05-12 20:40:26,2020-05-12 20:50:17
113,0,0,2020-05-12 20:40:27,2020-05-12 20:50:25
10,0,0,2020-05-12 20:40:29,2020-05-12 20:50:56
8,0,0,2020-05-12 20:40:35,2020-05-12 20:51:14
75,0,324,2020-05-12 20:40:36,2020-05-12 20:46:56
97,0,0,2020-05-12 20:40:41,2020-05-12 20:51:10
18,0,0,2020-05-12 20:40:53,2020-05-12 20:50:44
17,0,0,2020-05-12 20:40:55,2020-05-12 20:44:15
149,-1,303,2020-05-12 20:40:56,2020-05-12 20:41:12
104,0,176,2020-05-12 20:41:03,2020-05-12 20:42:10
85,-1,324,2020-05-12 20:41:05,2020-05-12 20:46:43
149,-1,302,2020-05-12 20:41:12,2020-05-12 20:41:40
133,0,0,2020-05-12 20:41:16,2020-05-12 20:51:04
5,0,0,2020-05-12 20:41:24,2020-05-12 20:50:57
82,0,0,2020-05-12 20:41:25,2020-05-12 20:50:44
102,0,0,2020-05-12 20:41:28,2020-05-12 20:40:00
28,0,0,2020-05-12 20:41:32,2020-05-12 20:52:09
149,-1,301,2020-05-12 20:41:40,2020-05-12 20:44:25
68,0,0,2020-05-12 20:41:45,2020-05-12 20:52:22
80,0,0,2020-05-12 20:41:45,2020-05-12 20:52:51
40,-1,0,2020-05-12 20:41:57,2020-05-12 23:59:59
122,0,0,2020-05-12 20:41:59,2020-05-12 20:53:08
31,0,0,2020-05-12 20:42:00,2020-05-12 20:50:29
104,0,324,2020-05-12 20:42:10,2020-05-12 20:48:30
107,0,0,2020-05-12 20:42:13,2020-05-12 20:44:00
155,0,0,2020-05-12 20:42:15,2020-05-12 20:51:41
7,0,0,2020-05-12 20:42:16,2020-05-12 20:51:45
30,0,0,2020-05-12 20:42:17,2020-05-12 20:51:49
6,0,0,2020-05-12 20:42:17,2020-05-12 20:51:27
9,0,0,2020-05-12 20:42:17,2020-05-12 20:54:16
78,0,0,2020-05-12 20:42:28,2020-05-12 20:53:26
100,0,0,2020-05-12 20:42:28,2020-05-12 20:52:21
140,0,0,2020-05-12 20:42:29,2020-05-12 20:52:41
115,0,0,2020-05-12 20:42:31,2020-05-12 20:53:00
59,0,0,2020-05-12 20:42:31,2020-05-12 20:51:41
127,0,0,2020-05-12 20:42:40,2020-05-12 20:52:34
24,0,0,2020-05-12 20:43:01,2020-05-12 20:53:10
144,0,0,2020-05-12 20:43:03,2020-05-12 20:55:01
34,0,0,2020-05-12 20:43:05,2020-05-12 20:52:12
15,0,0,2020-05-12 20:43:12,2020-05-12 20:53:12
126,0,0,2020-05-12 20:43:13,2020-05-12 20:51:32
93,0,0,2020-05-12 20:43:14,2020-05-12 20:52:54
103,0,0,2020-05-12 20:43:14,2020-05-12 20:52:40
43,0,0,2020-05-12 20:43:15,2020-05-12 20:54:19
57,0,0,2020-05-12 20:43:28,2020-05-12 20:51:59
154,0,0,2020-05-12 20:43:36,2020-05-12 20:53:53
94,0,0,2020-05-12 20:43:45,2020-05-12 20:53:23
72,0,0,2020-05-12 20:43:49,2020-05-12 20:52:50
131,0,0,2020-05-12 20:43:56,2020-05-12 20:54:10
22,0,0,2020-05-12 20:43:58,2020-05-12 20:54:52
87,-1,0,2020-05-12 20:43:59,2020-05-12 23:59:59
150,-1,252,2020-05-12 20:44:00,2020-05-12 20:44:42
107,0,0,2020-05-12 20:44:00,2020-05-12 20:55:09
21,0,0,2020-05-12 20:44:03,2020-05-12 20:55:37
39,0,0,2020-05-12 20:44:05,2020-05-12 20:55:53
82,140,324,2020-05-12 20:44:10,2020-05-12 20:45:16
88,0,0,2020-05-12 20:44:11,2020-05-12 20:54:53
17,0,0,2020-05-12 20:44:15,2020-05-12 20:53:21
92,0,0,2020-05-12 20:44:22,2020-05-12 20:54:27
86,0,0,2020-05-12 20:44:24,2020-05-12 20:54:25
120,0,0,2020-05-12 20:44:24,2020-05-12 20:54:25
149,-1,0,2020-05-12 20:44:25,2020-05-12 23:59:59
26,0,0,2020-05-12 20:44:25,2020-05-12 20:55:34
95,-1,0,2020-05-12 20:44:26,2020-05-12 23:59:59
32,0,0,2020-05-12 20:44:26,2020-05-12 20:52:45
124,0,0,2020-05-12 20:44:30,2020-05-12 20:54:49
105,0,0,2020-05-12 20:44:30,2020-05-12 20:57:32
69,-1,0,2020-05-12 20:44:31,2020-05-12 23:59:59
53,0,0,2020-05-12 20:44:35,2020-05-12 20:54:29
77,0,0,2020-05-12 20:44:36,2020-05-12 20:54:41
150,-1,421,2020-05-12 20:44:42,2020-05-12 20:46:06
106,0,0,2020-05-12 20:44:44,2020-05-12 20:54:44
143,0,0,2020-05-12 20:44:44,2020-05-12 20:53:19
16,0,0,2020-05-12 20:44:46,2020-05-12 20:56:50
139,0,0,2020-05-12 20:44:56,2020-05-12 20:54:41
135,0,0,2020-05-12 20:45:01,2020-05-12 20:54:08
81,0,0,2020-05-12 20:45:04,2020-05-12 20:53:05
114,0,0,2020-05-12 20:45:10,2020-05-12 20:55:14
82,140,176,2020-05-12 20:45:16,2020-05-12 20:31:36
13,0,0,2020-05-12 20:45:32,2020-05-12 20:55:57
118,0,0,2020-05-12 20:45:36,2020-05-12 20:57:42
70,0,0,2020-05-12 20:45:37,2020-05-12 20:56:39
160,0,0,2020-05-12 20:46:06,2020-05-12 20:55:49
150,-1,325,2020-05-12 20:46:06,2020-05-12 20:51:46
121,0,0,2020-05-12 20:46:07,2020-05-12 20:55:27
49,0,0,2020-05-12 20:46:19,2020-05-12 20:54:42
141,0,0,2020-05-12 20:46:28,2020-05-12 20:56:23
85,-1,0,2020-05-12 20:46:43,2020-05-12 23:59:59
61,0,0,2020-05-12 20:46:47,2020-05-12 20:55:55
75,0,0,2020-05-12 20:46:56,2020-05-12 20:49:10
14,0,0,2020-05-12 20:46:56,2020-05-12 20:57:04
91,-1,173,2020-05-12 20:46:58,2020-05-12 20:48:14
98,0,0,2020-05-12 20:46:58,2020-05-12 20:56:43
64,0,0,2020-05-12 20:47:01,2020-05-12 20:56:21
79,142,324,2020-05-12 20:47:03,2020-05-12 20:48:09
137,0,0,2020-05-12 20:47:08,2020-05-12 20:55:50
112,0,0,2020-05-12 20:47:14,2020-05-12 20:58:06
136,0,0,2020-05-12 20:47:17,2020-05-12 20:57:26
20,0,0,2020-05-12 20:47:17,2020-05-12 20:58:35
119,0,0,2020-05-12 20:47:19,2020-05-12 20:57:07
76,0,0,2020-05-12 20:47:27,2020-05-12 20:57:08
48,0,0,2020-05-12 20:47:28,2020-05-12 20:56:50
84,0,0,2020-05-12 20:47:30,2020-05-12 20:54:59
66,0,0,2020-05-12 20:47:35,2020-05-12 20:59:17
52,-1,0,2020-05-12 20:47:41,2020-05-12 23:59:59
35,0,0,2020-05-12 20:47:41,2020-05-12 20:57:49
132,0,177,2020-05-12 20:47:41,2020-05-12 20:48:33
50,0,0,2020-05-12 20:47:43,2020-05-12 20:59:19
54,0,0,2020-05-12 20:47:45,2020-05-12 20:57:16
37,0,0,2020-05-12 20:47:46,2020-05-12 20:57:34
62,0,0,2020-05-12 20:47:46,2020-05-12 20:57:54
134,0,0,2020-05-12 20:47:47,2020-05-12 20:57:03
110,0,0,2020-05-12 20:48:00,2020-05-12 20:59:54
27,0,0,2020-05-12 20:48:01,2020-05-12 20:57:12
151,0,0,2020-05-12 20:48:05,2020-05-12 20:57:37
79,142,176,2020-05-12 20:48:09,2020-05-12 21:00:37
130,0,0,2020-05-12 20:48:11,2020-05-12 20:59:45
91,-1,323,2020-05-12 20:48:14,2020-05-12 20:48:29
42,0,0,2020-05-12 20:48:18,2020-05-12 20:58:53
56,0,0,2020-05-12 20:48:20,2020-05-12 20:57:09
91,-1,322,2020-05-12 20:48:29,2020-05-12 20:49:08
104,0,0,2020-05-12 20:48:30,2020-05-12 20:50:25
73,0,0,2020-05-12 20:48:33,2020-05-12 20:59:25
142,0,177,2020-05-12 20:48:33,2020-05-12 20:49:25
132,0,324,2020-05-12 20:48:33,2020-05-12 20:54:11
129,0,0,2020-05-12 20:48:38,2020-05-12 20:58:32
138,0,0,2020-05-12 20:48:38,2020-05-12 20:59:37
2,0,0,2020-05-12 20:48:44,2020-05-12 20:59:54
117,0,0,2020-05-12 20:48:56,2020-05-12 20:57:07
101,0,0,2020-05-12 20:48:57,2020-05-12 20:59:59
65,0,0,2020-05-12 20:49:00,2020-05-12 20:59:55
158,0,0,2020-05-12 20:49:06,2020-05-12 20:57:46
91,-1,325,2020-05-12 20:49:08,2020-05-12 20:54:36
75,0,0,2020-05-12 20:49:10,2020-05-12 20:59:42
44,0,0,2020-05-12 20:49:17,2020-05-12 20:59:11
147,0,0,2020-05-12 20:49:17,2020-05-12 21:00:07
123,0,0,2020-05-12 20:49:20,2020-05-12 20:59:39
71,0,0,2020-05-12 20:49:21,2020-05-12 20:59:36
116,0,0,2020-05-12 20:49:22,2020-05-12 20:59:26
58,0,0,2020-05-12 20:49:24,2020-05-12 21:00:12
63,0,0,2020-05-12 20:49:24,2020-05-12 20:57:50
142,0,324,2020-05-12 20:49:25,2020-05-12 20:55:03
128,0,0,2020-05-12 20:49:26,2020-05-12 20:59:23
33,-1,0,2020-05-12 20:49:31,2020-05-12 23:59:59
109,0,0,2020-05-12 20:49:39,2020-05-12 20:58:49
36,-1,0,2020-05-12 20:49:40,2020-05-12 23:59:59
11,0,0,2020-05-12 20:49:40,2020-05-12 21:00:43
99,0,0,2020-05-12 20:49:41,2020-05-12 20:59:19
12,0,0,2020-05-12 20:49:51,2020-05-12 20:58:52
74,0,0,2020-05-12 20:49:54,2020-05-12 21:00:38
41,0,0,2020-05-12 20:49:56,2020-05-12 21:01:51
1,-1,0,2020-05-12 20:50:07,2020-05-12 23:59:59
51,-1,0,2020-05-12 20:50:13,2020-05-12 23:59:59
19,0,0,2020-05-12 20:50:17,2020-05-12 20:59:45
3,0,0,2020-05-12 20:50:18,2020-05-12 20:57:21
125,0,173,2020-05-12 20:50:24,2020-05-12 20:51:40
113,0,0,2020-05-12 20:50:25,2020-05-12 20:59:34
104,0,0,2020-05-12 20:50:25,2020-05-12 20:59:12
31,0,0,2020-05-12 20:50:29,2020-05-12 20:59:48
82,0,0,2020-05-12 20:50:44,2020-05-12 21:00:45
18,0,0,2020-05-12 20:50:44,2020-05-12 21:01:31
10,0,0,2020-05-12 20:50:56,2020-05-12 21:01:02
5,-1,0,2020-05-12 20:50:57,2020-05-12 23:59:59
133,0,0,2020-05-12 20:51:04,2020-05-12 21:02:09
130,0,0,2020-05-12 20:51:08,2020-05-12 20:48:11
97,0,0,2020-05-12 20:51:10,2020-05-12 20:59:15
8,-1,0,2020-05-12 20:51:14,2020-05-12 23:59:59
102,0,0,2020-05-12 20:51:16,2020-05-12 21:00:18
108,0,0,2020-05-12 20:51:24,2020-05-12 21:02:48
6,0,0,2020-05-12 20:51:27,2020-05-12 21:01:25
126,0,0,2020-05-12 20:51:32,2020-05-12 21:01:11
125,0,323,2020-05-12 20:51:40,2020-05-12 20:51:55
59,0,0,2020-05-12 20:51:41,2020-05-12 21:00:46
155,0,0,2020-05-12 20:51:41,2020-05-12 21:02:13
7,0,0,2020-05-12 20:51:45,2020-05-12 21:02:13
150,-1,0,2020-05-12 20:51:46,2020-05-12 23:59:59
30,0,0,2020-05-12 20:51:49,2020-05-12 21:00:38
125,0,322,2020-05-12 20:51:55,2020-05-12 20:52:34
57,0,0,2020-05-12 20:51:59,2020-05-12 21:03:21
111,0,0,2020-05-12 20:52:07,2020-05-12 21:02:51
28,0,0,2020-05-12 20:52:09,2020-05-12 21:02:48
34,-1,0,2020-05-12 20:52:12,2020-05-12 23:59:59
100,0,0,2020-05-12 20:52:21,2020-05-12 21:01:12
68,0,0,2020-05-12 20:52:22,2020-05-12 21:03:03
127,0,0,2020-05-12 20:52:34,2020-05-12 21:03:15
125,0,325,2020-05-12 20:52:34,2020-05-12 20:58:02
103,0,0,2020-05-12 20:52:40,2020-05-12 21:03:01
140,0,0,2020-05-12 20:52:41,2020-05-12 21:02:49
32,0,0,2020-05-12 20:52:45,2020-05-12 21:02:54
72,0,0,2020-05-12 20:52:50,2020-05-12 21:03:37
80,0,0,2020-05-12 20:52:51,2020-05-12 21:02:46
93,0,0,2020-05-12 20:52:54,2020-05-12 21:03:20
115,0,0,2020-05-12 20:53:00,2020-05-12 21:03:36
81,0,0,2020-05-12 20:53:05,2020-05-12 21:02:59
55,0,215,2020-05-12 20:53:06,2020-05-12 20:53:35
122,0,0,2020-05-12 20:53:08,2020-05-12 21:03:50
24,0,0,2020-05-12 20:53:10,2020-05-12 21:03:01
15,0,0,2020-05-12 20:53:12,2020-05-12 21:04:55
148,0,125,2020-05-12 20:53:19,2020-05-12 20:53:36
143,0,0,2020-05-12 20:53:19,2020-05-12 21:04:00
17,0,0,2020-05-12 20:53:21,2020-05-12 21:04:42
94,0,0,2020-05-12 20:53:23,2020-05-12 21:03:14
78,0,0,2020-05-12 20:53:26,2020-05-12 21:02:00
55,0,410,2020-05-12 20:53:35,2020-05-12 20:53:44
148,0,304,2020-05-12 20:53:36,2020-05-12 20:54:02
55,0,313,2020-05-12 20:53:44,2020-05-12 21:01:39
154,0,0,2020-05-12 20:53:53,2020-05-12 21:03:42
148,0,303,2020-05-12 20:54:02,2020-05-12 20:55:21
135,0,0,2020-05-12 20:54:08,2020-05-12 21:03:33
131,0,0,2020-05-12 20:54:10,2020-05-12 21:04:36
132,0,0,2020-05-12 20:54:11,2020-05-12 20:56:54
9,0,0,2020-05-12 20:54:16,2020-05-12 21:04:03
43,0,0,2020-05-12 20:54:19,2020-05-12 21:04:06
120,0,0,2020-05-12 20:54:25,2020-05-12 21:04:52
86,0,0,2020-05-12 20:54:25,2020-05-12 21:03:51
92,-1,0,2020-05-12 20:54:27,2020-05-12 23:59:59
53,0,0,2020-05-12 20:54:29,2020-05-12 21:04:26
91,-1,0,2020-05-12 20:54:36,2020-05-12 23:59:59
77,0,0,2020-05-12 20:54:41,2020-05-12 21:04:20
139,0,0,2020-05-12 20:54:41,2020-05-12 21:03:35
49,0,0,2020-05-12 20:54:42,2020-05-12 21:04:43
106,0,0,2020-05-12 20:54:44,2020-05-12 21:05:17
124,0,0,2020-05-12 20:54:49,2020-05-12 21:03:48
22,0,0,2020-05-12 20:54:52,2020-05-12 21:04:20
88,0,0,2020-05-12 20:54:53,2020-05-12 21:05:09
84,-1,0,2020-05-12 20:54:59,2020-05-12 23:59:59
144,0,0,2020-05-12 20:55:01,2020-05-12 21:05:24
142,0,0,2020-05-12 20:55:03,2020-05-12 20:59:54
107,0,0,2020-05-12 20:55:09,2020-05-12 21:06:01
114,-1,0,2020-05-12 20:55:14,2020-05-12 23:59:59
148,0,315,2020-05-12 20:55:21,2020-05-12 20:57:05
121,0,0,2020-05-12 20:55:27,2020-05-12 21:04:21
26,0,0,2020-05-12 20:55:34,2020-05-12 21:05:08
21,0,0,2020-05-12 20:55:37,2020-05-12 21:03:42
160,0,0,2020-05-12 20:55:49,2020-05-12 21:05:01
137,0,0,2020-05-12 20:55:50,2020-05-12 21:06:23
39,0,0,2020-05-12 20:55:53,2020-05-12 21:05:40
61,-1,0,2020-05-12 20:55:55,2020-05-12 23:59:59
13,0,0,2020-05-12 20:55:57,2020-05-12 21:04:53
64,0,0,2020-05-12 20:56:21,2020-05-12 21:06:36
141,0,0,2020-05-12 20:56:23,2020-05-12 21:05:26
70,0,0,2020-05-12 20:56:39,2020-05-12 21:07:44
98,0,0,2020-05-12 20:56:43,2020-05-12 21:07:53
16,0,0,2020-05-12 20:56:50,2020-05-12 21:06:11
48,0,0,2020-05-12 20:56:50,2020-05-12 21:05:35
132,0,0,2020-05-12 20:56:54,2020-05-12 21:06:12
134,0,0,2020-05-12 20:57:03,2020-05-12 21:08:40
14,0,0,2020-05-12 20:57:04,2020-05-12 21:08:46
148,0,320,2020-05-12 20:57:05,2020-05-12 20:57:25
119,0,0,2020-05-12 20:57:07,2020-05-12 21:09:19
117,0,0,2020-05-12 20:57:07,2020-05-12 21:06:51
76,0,0,2020-05-12 20:57:08,2020-05-12 21:04:45
56,0,0,2020-05-12 20:57:09,2020-05-12 21:06:38
27,0,0,2020-05-12 20:57:12,2020-05-12 21:08:06
54,0,0,2020-05-12 20:57:16,2020-05-12 21:05:56
3,-1,0,2020-05-12 20:57:21,2020-05-12 23:59:59
148,0,326,2020-05-12 20:57:25,2020-05-12 20:58:06
136,0,0,2020-05-12 20:57:26,2020-05-12 21:07:23
105,0,0,2020-05-12 20:57:32,2020-05-12 21:08:41
37,0,0,2020-05-12 20:57:34,2020-05-12 21:07:21
151,0,0,2020-05-12 20:57:37,2020-05-12 21:09:15
118,0,0,2020-05-12 20:57:42,2020-05-12 21:05:27
158,0,0,2020-05-12 20:57:46,2020-05-12 21:07:05
35,-1,0,2020-05-12 20:57:49,2020-05-12 23:59:59
63,0,0,2020-05-12 20:57:50,2020-05-12 21:08:13
62,0,0,2020-05-12 20:57:54,2020-05-12 21:07:30
125,0,0,2020-05-12 20:58:02,2020-05-12 21:00:34
112,0,0,2020-05-12 20:58:06,2020-05-12 21:06:33
148,0,0,2020-05-12 20:58:06,2020-05-12 21:03:39
129,0,0,2020-05-12 20:58:32,2020-05-12 21:08:38
20,-1,0,2020-05-12 20:58:35,2020-05-12 23:59:59
152,-1,143,2020-05-12 20:58:42,2020-05-12 20:59:26
109,0,0,2020-05-12 20:58:49,2020-05-12 21:08:39
12,0,0,2020-05-12 20:58:52,2020-05-12 21:06:44
42,0,0,2020-05-12 20:58:53,2020-05-12 21:08:18
44,-1,0,2020-05-12 20:59:11,2020-05-12 23:59:59
104,0,0,2020-05-12 20:59:12,2020-05-12 21:10:57
97,0,0,2020-05-12 20:59:15,2020-05-12 21:09:07
66,0,0,2020-05-12 20:59:17,2020-05-12 21:09:45
99,0,0,2020-05-12 20:59:19,2020-05-12 21:11:27
50,0,0,2020-05-12 20:59:19,2020-05-12 21:10:46
156,-1,176,2020-05-12 20:59:21,2020-05-12 21:00:28
128,0,0,2020-05-12 20:59:23,2020-05-12 21:09:06
73,0,0,2020-05-12 20:59:25,2020-05-12 21:10:33
152,-1,320,2020-05-12 20:59:26,2020-05-12 20:59:48
116,0,0,2020-05-12 20:59:26,2020-05-12 21:10:21
113,0,0,2020-05-12 20:59:34,2020-05-12 21:08:54
71,0,0,2020-05-12 20:59:36,2020-05-12 21:11:15
138,0,0,2020-05-12 20:59:37,2020-05-12 21:09:26
123,0,0,2020-05-12 20:59:39,2020-05-12 21:09:54
75,0,0,2020-05-12 20:59:42,2020-05-12 21:10:40
130,0,0,2020-05-12 20:59:45,2020-05-12 21:09:50
19,-1,0,2020-05-12 20:59:45,2020-05-12 23:59:59
152,-1,326,2020-05-12 20:59:48,2020-05-12 21:00:25
31,0,0,2020-05-12 20:59:48,2020-05-12 21:07:34
2,0,0,2020-05-12 20:59:54,2020-05-12 21:10:29
142,0,0,2020-05-12 20:59:54,2020-05-12 21:09:38
110,0,0,2020-05-12 20:59:54,2020-05-12 21:11:58
65,0,0,2020-05-12 20:59:55,2020-05-12 21:10:40
101,0,0,2020-05-12 20:59:59,2020-05-12 21:11:21
147,0,0,2020-05-12 21:00:07,2020-05-12 21:10:43
58,0,0,2020-05-12 21:00:12,2020-05-12 21:10:02
102,0,0,2020-05-12 21:00:18,2020-05-12 21:10:50
152,-1,0,2020-05-12 21:00:25,2020-05-12 23:59:59
156,-1,324,2020-05-12 21:00:28,2020-05-12 21:06:48
125,0,0,2020-05-12 21:00:34,2020-05-12 21:12:05
79,0,176,2020-05-12 21:00:37,2020-05-12 21:01:44
30,0,0,2020-05-12 21:00:38,2020-05-12 21:09:51
74,-1,0,2020-05-12 21:00:38,2020-05-12 23:59:59
11,0,0,2020-05-12 21:00:43,2020-05-12 21:10:59
82,0,0,2020-05-12 21:00:45,2020-05-12 21:10:22
59,-1,0,2020-05-12 21:00:46,2020-05-12 23:59:59
10,-1,0,2020-05-12 21:01:02,2020-05-12 23:59:59
126,0,0,2020-05-12 21:01:11,2020-05-12 21:09:10
100,0,0,2020-05-12 21:01:12,2020-05-12 21:09:59
6,0,0,2020-05-12 21:01:25,2020-05-12 21:11:01
18,0,0,2020-05-12 21:01:31,2020-05-12 21:11:02
55,0,0,2020-05-12 21:01:39,2020-05-12 21:02:49
79,0,324,2020-05-12 21:01:44,2020-05-12 21:08:04
41,0,0,2020-05-12 21:01:51,2020-05-12 21:11:48
78,-1,0,2020-05-12 21:02:00,2020-05-12 23:59:59
133,0,0,2020-05-12 21:02:09,2020-05-12 21:12:15
155,0,0,2020-05-12 21:02:13,2020-05-12 21:12:04
7,0,0,2020-05-12 21:02:13,2020-05-12 21:12:36
80,0,0,2020-05-12 21:02:46,2020-05-12 21:13:45
28,-1,0,2020-05-12 21:02:48,2020-05-12 23:59:59
108,0,0,2020-05-12 21:02:48,2020-05-12 21:13:41
140,0,0,2020-05-12 21:02:49,2020-05-12 21:11:48
55,0,0,2020-05-12 21:02:49,2020-05-12 21:12:23
111,0,0,2020-05-12 21:02:51,2020-05-12 21:12:28
32,0,0,2020-05-12 21:02:54,2020-05-12 21:11:50
81,0,0,2020-05-12 21:02:59,2020-05-12 21:11:28
103,0,0,2020-05-12 21:03:01,2020-05-12 21:12:08
24,0,0,2020-05-12 21:03:01,2020-05-12 21:13:39
68,-1,0,2020-05-12 21:03:03,2020-05-12 23:59:59
94,0,0,2020-05-12 21:03:14,2020-05-12 21:14:00
127,0,0,2020-05-12 21:03:15,2020-05-12 21:14:19
93,0,0,2020-05-12 21:03:20,2020-05-12 21:14:41
57,-1,0,2020-05-12 21:03:21,2020-05-12 23:59:59
135,0,0,2020-05-12 21:03:33,2020-05-12 21:12:10
139,0,0,2020-05-12 21:03:35,2020-05-12 21:12:06
115,0,0,2020-05-12 21:03:36,2020-05-12 21:11:48
72,0,0,2020-05-12 21:03:37,2020-05-12 21:15:39
148,0,0,2020-05-12 21:03:39,2020-05-12 21:14:03
154,0,0,2020-05-12 21:03:42,2020-05-12 21:14:03
21,0,0,2020-05-12 21:03:42,2020-05-12 21:14:56
124,0,0,2020-05-12 21:03:48,2020-05-12 21:15:31
122,0,0,2020-05-12 21:03:50,2020-05-12 21:14:00
86,0,0,2020-05-12 21:03:51,2020-05-12 21:13:52
143,0,0,2020-05-12 21:04:00,2020-05-12 21:13:27
9,0,0,2020-05-12 21:04:03,2020-05-12 21:14:13
43,-1,0,2020-05-12 21:04:06,2020-05-12 23:59:59
22,0,0,2020-05-12 21:04:20,2020-05-12 21:14:39
77,0,0,2020-05-12 21:04:20,2020-05-12 21:13:24
121,0,0,2020-05-12 21:04:21,2020-05-12 21:14:59
53,-1,0,2020-05-12 21:04:26,2020-05-12 23:59:59
131,0,0,2020-05-12 21:04:36,2020-05-12 21:15:18
17,-1,0,2020-05-12 21:04:42,2020-05-12 23:59:59
49,-1,0,2020-05-12 21:04:43,2020-05-12 23:59:59
76,0,0,2020-05-12 21:04:45,2020-05-12 21:14:35
120,0,0,2020-05-12 21:04:52,2020-05-12 21:15:31
13,0,0,2020-05-12 21:04:53,2020-05-12 21:13:17
15,-1,0,2020-05-12 21:04:55,2020-05-12 23:59:59
160,0,0,2020-05-12 21:05:01,2020-05-12 21:15:24
26,-1,0,2020-05-12 21:05:08,2020-05-12 23:59:59
88,0,0,2020-05-12 21:05:09,2020-05-12 21:14:40
106,0,0,2020-05-12 21:05:17,2020-05-12 21:15:06
144,0,0,2020-05-12 21:05:24,2020-05-12 21:16:07
141,0,0,2020-05-12 21:05:26,2020-05-12 21:17:01
118,0,0,2020-05-12 21:05:27,2020-05-12 21:15:18
48,-1,0,2020-05-12 21:05:35,2020-05-12 23:59:59
39,-1,0,2020-05-12 21:05:40,2020-05-12 23:59:59
54,-1,0,2020-05-12 21:05:56,2020-05-12 23:59:59
107,0,0,2020-05-12 21:06:01,2020-05-12 21:15:41
16,0,0,2020-05-12 21:06:11,2020-05-12 21:16:38
132,0,0,2020-05-12 21:06:12,2020-05-12 21:17:39
137,0,0,2020-05-12 21:06:23,2020-05-12 21:16:08
112,0,0,2020-05-12 21:06:33,2020-05-12 21:17:13
64,-1,0,2020-05-12 21:06:36,2020-05-12 23:59:59
56,-1,0,2020-05-12 21:06:38,2020-05-12 23:59:59
12,0,0,2020-05-12 21:06:44,2020-05-12 21:15:32
156,-1,0,2020-05-12 21:06:48,2020-05-12 23:59:59
117,0,0,2020-05-12 21:06:51,2020-05-12 21:16:09
158,0,0,2020-05-12 21:07:05,2020-05-12 21:16:58
37,0,0,2020-05-12 21:07:21,2020-05-12 21:15:12
136,0,0,2020-05-12 21:07:23,2020-05-12 21:16:59
62,0,0,2020-05-12 21:07:30,2020-05-12 21:19:19
31,0,0,2020-05-12 21:07:34,2020-05-12 21:13:55
70,0,0,2020-05-12 21:07:44,2020-05-12 21:16:22
98,0,0,2020-05-12 21:07:53,2020-05-12 21:17:11
79,0,0,2020-05-12 21:08:04,2020-05-12 21:09:10
27,0,0,2020-05-12 21:08:06,2020-05-12 21:19:25
63,0,0,2020-05-12 21:08:13,2020-05-12 21:19:21
42,-1,0,2020-05-12 21:08:18,2020-05-12 23:59:59
129,0,0,2020-05-12 21:08:38,2020-05-12 21:19:40
109,0,0,2020-05-12 21:08:39,2020-05-12 21:17:12
134,0,0,2020-05-12 21:08:40,2020-05-12 21:18:37
105,0,0,2020-05-12 21:08:41,2020-05-12 21:18:15
14,0,0,2020-05-12 21:08:46,2020-05-12 21:17:56
113,0,0,2020-05-12 21:08:54,2020-05-12 21:17:42
128,0,0,2020-05-12 21:09:06,2020-05-12 21:18:41
97,0,0,2020-05-12 21:09:07,2020-05-12 21:20:30
126,0,0,2020-05-12 21:09:10,2020-05-12 21:20:12
79,0,0,2020-05-12 21:09:10,2020-05-12 21:18:08
151,0,0,2020-05-12 21:09:15,2020-05-12 21:19:17
119,0,0,2020-05-12 21:09:19,2020-05-12 21:19:38
138,0,0,2020-05-12 21:09:26,2020-05-12 21:20:04
142,0,0,2020-05-12 21:09:38,2020-05-12 21:17:50
66,-1,0,2020-05-12 21:09:45,2020-05-12 23:59:59
130,0,0,2020-05-12 21:09:50,2020-05-12 21:19:31
30,0,0,2020-05-12 21:09:51,2020-05-12 21:20:40
123,0,0,2020-05-12 21:09:54,2020-05-12 21:20:32
100,0,0,2020-05-12 21:09:59,2020-05-12 21:20:13
58,0,0,2020-05-12 21:10:02,2020-05-12 21:19:20
116,0,0,2020-05-12 21:10:21,2020-05-12 21:20:58
82,0,0,2020-05-12 21:10:22,2020-05-12 21:19:57
2,0,0,2020-05-12 21:10:29,2020-05-12 21:22:25
73,0,0,2020-05-12 21:10:33,2020-05-12 21:18:34
65,0,0,2020-05-12 21:10:40,2020-05-12 21:19:23
75,0,0,2020-05-12 21:10:40,2020-05-12 21:20:14
147,0,0,2020-05-12 21:10:43,2020-05-12 21:20:53
50,0,0,2020-05-12 21:10:46,2020-05-12 21:19:21
102,0,0,2020-05-12 21:10:50,2020-05-12 21:20:07
104,0,0,2020-05-12 21:10:57,2020-05-12 21:21:58
11,0,0,2020-05-12 21:10:59,2020-05-12 21:20:19
6,-1,0,2020-05-12 21:11:01,2020-05-12 23:59:59
18,0,0,2020-05-12 21:11:02,2020-05-12 21:22:13
71,0,0,2020-05-12 21:11:15,2020-05-12 21:19:16
101,-1,0,2020-05-12 21:11:21,2020-05-12 23:59:59
99,0,0,2020-05-12 21:11:27,2020-05-12 21:22:32
81,-1,0,2020-05-12 21:11:28,2020-05-12 23:59:59
140,-1,0,2020-05-12 21:11:48,2020-05-12 23:59:59
115,0,0,2020-05-12 21:11:48,2020-05-12 21:23:01
41,0,0,2020-05-12 21:11:48,2020-05-12 21:22:11
32,0,0,2020-05-12 21:11:50,2020-05-12 21:23:18
110,0,0,2020-05-12 21:11:58,2020-05-12 21:22:34
155,-1,0,2020-05-12 21:12:04,2020-05-12 23:59:59
125,0,0,2020-05-12 21:12:05,2020-05-12 21:22:48
139,-1,0,2020-05-12 21:12:06,2020-05-12 23:59:59
103,0,0,2020-05-12 21:12:08,2020-05-12 21:22:38
135,0,0,2020-05-12 21:12:10,2020-05-12 21:23:19
133,0,0,2020-05-12 21:12:15,2020-05-12 21:21:25
55,0,0,2020-05-12 21:12:23,2020-05-12 21:21:06
111,0,0,2020-05-12 21:12:28,2020-05-12 21:22:06
7,0,0,2020-05-12 21:12:36,2020-05-12 21:22:48
13,0,0,2020-05-12 21:13:17,2020-05-12 21:23:49
77,0,0,2020-05-12 21:13:24,2020-05-12 21:23:34
143,-1,0,2020-05-12 21:13:27,2020-05-12 23:59:59
24,-1,0,2020-05-12 21:13:39,2020-05-12 23:59:59
108,-1,0,2020-05-12 21:13:41,2020-05-12 23:59:59
80,0,0,2020-05-12 21:13:45,2020-05-12 21:22:57
86,0,0,2020-05-12 21:13:52,2020-05-12 21:24:59
31,0,0,2020-05-12 21:13:55,2020-05-12 21:25:23
122,0,0,2020-05-12 21:14:00,2020-05-12 21:22:23
94,-1,0,2020-05-12 21:14:00,2020-05-12 23:59:59
148,0,0,2020-05-12 21:14:03,2020-05-12 21:22:29
154,0,0,2020-05-12 21:14:03,2020-05-12 21:23:32
9,0,0,2020-05-12 21:14:13,2020-05-12 21:25:15
127,0,0,2020-05-12 21:14:19,2020-05-12 21:24:23
76,-1,0,2020-05-12 21:14:35,2020-05-12 23:59:59
22,-1,0,2020-05-12 21:14:39,2020-05-12 23:59:59
88,0,0,2020-05-12 21:14:40,2020-05-12 21:22:28
93,-1,0,2020-05-12 21:14:41,2020-05-12 23:59:59
21,0,0,2020-05-12 21:14:56,2020-05-12 21:25:45
121,0,0,2020-05-12 21:14:59,2020-05-12 21:24:20
106,0,0,2020-05-12 21:15:06,2020-05-12 21:26:16
37,0,0,2020-05-12 21:15:12,2020-05-12 21:24:42
131,0,0,2020-05-12 21:15:18,2020-05-12 21:26:41
118,0,0,2020-05-12 21:15:18,2020-05-12 21:23:54
160,-1,0,2020-05-12 21:15:24,2020-05-12 23:59:59
124,0,0,2020-05-12 21:15:31,2020-05-12 21:26:56
120,0,0,2020-05-12 21:15:31,2020-05-12 21:26:17
12,0,0,2020-05-12 21:15:32,2020-05-12 21:25:13
72,-1,0,2020-05-12 21:15:39,2020-05-12 23:59:59
107,0,0,2020-05-12 21:15:41,2020-05-12 21:24:40
144,0,0,2020-05-12 21:16:07,2020-05-12 21:27:00
137,0,0,2020-05-12 21:16:08,2020-05-12 21:25:20
117,0,0,2020-05-12 21:16:09,2020-05-12 21:26:29
70,0,0,2020-05-12 21:16:22,2020-05-12 21:26:21
16,0,0,2020-05-12 21:16:38,2020-05-12 21:26:38
158,-1,0,2020-05-12 21:16:58,2020-05-12 23:59:59
136,0,0,2020-05-12 21:16:59,2020-05-12 21:28:24
141,0,0,2020-05-12 21:17:01,2020-05-12 21:27:56
98,0,0,2020-05-12 21:17:11,2020-05-12 21:28:47
109,0,0,2020-05-12 21:17:12,2020-05-12 21:27:39
112,0,0,2020-05-12 21:17:13,2020-05-12 21:27:42
132,0,0,2020-05-12 21:17:39,2020-05-12 21:26:27
113,0,0,2020-05-12 21:17:42,2020-05-12 21:28:17
142,0,0,2020-05-12 21:17:50,2020-05-12 21:28:00
14,0,0,2020-05-12 21:17:56,2020-05-12 21:27:18
79,0,0,2020-05-12 21:18:08,2020-05-12 21:29:05
105,0,0,2020-05-12 21:18:15,2020-05-12 21:27:24
73,0,0,2020-05-12 21:18:34,2020-05-12 21:27:45
134,0,0,2020-05-12 21:18:37,2020-05-12 21:29:25
128,0,0,2020-05-12 21:18:41,2020-05-12 21:27:14
71,-1,0,2020-05-12 21:19:16,2020-05-12 23:59:59
151,0,0,2020-05-12 21:19:17,2020-05-12 21:30:35
62,0,0,2020-05-12 21:19:19,2020-05-12 21:29:40
58,0,0,2020-05-12 21:19:20,2020-05-12 21:28:42
50,0,0,2020-05-12 21:19:21,2020-05-12 21:29:30
63,0,0,2020-05-12 21:19:21,2020-05-12 21:29:22
65,-1,0,2020-05-12 21:19:23,2020-05-12 23:59:59
27,0,0,2020-05-12 21:19:25,2020-05-12 21:28:11
130,0,0,2020-05-12 21:19:31,2020-05-12 21:28:28
119,0,0,2020-05-12 21:19:38,2020-05-12 21:30:28
129,0,0,2020-05-12 21:19:40,2020-05-12 21:29:31
82,-1,0,2020-05-12 21:19:57,2020-05-12 23:59:59
138,0,0,2020-05-12 21:20:04,2020-05-12 21:29:11
102,0,0,2020-05-12 21:20:07,2020-05-12 21:31:04
126,0,0,2020-05-12 21:20:12,2020-05-12 21:28:07
100,0,0,2020-05-12 21:20:13,2020-05-12 21:29:56
75,-1,0,2020-05-12 21:20:14,2020-05-12 23:59:59
11,0,0,2020-05-12 21:20:19,2020-05-12 21:30:52
97,0,0,2020-05-12 21:20:30,2020-05-12 21:29:39
123,0,0,2020-05-12 21:20:32,2020-05-12 21:31:46
30,0,0,2020-05-12 21:20:40,2020-05-12 21:31:36
147,0,0,2020-05-12 21:20:53,2020-05-12 21:31:18
116,0,0,2020-05-12 21:20:58,2020-05-12 21:30:31
55,0,0,2020-05-12 21:21:06,2020-05-12 21:31:28
133,0,0,2020-05-12 21:21:25,2020-05-12 21:32:14
104,-1,0,2020-05-12 21:21:58,2020-05-12 23:59:59
111,0,0,2020-05-12 21:22:06,2020-05-12 21:34:10
41,-1,0,2020-05-12 21:22:11,2020-05-12 23:59:59
18,0,0,2020-05-12 21:22:13,2020-05-12 21:34:30
122,0,0,2020-05-12 21:22:23,2020-05-12 21:32:51
2,-1,0,2020-05-12 21:22:25,2020-05-12 23:59:59
88,0,0,2020-05-12 21:22:28,2020-05-12 21:32:24
148,-1,0,2020-05-12 21:22:29,2020-05-12 23:59:59
99,0,0,2020-05-12 21:22:32,2020-05-12 21:32:24
110,0,0,2020-05-12 21:22:34,2020-05-12 21:33:47
103,-1,0,2020-05-12 21:22:38,2020-05-12 23:59:59
7,-1,0,2020-05-12 21:22:48,2020-05-12 23:59:59
125,0,0,2020-05-12 21:22:48,2020-05-12 21:32:26
80,-1,0,2020-05-12 21:22:57,2020-05-12 23:59:59
115,0,0,2020-05-12 21:23:01,2020-05-12 21:33:39
32,-1,0,2020-05-12 21:23:18,2020-05-12 23:59:59
135,0,0,2020-05-12 21:23:19,2020-05-12 21:32:24
154,0,0,2020-05-12 21:23:32,2020-05-12 21:34:42
77,0,0,2020-05-12 21:23:34,2020-05-12 21:32:37
13,0,0,2020-05-12 21:23:49,2020-05-12 21:35:00
118,0,0,2020-05-12 21:23:54,2020-05-12 21:33:39
121,0,0,2020-05-12 21:24:20,2020-05-12 21:34:20
127,0,0,2020-05-12 21:24:23,2020-05-12 21:34:51
107,0,0,2020-05-12 21:24:40,2020-05-12 21:35:35
37,-1,0,2020-05-12 21:24:42,2020-05-12 23:59:59
86,0,0,2020-05-12 21:24:59,2020-05-12 21:35:01
12,0,0,2020-05-12 21:25:13,2020-05-12 21:35:52
9,0,0,2020-05-12 21:25:15,2020-05-12 21:36:02
137,0,0,2020-05-12 21:25:20,2020-05-12 21:36:11
31,0,0,2020-05-12 21:25:23,2020-05-12 21:34:37
21,0,0,2020-05-12 21:25:45,2020-05-12 21:36:27
106,0,0,2020-05-12 21:26:16,2020-05-12 21:34:01
120,-1,0,2020-05-12 21:26:17,2020-05-12 23:59:59
70,-1,0,2020-05-12 21:26:21,2020-05-12 23:59:59
132,0,0,2020-05-12 21:26:27,2020-05-12 21:35:22
117,0,0,2020-05-12 21:26:29,2020-05-12 21:36:57
16,0,0,2020-05-12 21:26:38,2020-05-12 21:35:59
131,0,0,2020-05-12 21:26:41,2020-05-12 21:37:35
124,0,0,2020-05-12 21:26:56,2020-05-12 21:37:05
144,0,0,2020-05-12 21:27:00,2020-05-12 21:38:11
128,0,0,2020-05-12 21:27:14,2020-05-12 21:36:26
14,0,0,2020-05-12 21:27:18,2020-05-12 21:37:36
105,0,0,2020-05-12 21:27:24,2020-05-12 21:36:37
109,0,0,2020-05-12 21:27:39,2020-05-12 21:38:32
112,0,0,2020-05-12 21:27:42,2020-05-12 21:38:06
73,-1,0,2020-05-12 21:27:45,2020-05-12 23:59:59
141,0,0,2020-05-12 21:27:56,2020-05-12 21:38:01
142,0,0,2020-05-12 21:28:00,2020-05-12 21:38:04
126,0,0,2020-05-12 21:28:07,2020-05-12 21:36:43
27,0,0,2020-05-12 21:28:11,2020-05-12 21:36:56
113,0,0,2020-05-12 21:28:17,2020-05-12 21:38:27
136,0,0,2020-05-12 21:28:24,2020-05-12 21:38:15
130,0,0,2020-05-12 21:28:28,2020-05-12 21:38:39
58,0,0,2020-05-12 21:28:42,2020-05-12 21:39:30
98,0,0,2020-05-12 21:28:47,2020-05-12 21:37:35
79,-1,0,2020-05-12 21:29:05,2020-05-12 23:59:59
138,0,0,2020-05-12 21:29:11,2020-05-12 21:40:44
63,-1,0,2020-05-12 21:29:22,2020-05-12 23:59:59
134,0,0,2020-05-12 21:29:25,2020-05-12 21:39:06
50,0,0,2020-05-12 21:29:30,2020-05-12 21:41:59
129,0,0,2020-05-12 21:29:31,2020-05-12 21:38:25
97,0,0,2020-05-12 21:29:39,2020-05-12 21:39:05
62,-1,0,2020-05-12 21:29:40,2020-05-12 23:59:59
100,0,0,2020-05-12 21:29:56,2020-05-12 21:39:33
119,0,0,2020-05-12 21:30:28,2020-05-12 21:40:09
116,0,0,2020-05-12 21:30:31,2020-05-12 21:40:20
151,0,0,2020-05-12 21:30:35,2020-05-12 21:40:37
11,-1,0,2020-05-12 21:30:52,2020-05-12 23:59:59
102,0,0,2020-05-12 21:31:04,2020-05-12 21:39:40
147,135,0,2020-05-12 21:31:18,2020-05-12 21:32:15
55,0,0,2020-05-12 21:31:28,2020-05-12 21:41:50
30,0,0,2020-05-12 21:31:36,2020-05-12 21:41:09
123,0,0,2020-05-12 21:31:46,2020-05-12 21:39:58
133,0,0,2020-05-12 21:32:14,2020-05-12 21:40:44
147,135,326,2020-05-12 21:32:15,2020-05-12 21:32:35
99,0,0,2020-05-12 21:32:24,2020-05-12 21:43:19
88,0,0,2020-05-12 21:32:24,2020-05-12 21:41:48
135,0,0,2020-05-12 21:32:24,2020-05-12 21:42:02
125,0,0,2020-05-12 21:32:26,2020-05-12 21:42:12
147,135,320,2020-05-12 21:32:35,2020-05-12 21:34:03
77,-1,0,2020-05-12 21:32:37,2020-05-12 23:59:59
122,0,0,2020-05-12 21:32:51,2020-05-12 21:42:53
118,0,0,2020-05-12 21:33:39,2020-05-12 21:43:31
115,0,0,2020-05-12 21:33:39,2020-05-12 21:43:35
110,0,0,2020-05-12 21:33:47,2020-05-12 21:44:53
106,0,0,2020-05-12 21:34:01,2020-05-12 21:44:48
147,135,315,2020-05-12 21:34:03,2020-05-12 21:35:19
111,0,0,2020-05-12 21:34:10,2020-05-12 21:42:33
121,-1,0,2020-05-12 21:34:20,2020-05-12 23:59:59
18,-1,0,2020-05-12 21:34:30,2020-05-12 23:59:59
31,0,0,2020-05-12 21:34:37,2020-05-12 21:44:29
154,-1,0,2020-05-12 21:34:42,2020-05-12 23:59:59
127,-1,0,2020-05-12 21:34:51,2020-05-12 23:59:59
13,-1,0,2020-05-12 21:35:00,2020-05-12 23:59:59
86,0,0,2020-05-12 21:35:01,2020-05-12 21:46:50
147,135,303,2020-05-12 21:35:19,2020-05-12 21:35:49
132,0,0,2020-05-12 21:35:22,2020-05-12 21:44:35
107,0,0,2020-05-12 21:35:35,2020-05-12 21:45:57
147,135,304,2020-05-12 21:35:49,2020-05-12 21:36:25
12,0,0,2020-05-12 21:35:52,2020-05-12 21:46:51
16,0,0,2020-05-12 21:35:59,2020-05-12 21:45:16
9,-1,0,2020-05-12 21:36:02,2020-05-12 23:59:59
137,0,0,2020-05-12 21:36:11,2020-05-12 21:46:42
147,135,305,2020-05-12 21:36:25,2020-05-12 21:36:40
128,0,0,2020-05-12 21:36:26,2020-05-12 21:45:50
21,0,0,2020-05-12 21:36:27,2020-05-12 21:47:15
105,0,0,2020-05-12 21:36:37,2020-05-12 21:45:53
147,135,127,2020-05-12 21:36:40,2020-05-12 21:45:49
126,0,0,2020-05-12 21:36:43,2020-05-12 21:47:51
27,0,0,2020-05-12 21:36:56,2020-05-12 21:45:59
117,0,0,2020-05-12 21:36:57,2020-05-12 21:47:21
124,0,0,2020-05-12 21:37:05,2020-05-12 21:46:29
131,0,0,2020-05-12 21:37:35,2020-05-12 21:47:32
98,0,0,2020-05-12 21:37:35,2020-05-12 21:47:48
14,0,0,2020-05-12 21:37:36,2020-05-12 21:46:18
141,0,0,2020-05-12 21:38:01,2020-05-12 21:49:17
142,0,0,2020-05-12 21:38:04,2020-05-12 21:48:49
112,0,0,2020-05-12 21:38:06,2020-05-12 21:43:37
144,0,0,2020-05-12 21:38:11,2020-05-12 21:48:11
136,0,0,2020-05-12 21:38:15,2020-05-12 21:49:28
129,0,0,2020-05-12 21:38:25,2020-05-12 21:48:50
113,0,0,2020-05-12 21:38:27,2020-05-12 21:46:54
109,0,0,2020-05-12 21:38:32,2020-05-12 21:48:07
130,0,0,2020-05-12 21:38:39,2020-05-12 21:47:57
97,0,0,2020-05-12 21:39:05,2020-05-12 21:49:18
134,0,0,2020-05-12 21:39:06,2020-05-12 21:49:11
58,0,0,2020-05-12 21:39:30,2020-05-12 21:51:02
100,0,0,2020-05-12 21:39:33,2020-05-12 21:48:04
102,-1,0,2020-05-12 21:39:40,2020-05-12 23:59:59
123,0,0,2020-05-12 21:39:58,2020-05-12 21:50:20
119,0,0,2020-05-12 21:40:09,2020-05-12 21:50:46
116,0,0,2020-05-12 21:40:20,2020-05-12 21:50:37
151,0,0,2020-05-12 21:40:37,2020-05-12 21:50:25
133,0,0,2020-05-12 21:40:44,2020-05-12 21:49:05
138,0,0,2020-05-12 21:40:44,2020-05-12 21:50:35
30,0,0,2020-05-12 21:41:09,2020-05-12 21:52:23
88,-1,0,2020-05-12 21:41:48,2020-05-12 23:59:59
55,-1,0,2020-05-12 21:41:50,2020-05-12 23:59:59
50,-1,0,2020-05-12 21:41:59,2020-05-12 23:59:59
135,0,0,2020-05-12 21:42:02,2020-05-12 21:53:27
125,0,0,2020-05-12 21:42:12,2020-05-12 21:52:25
111,0,0,2020-05-12 21:42:33,2020-05-12 21:51:18
122,0,0,2020-05-12 21:42:53,2020-05-12 21:51:34
99,0,0,2020-05-12 21:43:19,2020-05-12 21:54:02
118,0,0,2020-05-12 21:43:31,2020-05-12 21:54:27
115,-1,0,2020-05-12 21:43:35,2020-05-12 23:59:59
112,0,0,2020-05-12 21:43:37,2020-05-12 21:53:25
31,-1,0,2020-05-12 21:44:29,2020-05-12 23:59:59
132,0,0,2020-05-12 21:44:35,2020-05-12 21:55:27
106,0,0,2020-05-12 21:44:48,2020-05-12 21:53:39
110,0,0,2020-05-12 21:44:53,2020-05-12 21:54:53
16,0,0,2020-05-12 21:45:16,2020-05-12 21:55:55
147,-1,127,2020-05-12 21:45:49,2020-05-12 21:46:19
128,0,0,2020-05-12 21:45:50,2020-05-12 21:54:35
105,0,0,2020-05-12 21:45:53,2020-05-12 21:57:23
107,0,0,2020-05-12 21:45:57,2020-05-12 21:55:06
27,0,0,2020-05-12 21:45:59,2020-05-12 21:55:41
14,0,0,2020-05-12 21:46:18,2020-05-12 21:55:48
147,-1,305,2020-05-12 21:46:19,2020-05-12 21:46:46
124,-1,0,2020-05-12 21:46:29,2020-05-12 23:59:59
137,0,0,2020-05-12 21:46:42,2020-05-12 21:57:19
147,-1,304,2020-05-12 21:46:46,2020-05-12 21:47:20
86,-1,0,2020-05-12 21:46:50,2020-05-12 23:59:59
12,-1,0,2020-05-12 21:46:51,2020-05-12 23:59:59
113,0,0,2020-05-12 21:46:54,2020-05-12 21:56:31
21,-1,0,2020-05-12 21:47:15,2020-05-12 23:59:59
147,-1,303,2020-05-12 21:47:20,2020-05-12 21:47:36
117,0,0,2020-05-12 21:47:21,2020-05-12 21:57:07
131,0,0,2020-05-12 21:47:32,2020-05-12 21:58:35
147,-1,302,2020-05-12 21:47:36,2020-05-12 21:48:04
98,-1,0,2020-05-12 21:47:48,2020-05-12 23:59:59
126,0,0,2020-05-12 21:47:51,2020-05-12 21:57:57
130,0,0,2020-05-12 21:47:57,2020-05-12 21:57:01
100,0,0,2020-05-12 21:48:04,2020-05-12 21:58:52
147,-1,301,2020-05-12 21:48:04,2020-05-12 21:50:49
109,-1,0,2020-05-12 21:48:07,2020-05-12 23:59:59
144,0,0,2020-05-12 21:48:11,2020-05-12 21:57:16
142,0,0,2020-05-12 21:48:49,2020-05-12 21:58:30
129,0,0,2020-05-12 21:48:50,2020-05-12 21:59:41
133,0,0,2020-05-12 21:49:05,2020-05-12 21:58:19
134,-1,0,2020-05-12 21:49:11,2020-05-12 23:59:59
141,-1,0,2020-05-12 21:49:17,2020-05-12 23:59:59
97,0,0,2020-05-12 21:49:18,2020-05-12 21:59:07
136,0,0,2020-05-12 21:49:28,2020-05-12 21:59:18
123,0,0,2020-05-12 21:50:20,2020-05-12 21:59:50
151,0,0,2020-05-12 21:50:25,2020-05-12 21:59:54
138,0,0,2020-05-12 21:50:35,2020-05-12 22:01:02
116,-1,0,2020-05-12 21:50:37,2020-05-12 23:59:59
119,-1,0,2020-05-12 21:50:46,2020-05-12 23:59:59
147,-1,0,2020-05-12 21:50:49,2020-05-12 23:59:59
58,-1,0,2020-05-12 21:51:02,2020-05-12 23:59:59
111,0,0,2020-05-12 21:51:18,2020-05-12 22:01:09
122,0,0,2020-05-12 21:51:34,2020-05-12 22:02:53
30,-1,0,2020-05-12 21:52:23,2020-05-12 23:59:59
125,0,0,2020-05-12 21:52:25,2020-05-12 22:02:33
112,-1,0,2020-05-12 21:53:25,2020-05-12 23:59:59
135,0,0,2020-05-12 21:53:27,2020-05-12 22:02:07
106,0,0,2020-05-12 21:53:39,2020-05-12 22:03:29
99,0,0,2020-05-12 21:54:02,2020-05-12 22:03:22
118,0,0,2020-05-12 21:54:27,2020-05-12 22:06:49
128,0,0,2020-05-12 21:54:35,2020-05-12 22:04:54
110,0,0,2020-05-12 21:54:53,2020-05-12 22:05:22
107,0,0,2020-05-12 21:55:06,2020-05-12 22:04:37
132,0,0,2020-05-12 21:55:27,2020-05-12 22:05:43
27,-1,0,2020-05-12 21:55:41,2020-05-12 23:59:59
14,-1,0,2020-05-12 21:55:48,2020-05-12 23:59:59
16,-1,0,2020-05-12 21:55:55,2020-05-12 23:59:59
113,0,0,2020-05-12 21:56:31,2020-05-12 22:07:33
130,0,0,2020-05-12 21:57:01,2020-05-12 22:07:47
117,0,0,2020-05-12 21:57:07,2020-05-12 22:06:47
144,0,0,2020-05-12 21:57:16,2020-05-12 22:06:21
137,0,0,2020-05-12 21:57:19,2020-05-12 22:07:54
105,0,0,2020-05-12 21:57:23,2020-05-12 22:06:56
126,0,0,2020-05-12 21:57:57,2020-05-12 22:08:26
133,0,0,2020-05-12 21:58:19,2020-05-12 22:08:08
142,0,0,2020-05-12 21:58:30,2020-05-12 22:08:56
131,0,0,2020-05-12 21:58:35,2020-05-12 22:06:33
100,0,0,2020-05-12 21:58:52,2020-05-12 22:09:07
97,0,0,2020-05-12 21:59:07,2020-05-12 22:08:06
136,0,0,2020-05-12 21:59:18,2020-05-12 22:09:24
129,0,0,2020-05-12 21:59:41,2020-05-12 22:10:47
123,0,0,2020-05-12 21:59:50,2020-05-12 22:09:55
151,-1,0,2020-05-12 21:59:54,2020-05-12 23:59:59
138,-1,0,2020-05-12 22:01:02,2020-05-12 23:59:59
111,0,0,2020-05-12 22:01:09,2020-05-12 22:10:48
135,0,0,2020-05-12 22:02:07,2020-05-12 22:13:07
125,-1,0,2020-05-12 22:02:33,2020-05-12 23:59:59
122,0,0,2020-05-12 22:02:53,2020-05-12 22:13:19
99,0,0,2020-05-12 22:03:22,2020-05-12 22:12:51
106,0,0,2020-05-12 22:03:29,2020-05-12 22:12:25
107,0,0,2020-05-12 22:04:37,2020-05-12 22:13:29
128,0,0,2020-05-12 22:04:54,2020-05-12 22:13:43
110,0,0,2020-05-12 22:05:22,2020-05-12 22:16:09
132,-1,0,2020-05-12 22:05:43,2020-05-12 23:59:59
144,0,0,2020-05-12 22:06:21,2020-05-12 22:15:16
131,0,0,2020-05-12 22:06:33,2020-05-12 22:16:48
117,-1,0,2020-05-12 22:06:47,2020-05-12 23:59:59
118,0,0,2020-05-12 22:06:49,2020-05-12 22:15:55
105,0,0,2020-05-12 22:06:56,2020-05-12 22:17:10
113,0,0,2020-05-12 22:07:33,2020-05-12 22:17:22
130,0,0,2020-05-12 22:07:47,2020-05-12 22:17:32
137,0,0,2020-05-12 22:07:54,2020-05-12 22:17:06
97,0,0,2020-05-12 22:08:06,2020-05-12 22:18:28
133,0,0,2020-05-12 22:08:08,2020-05-12 22:20:06
126,0,0,2020-05-12 22:08:26,2020-05-12 22:18:13
142,0,0,2020-05-12 22:08:56,2020-05-12 22:19:28
100,0,0,2020-05-12 22:09:07,2020-05-12 22:18:51
136,0,0,2020-05-12 22:09:24,2020-05-12 22:18:05
123,0,0,2020-05-12 22:09:55,2020-05-12 22:19:35
129,0,0,2020-05-12 22:10:47,2020-05-12 22:20:16
111,0,0,2020-05-12 22:10:48,2020-05-12 22:21:28
106,0,0,2020-05-12 22:12:25,2020-05-12 22:21:48
99,0,0,2020-05-12 22:12:51,2020-05-12 22:21:38
135,-1,0,2020-05-12 22:13:07,2020-05-12 23:59:59
122,0,0,2020-05-12 22:13:19,2020-05-12 22:23:38
107,-1,0,2020-05-12 22:13:29,2020-05-12 23:59:59
128,0,0,2020-05-12 22:13:43,2020-05-12 22:24:01
144,0,0,2020-05-12 22:15:16,2020-05-12 22:24:50
118,0,0,2020-05-12 22:15:55,2020-05-12 22:27:03
110,-1,0,2020-05-12 22:16:09,2020-05-12 23:59:59
131,0,0,2020-05-12 22:16:48,2020-05-12 22:28:23
137,0,0,2020-05-12 22:17:06,2020-05-12 22:27:46
105,0,0,2020-05-12 22:17:10,2020-05-12 22:28:45
113,0,0,2020-05-12 22:17:22,2020-05-12 22:28:29
130,-1,0,2020-05-12 22:17:32,2020-05-12 23:59:59
136,0,0,2020-05-12 22:18:05,2020-05-12 22:27:30
126,0,0,2020-05-12 22:18:13,2020-05-12 22:28:46
97,0,0,2020-05-12 22:18:28,2020-05-12 22:28:01
100,0,0,2020-05-12 22:18:51,2020-05-12 22:29:42
142,0,0,2020-05-12 22:19:28,2020-05-12 22:29:17
123,0,0,2020-05-12 22:19:35,2020-05-12 22:28:34
133,0,0,2020-05-12 22:20:06,2020-05-12 22:30:51
129,0,0,2020-05-12 22:20:16,2020-05-12 22:31:53
111,0,0,2020-05-12 22:21:28,2020-05-12 22:30:20
99,-1,0,2020-05-12 22:21:38,2020-05-12 23:59:59
106,0,0,2020-05-12 22:21:48,2020-05-12 22:30:28
122,0,0,2020-05-12 22:23:38,2020-05-12 22:33:08
128,0,0,2020-05-12 22:24:01,2020-05-12 22:34:12
144,0,0,2020-05-12 22:24:50,2020-05-12 22:36:00
118,0,0,2020-05-12 22:27:03,2020-05-12 22:37:58
136,0,0,2020-05-12 22:27:30,2020-05-12 22:35:58
137,0,0,2020-05-12 22:27:46,2020-05-12 22:37:46
97,-1,0,2020-05-12 22:28:01,2020-05-12 23:59:59
131,0,0,2020-05-12 22:28:23,2020-05-12 22:38:39
113,-1,0,2020-05-12 22:28:29,2020-05-12 23:59:59
123,0,0,2020-05-12 22:28:34,2020-05-12 22:39:23
105,-1,0,2020-05-12 22:28:45,2020-05-12 23:59:59
126,0,0,2020-05-12 22:28:46,2020-05-12 22:37:49
142,-1,0,2020-05-12 22:29:17,2020-05-12 23:59:59
100,0,0,2020-05-12 22:29:42,2020-05-12 22:40:51
111,-1,0,2020-05-12 22:30:20,2020-05-12 23:59:59
106,0,0,2020-05-12 22:30:28,2020-05-12 22:39:58
133,-1,0,2020-05-12 22:30:51,2020-05-12 23:59:59
129,0,0,2020-05-12 22:31:53,2020-05-12 22:42:41
122,-1,0,2020-05-12 22:33:08,2020-05-12 23:59:59
128,-1,0,2020-05-12 22:34:12,2020-05-12 23:59:59
136,-1,0,2020-05-12 22:35:58,2020-05-12 23:59:59
144,0,0,2020-05-12 22:36:00,2020-05-12 22:45:45
137,0,0,2020-05-12 22:37:46,2020-05-12 22:48:32
126,0,0,2020-05-12 22:37:49,2020-05-12 22:47:33
118,0,0,2020-05-12 22:37:58,2020-05-12 22:48:19
131,-1,0,2020-05-12 22:38:39,2020-05-12 23:59:59
123,0,0,2020-05-12 22:39:23,2020-05-12 22:48:39
106,-1,0,2020-05-12 22:39:58,2020-05-12 23:59:59
100,0,0,2020-05-12 22:40:51,2020-05-12 22:49:18
129,-1,0,2020-05-12 22:42:41,2020-05-12 23:59:59
144,-1,0,2020-05-12 22:45:45,2020-05-12 23:59:59
126,0,0,2020-05-12 22:47:33,2020-05-12 22:57:31
118,0,0,2020-05-12 22:48:19,2020-05-12 22:58:32
137,0,0,2020-05-12 22:48:32,2020-05-12 22:59:44
123,0,0,2020-05-12 22:48:39,2020-05-12 22:58:29
100,0,0,2020-05-12 22:49:18,2020-05-12 23:00:12
126,0,0,2020-05-12 22:57:31,2020-05-12 23:06:50
123,-1,0,2020-05-12 22:58:29,2020-05-12 23:59:59
118,-1,0,2020-05-12 22:58:32,2020-05-12 23:59:59
137,0,0,2020-05-12 22:59:44,2020-05-12 23:09:44
100,-1,0,2020-05-12 23:00:12,2020-05-12 23:59:59
126,-1,0,2020-05-12 23:06:50,2020-05-12 23:59:59
137,-1,0,2020-05-12 23:09:44,2020-05-12 23:59:59
