PersonID,EventID,SpaceID,StartDateTime,EndDateTime
99,-1,0,2020-10-21 00:00:00,2020-10-21 08:46:47
115,-1,0,2020-10-21 00:00:00,2020-10-21 11:43:18
94,-1,0,2020-10-21 00:00:00,2020-10-21 07:57:54
131,-1,0,2020-10-21 00:00:00,2020-10-21 07:58:11
33,-1,0,2020-10-21 00:00:00,2020-10-21 08:58:23
57,-1,0,2020-10-21 00:00:00,2020-10-21 07:59:12
96,-1,0,2020-10-21 00:00:00,2020-10-21 08:54:17
18,-1,0,2020-10-21 00:00:00,2020-10-21 08:57:30
90,-1,0,2020-10-21 00:00:00,2020-10-21 09:04:07
39,-1,0,2020-10-21 00:00:00,2020-10-21 07:53:51
10,-1,0,2020-10-21 00:00:00,2020-10-21 08:39:53
28,-1,0,2020-10-21 00:00:00,2020-10-21 09:39:03
71,-1,0,2020-10-21 00:00:00,2020-10-21 08:22:30
139,-1,0,2020-10-21 00:00:00,2020-10-21 10:10:19
111,-1,0,2020-10-21 00:00:00,2020-10-21 11:46:48
63,-1,0,2020-10-21 00:00:00,2020-10-21 09:55:10
136,-1,0,2020-10-21 00:00:00,2020-10-21 12:14:42
86,-1,0,2020-10-21 00:00:00,2020-10-21 11:06:05
83,-1,0,2020-10-21 00:00:00,2020-10-21 09:44:01
15,-1,0,2020-10-21 00:00:00,2020-10-21 09:18:15
129,-1,0,2020-10-21 00:00:00,2020-10-21 10:14:04
16,-1,0,2020-10-21 00:00:00,2020-10-21 07:53:06
134,-1,0,2020-10-21 00:00:00,2020-10-21 07:33:48
74,-1,0,2020-10-21 00:00:00,2020-10-21 09:27:00
147,-1,0,2020-10-21 00:00:00,2020-10-21 09:20:00
127,-1,0,2020-10-21 00:00:00,2020-10-21 10:43:23
2,-1,0,2020-10-21 00:00:00,2020-10-21 08:42:22
59,-1,0,2020-10-21 00:00:00,2020-10-21 09:03:24
152,-1,0,2020-10-21 00:00:00,2020-10-21 09:29:07
58,-1,0,2020-10-21 00:00:00,2020-10-21 07:31:33
103,-1,0,2020-10-21 00:00:00,2020-10-21 10:55:04
95,-1,0,2020-10-21 00:00:00,2020-10-21 08:03:08
55,-1,0,2020-10-21 00:00:00,2020-10-21 08:58:41
25,-1,0,2020-10-21 00:00:00,2020-10-21 10:20:33
21,-1,0,2020-10-21 00:00:00,2020-10-21 08:20:35
104,-1,0,2020-10-21 00:00:00,2020-10-21 11:38:02
132,-1,0,2020-10-21 00:00:00,2020-10-21 08:16:37
84,-1,0,2020-10-21 00:00:00,2020-10-21 09:25:26
117,-1,0,2020-10-21 00:00:00,2020-10-21 09:57:06
26,-1,0,2020-10-21 00:00:00,2020-10-21 08:49:17
45,-1,0,2020-10-21 00:00:00,2020-10-21 08:35:49
36,-1,0,2020-10-21 00:00:00,2020-10-21 11:05:15
24,-1,0,2020-10-21 00:00:00,2020-10-21 08:33:52
31,-1,0,2020-10-21 00:00:00,2020-10-21 08:05:27
73,-1,0,2020-10-21 00:00:00,2020-10-21 10:08:44
133,-1,0,2020-10-21 00:00:00,2020-10-21 12:02:24
41,-1,0,2020-10-21 00:00:00,2020-10-21 09:06:22
20,-1,0,2020-10-21 00:00:00,2020-10-21 08:39:00
160,-1,0,2020-10-21 00:00:00,2020-10-21 12:43:11
120,-1,0,2020-10-21 00:00:00,2020-10-21 09:38:01
143,-1,0,2020-10-21 00:00:00,2020-10-21 09:04:30
68,-1,0,2020-10-21 00:00:00,2020-10-21 09:07:20
64,-1,0,2020-10-21 00:00:00,2020-10-21 08:32:51
49,-1,0,2020-10-21 00:00:00,2020-10-21 09:39:13
149,-1,0,2020-10-21 00:00:00,2020-10-21 10:49:25
53,-1,0,2020-10-21 00:00:00,2020-10-21 09:56:06
69,-1,0,2020-10-21 00:00:00,2020-10-21 09:14:14
75,-1,0,2020-10-21 00:00:00,2020-10-21 08:39:22
44,-1,0,2020-10-21 00:00:00,2020-10-21 09:16:04
40,-1,0,2020-10-21 00:00:00,2020-10-21 11:29:13
153,-1,0,2020-10-21 00:00:00,2020-10-21 09:51:44
60,-1,0,2020-10-21 00:00:00,2020-10-21 10:23:18
50,-1,0,2020-10-21 00:00:00,2020-10-21 09:55:19
125,-1,0,2020-10-21 00:00:00,2020-10-21 09:52:23
51,-1,0,2020-10-21 00:00:00,2020-10-21 08:28:43
97,-1,0,2020-10-21 00:00:00,2020-10-21 08:43:08
93,-1,0,2020-10-21 00:00:00,2020-10-21 09:08:51
101,-1,0,2020-10-21 00:00:00,2020-10-21 11:09:24
92,-1,0,2020-10-21 00:00:00,2020-10-21 08:40:03
113,-1,0,2020-10-21 00:00:00,2020-10-21 10:25:24
88,-1,0,2020-10-21 00:00:00,2020-10-21 08:50:29
66,-1,0,2020-10-21 00:00:00,2020-10-21 10:53:30
9,-1,0,2020-10-21 00:00:00,2020-10-21 09:55:02
4,-1,0,2020-10-21 00:00:00,2020-10-21 09:05:03
56,-1,0,2020-10-21 00:00:00,2020-10-21 08:17:01
17,-1,0,2020-10-21 00:00:00,2020-10-21 09:21:12
105,-1,0,2020-10-21 00:00:00,2020-10-21 09:28:20
154,-1,0,2020-10-21 00:00:00,2020-10-21 09:25:43
43,-1,0,2020-10-21 00:00:00,2020-10-21 09:54:27
116,-1,0,2020-10-21 00:00:00,2020-10-21 12:41:16
137,-1,0,2020-10-21 00:00:00,2020-10-21 11:24:24
89,-1,0,2020-10-21 00:00:00,2020-10-21 08:44:45
30,-1,0,2020-10-21 00:00:00,2020-10-21 08:15:17
85,-1,0,2020-10-21 00:00:00,2020-10-21 09:20:56
11,-1,0,2020-10-21 00:00:00,2020-10-21 09:49:33
35,-1,0,2020-10-21 00:00:00,2020-10-21 09:40:27
130,-1,0,2020-10-21 00:00:00,2020-10-21 09:24:09
80,-1,0,2020-10-21 00:00:00,2020-10-21 08:45:31
12,-1,0,2020-10-21 00:00:00,2020-10-21 09:10:56
157,-1,0,2020-10-21 00:00:00,2020-10-21 09:42:02
6,-1,0,2020-10-21 00:00:00,2020-10-21 09:42:52
155,-1,0,2020-10-21 00:00:00,2020-10-21 10:01:56
38,-1,0,2020-10-21 00:00:00,2020-10-21 08:54:12
144,-1,0,2020-10-21 00:00:00,2020-10-21 08:09:50
62,-1,0,2020-10-21 00:00:00,2020-10-21 10:02:05
108,-1,0,2020-10-21 00:00:00,2020-10-21 09:50:21
72,-1,0,2020-10-21 00:00:00,2020-10-21 08:46:57
77,-1,0,2020-10-21 00:00:00,2020-10-21 08:55:44
8,-1,0,2020-10-21 00:00:00,2020-10-21 10:05:24
148,-1,0,2020-10-21 00:00:00,2020-10-21 10:46:55
150,-1,0,2020-10-21 00:00:00,2020-10-21 10:19:15
141,-1,0,2020-10-21 00:00:00,2020-10-21 10:10:19
81,-1,0,2020-10-21 00:00:00,2020-10-21 08:00:14
123,-1,0,2020-10-21 00:00:00,2020-10-21 09:06:48
126,-1,0,2020-10-21 00:00:00,2020-10-21 09:28:45
145,-1,0,2020-10-21 00:00:00,2020-10-21 09:37:02
106,-1,0,2020-10-21 00:00:00,2020-10-21 10:15:52
146,-1,0,2020-10-21 00:00:00,2020-10-21 10:35:19
70,-1,0,2020-10-21 00:00:00,2020-10-21 11:38:47
78,-1,0,2020-10-21 00:00:00,2020-10-21 09:16:55
100,-1,0,2020-10-21 00:00:00,2020-10-21 10:16:50
82,-1,0,2020-10-21 00:00:00,2020-10-21 08:13:08
122,-1,0,2020-10-21 00:00:00,2020-10-21 08:33:41
138,-1,0,2020-10-21 00:00:00,2020-10-21 09:38:32
142,-1,0,2020-10-21 00:00:00,2020-10-21 08:33:04
102,-1,0,2020-10-21 00:00:00,2020-10-21 10:09:12
5,-1,0,2020-10-21 00:00:00,2020-10-21 08:25:30
109,-1,0,2020-10-21 00:00:00,2020-10-21 10:24:19
32,-1,0,2020-10-21 00:00:00,2020-10-21 10:37:52
14,-1,0,2020-10-21 00:00:00,2020-10-21 08:52:04
19,-1,0,2020-10-21 00:00:00,2020-10-21 08:56:54
156,-1,0,2020-10-21 00:00:00,2020-10-21 10:46:06
37,-1,0,2020-10-21 00:00:00,2020-10-21 09:37:57
98,-1,0,2020-10-21 00:00:00,2020-10-21 09:09:23
79,-1,0,2020-10-21 00:00:00,2020-10-21 09:06:11
118,-1,0,2020-10-21 00:00:00,2020-10-21 13:39:35
135,-1,0,2020-10-21 00:00:00,2020-10-21 11:39:04
124,-1,0,2020-10-21 00:00:00,2020-10-21 10:30:16
34,-1,0,2020-10-21 00:00:00,2020-10-21 10:09:19
76,-1,0,2020-10-21 00:00:00,2020-10-21 08:56:56
140,-1,0,2020-10-21 00:00:00,2020-10-21 12:05:22
121,-1,0,2020-10-21 00:00:00,2020-10-21 08:51:04
23,-1,0,2020-10-21 00:00:00,2020-10-21 09:16:56
114,-1,0,2020-10-21 00:00:00,2020-10-21 09:26:17
46,-1,0,2020-10-21 00:00:00,2020-10-21 08:20:08
67,-1,0,2020-10-21 00:00:00,2020-10-21 08:37:31
54,-1,0,2020-10-21 00:00:00,2020-10-21 09:22:39
107,-1,0,2020-10-21 00:00:00,2020-10-21 09:31:02
48,-1,0,2020-10-21 00:00:00,2020-10-21 09:04:36
158,-1,0,2020-10-21 00:00:00,2020-10-21 09:25:34
65,-1,0,2020-10-21 00:00:00,2020-10-21 09:43:27
119,-1,0,2020-10-21 00:00:00,2020-10-21 11:04:45
128,-1,0,2020-10-21 00:00:00,2020-10-21 11:27:35
110,-1,0,2020-10-21 00:00:00,2020-10-21 07:21:38
151,-1,0,2020-10-21 00:00:00,2020-10-21 10:24:00
110,0,0,2020-10-21 07:21:38,2020-10-21 07:31:09
110,0,0,2020-10-21 07:31:09,2020-10-21 07:41:23
58,0,0,2020-10-21 07:31:33,2020-10-21 07:42:49
134,0,0,2020-10-21 07:33:48,2020-10-21 07:44:03
110,0,0,2020-10-21 07:41:23,2020-10-21 07:50:58
58,0,0,2020-10-21 07:42:49,2020-10-21 07:52:49
134,0,0,2020-10-21 07:44:03,2020-10-21 07:52:46
110,0,0,2020-10-21 07:50:58,2020-10-21 08:00:49
134,0,0,2020-10-21 07:52:46,2020-10-21 08:03:08
58,0,0,2020-10-21 07:52:49,2020-10-21 08:03:30
16,0,0,2020-10-21 07:53:06,2020-10-21 08:02:29
39,33,0,2020-10-21 07:53:51,2020-10-21 07:54:48
39,33,326,2020-10-21 07:54:48,2020-10-21 07:55:08
39,33,320,2020-10-21 07:55:08,2020-10-21 07:56:36
39,33,315,2020-10-21 07:56:36,2020-10-21 07:57:52
39,33,303,2020-10-21 07:57:52,2020-10-21 07:58:22
94,0,0,2020-10-21 07:57:54,2020-10-21 08:08:54
131,0,0,2020-10-21 07:58:11,2020-10-21 08:09:43
39,33,304,2020-10-21 07:58:22,2020-10-21 07:58:58
39,33,305,2020-10-21 07:58:58,2020-10-21 07:59:13
57,0,0,2020-10-21 07:59:12,2020-10-21 08:08:34
39,33,127,2020-10-21 07:59:13,2020-10-21 11:32:01
81,0,0,2020-10-21 08:00:14,2020-10-21 08:09:29
110,0,0,2020-10-21 08:00:49,2020-10-21 08:10:42
16,0,0,2020-10-21 08:02:29,2020-10-21 08:12:57
95,0,0,2020-10-21 08:03:08,2020-10-21 08:13:27
134,0,0,2020-10-21 08:03:08,2020-10-21 08:14:24
58,0,0,2020-10-21 08:03:30,2020-10-21 08:13:39
31,0,0,2020-10-21 08:05:27,2020-10-21 08:14:07
57,0,0,2020-10-21 08:08:34,2020-10-21 08:18:31
94,0,0,2020-10-21 08:08:54,2020-10-21 08:20:00
81,0,0,2020-10-21 08:09:29,2020-10-21 08:20:02
131,0,0,2020-10-21 08:09:43,2020-10-21 08:17:31
144,0,0,2020-10-21 08:09:50,2020-10-21 08:18:06
110,0,0,2020-10-21 08:10:42,2020-10-21 08:18:47
16,0,0,2020-10-21 08:12:57,2020-10-21 08:22:37
82,0,0,2020-10-21 08:13:08,2020-10-21 08:23:03
95,0,0,2020-10-21 08:13:27,2020-10-21 08:22:24
58,85,0,2020-10-21 08:13:39,2020-10-21 08:14:41
31,0,0,2020-10-21 08:14:07,2020-10-21 08:23:41
134,0,0,2020-10-21 08:14:24,2020-10-21 08:23:09
58,85,326,2020-10-21 08:14:41,2020-10-21 08:15:23
30,0,0,2020-10-21 08:15:17,2020-10-21 08:26:46
58,85,102,2020-10-21 08:15:23,2020-10-21 08:16:37
58,85,321,2020-10-21 08:16:37,2020-10-21 08:17:34
132,0,0,2020-10-21 08:16:37,2020-10-21 08:26:58
56,0,0,2020-10-21 08:17:01,2020-10-21 08:25:03
131,125,0,2020-10-21 08:17:31,2020-10-21 08:18:28
58,85,178,2020-10-21 08:17:34,2020-10-21 09:36:37
95,0,153,2020-10-21 08:17:35,2020-10-21 08:18:03
95,0,313,2020-10-21 08:18:03,2020-10-21 08:25:37
144,0,0,2020-10-21 08:18:06,2020-10-21 08:27:03
131,125,326,2020-10-21 08:18:28,2020-10-21 08:18:48
57,0,0,2020-10-21 08:18:31,2020-10-21 08:30:17
110,0,0,2020-10-21 08:18:47,2020-10-21 08:28:33
131,125,320,2020-10-21 08:18:48,2020-10-21 08:20:16
94,44,0,2020-10-21 08:20:00,2020-10-21 08:22:37
81,0,0,2020-10-21 08:20:02,2020-10-21 08:29:03
46,0,0,2020-10-21 08:20:08,2020-10-21 08:30:33
131,125,315,2020-10-21 08:20:16,2020-10-21 08:21:32
21,29,0,2020-10-21 08:20:35,2020-10-21 08:21:07
21,29,326,2020-10-21 08:21:07,2020-10-21 08:21:51
131,125,303,2020-10-21 08:21:32,2020-10-21 08:22:02
21,29,102,2020-10-21 08:21:51,2020-10-21 08:23:31
131,125,304,2020-10-21 08:22:02,2020-10-21 08:22:38
95,20,0,2020-10-21 08:22:24,2020-10-21 08:30:20
71,64,0,2020-10-21 08:22:30,2020-10-21 08:25:58
94,44,301,2020-10-21 08:22:37,2020-10-21 08:22:49
16,31,0,2020-10-21 08:22:37,2020-10-21 08:26:40
131,125,305,2020-10-21 08:22:38,2020-10-21 08:22:53
94,44,401,2020-10-21 08:22:49,2020-10-21 08:23:02
131,125,127,2020-10-21 08:22:53,2020-10-21 10:41:02
94,44,402,2020-10-21 08:23:02,2020-10-21 08:23:30
82,0,0,2020-10-21 08:23:03,2020-10-21 08:34:02
134,0,0,2020-10-21 08:23:09,2020-10-21 08:33:34
94,44,403,2020-10-21 08:23:30,2020-10-21 08:24:30
21,29,321,2020-10-21 08:23:31,2020-10-21 08:26:08
31,87,0,2020-10-21 08:23:41,2020-10-21 08:24:13
31,87,326,2020-10-21 08:24:13,2020-10-21 08:24:57
94,44,412,2020-10-21 08:24:30,2020-10-21 08:24:44
94,44,236,2020-10-21 08:24:44,2020-10-21 12:03:10
31,87,102,2020-10-21 08:24:57,2020-10-21 08:26:37
56,0,0,2020-10-21 08:25:03,2020-10-21 08:36:00
5,0,0,2020-10-21 08:25:30,2020-10-21 08:36:04
95,0,0,2020-10-21 08:25:37,2020-10-21 08:27:11
71,64,301,2020-10-21 08:25:58,2020-10-21 08:26:08
21,29,322,2020-10-21 08:26:08,2020-10-21 08:26:37
71,64,401,2020-10-21 08:26:08,2020-10-21 08:26:28
71,64,402,2020-10-21 08:26:28,2020-10-21 08:26:55
31,87,321,2020-10-21 08:26:37,2020-10-21 08:29:14
21,29,168,2020-10-21 08:26:37,2020-10-21 08:51:40
16,31,301,2020-10-21 08:26:40,2020-10-21 08:26:48
30,0,0,2020-10-21 08:26:46,2020-10-21 08:35:53
16,31,401,2020-10-21 08:26:48,2020-10-21 08:27:02
71,64,403,2020-10-21 08:26:55,2020-10-21 08:27:29
132,0,0,2020-10-21 08:26:58,2020-10-21 08:35:37
16,31,402,2020-10-21 08:27:02,2020-10-21 08:27:33
144,0,0,2020-10-21 08:27:03,2020-10-21 08:36:53
95,34,0,2020-10-21 08:27:11,2020-10-21 08:27:48
71,64,404,2020-10-21 08:27:29,2020-10-21 08:27:52
16,31,403,2020-10-21 08:27:33,2020-10-21 08:28:59
95,34,326,2020-10-21 08:27:48,2020-10-21 08:28:13
71,64,405,2020-10-21 08:27:52,2020-10-21 08:28:08
71,64,209,2020-10-21 08:28:08,2020-10-21 08:38:29
95,34,102,2020-10-21 08:28:13,2020-10-21 08:29:35
110,0,0,2020-10-21 08:28:33,2020-10-21 08:37:34
51,0,0,2020-10-21 08:28:43,2020-10-21 08:39:10
16,31,412,2020-10-21 08:28:59,2020-10-21 08:29:49
81,10,0,2020-10-21 08:29:03,2020-10-21 08:29:49
31,87,322,2020-10-21 08:29:14,2020-10-21 08:29:43
95,34,321,2020-10-21 08:29:35,2020-10-21 08:31:46
31,87,168,2020-10-21 08:29:43,2020-10-21 11:01:33
16,31,232,2020-10-21 08:29:49,2020-10-21 09:26:44
81,10,326,2020-10-21 08:29:49,2020-10-21 08:30:01
81,10,320,2020-10-21 08:30:01,2020-10-21 08:31:35
57,0,0,2020-10-21 08:30:17,2020-10-21 08:40:22
95,20,312,2020-10-21 08:30:20,2020-10-21 08:31:18
46,0,0,2020-10-21 08:30:33,2020-10-21 08:41:11
95,20,308,2020-10-21 08:31:18,2020-10-21 08:31:43
81,10,315,2020-10-21 08:31:35,2020-10-21 08:33:01
95,20,309,2020-10-21 08:31:43,2020-10-21 08:31:49
95,34,322,2020-10-21 08:31:46,2020-10-21 08:32:17
95,20,310,2020-10-21 08:31:49,2020-10-21 08:32:56
95,34,323,2020-10-21 08:32:17,2020-10-21 08:33:05
64,0,0,2020-10-21 08:32:51,2020-10-21 08:43:45
95,20,311,2020-10-21 08:32:56,2020-10-21 08:33:19
81,10,303,2020-10-21 08:33:01,2020-10-21 08:33:25
142,0,0,2020-10-21 08:33:04,2020-10-21 08:43:09
95,34,169,2020-10-21 08:33:05,2020-10-21 09:12:43
95,20,153,2020-10-21 08:33:19,2020-10-21 08:17:35
81,10,304,2020-10-21 08:33:25,2020-10-21 08:33:39
134,0,0,2020-10-21 08:33:34,2020-10-21 08:43:05
81,10,124,2020-10-21 08:33:39,2020-10-21 09:56:34
122,123,0,2020-10-21 08:33:41,2020-10-21 08:37:09
24,0,0,2020-10-21 08:33:52,2020-10-21 08:44:43
82,0,0,2020-10-21 08:34:02,2020-10-21 08:43:38
132,0,0,2020-10-21 08:35:37,2020-10-21 08:47:30
45,0,0,2020-10-21 08:35:49,2020-10-21 08:45:46
30,82,0,2020-10-21 08:35:53,2020-10-21 08:42:52
56,0,0,2020-10-21 08:36:00,2020-10-21 08:46:52
5,0,0,2020-10-21 08:36:04,2020-10-21 08:45:43
144,0,0,2020-10-21 08:36:53,2020-10-21 08:46:24
122,123,301,2020-10-21 08:37:09,2020-10-21 08:37:19
122,123,401,2020-10-21 08:37:19,2020-10-21 08:37:39
67,0,0,2020-10-21 08:37:31,2020-10-21 08:46:54
110,0,0,2020-10-21 08:37:34,2020-10-21 08:47:35
122,123,402,2020-10-21 08:37:39,2020-10-21 08:38:06
122,123,403,2020-10-21 08:38:06,2020-10-21 08:38:40
71,0,209,2020-10-21 08:38:29,2020-10-21 08:38:44
122,123,404,2020-10-21 08:38:40,2020-10-21 08:39:03
71,0,405,2020-10-21 08:38:44,2020-10-21 08:39:20
20,0,0,2020-10-21 08:39:00,2020-10-21 08:49:06
122,123,405,2020-10-21 08:39:03,2020-10-21 08:39:19
51,47,0,2020-10-21 08:39:10,2020-10-21 08:47:25
122,123,209,2020-10-21 08:39:19,2020-10-21 10:11:16
71,0,404,2020-10-21 08:39:20,2020-10-21 08:39:51
75,0,0,2020-10-21 08:39:22,2020-10-21 08:49:52
71,0,403,2020-10-21 08:39:51,2020-10-21 08:40:21
10,0,0,2020-10-21 08:39:53,2020-10-21 08:51:01
92,0,0,2020-10-21 08:40:03,2020-10-21 08:49:49
71,0,402,2020-10-21 08:40:21,2020-10-21 08:40:36
57,0,0,2020-10-21 08:40:22,2020-10-21 08:49:51
71,0,401,2020-10-21 08:40:36,2020-10-21 08:40:44
71,0,301,2020-10-21 08:40:44,2020-10-21 08:44:06
46,0,0,2020-10-21 08:41:11,2020-10-21 08:51:08
2,0,0,2020-10-21 08:42:22,2020-10-21 08:51:40
30,82,162,2020-10-21 08:42:52,2020-10-21 10:18:16
30,82,313,2020-10-21 08:42:52,2020-10-21 08:42:52
134,105,0,2020-10-21 08:43:05,2020-10-21 08:46:07
97,0,0,2020-10-21 08:43:08,2020-10-21 08:53:52
142,0,0,2020-10-21 08:43:09,2020-10-21 08:52:57
82,0,0,2020-10-21 08:43:38,2020-10-21 08:55:01
64,0,0,2020-10-21 08:43:45,2020-10-21 08:52:11
71,0,0,2020-10-21 08:44:06,2020-10-21 08:47:57
24,0,0,2020-10-21 08:44:43,2020-10-21 08:54:00
89,0,0,2020-10-21 08:44:45,2020-10-21 08:53:31
80,20,0,2020-10-21 08:45:31,2020-10-21 08:46:28
5,7,0,2020-10-21 08:45:43,2020-10-21 08:51:32
45,0,0,2020-10-21 08:45:46,2020-10-21 08:56:06
134,105,301,2020-10-21 08:46:07,2020-10-21 08:46:16
134,105,401,2020-10-21 08:46:16,2020-10-21 08:46:27
144,0,0,2020-10-21 08:46:24,2020-10-21 08:55:13
134,105,402,2020-10-21 08:46:27,2020-10-21 08:46:59
80,20,326,2020-10-21 08:46:28,2020-10-21 08:46:47
99,0,0,2020-10-21 08:46:47,2020-10-21 08:56:51
80,20,320,2020-10-21 08:46:47,2020-10-21 08:47:53
56,0,0,2020-10-21 08:46:52,2020-10-21 08:57:03
67,0,0,2020-10-21 08:46:54,2020-10-21 08:55:09
72,30,0,2020-10-21 08:46:57,2020-10-21 08:47:47
134,105,403,2020-10-21 08:46:59,2020-10-21 08:48:30
51,47,324,2020-10-21 08:47:25,2020-10-21 08:48:28
132,0,0,2020-10-21 08:47:30,2020-10-21 08:58:30
110,0,0,2020-10-21 08:47:35,2020-10-21 08:56:42
72,30,326,2020-10-21 08:47:47,2020-10-21 08:48:48
80,20,315,2020-10-21 08:47:53,2020-10-21 08:49:18
71,46,0,2020-10-21 08:47:57,2020-10-21 08:51:19
51,47,175,2020-10-21 08:48:28,2020-10-21 10:29:31
134,105,412,2020-10-21 08:48:30,2020-10-21 08:50:11
72,30,102,2020-10-21 08:48:48,2020-10-21 08:50:05
20,0,0,2020-10-21 08:49:06,2020-10-21 08:58:25
26,0,0,2020-10-21 08:49:17,2020-10-21 08:59:09
80,20,303,2020-10-21 08:49:18,2020-10-21 08:49:45
80,20,304,2020-10-21 08:49:45,2020-10-21 08:50:08
92,0,0,2020-10-21 08:49:49,2020-10-21 08:58:26
57,70,0,2020-10-21 08:49:51,2020-10-21 08:50:26
75,0,0,2020-10-21 08:49:52,2020-10-21 09:00:17
72,30,321,2020-10-21 08:50:05,2020-10-21 08:53:29
80,20,305,2020-10-21 08:50:08,2020-10-21 08:50:27
134,105,415,2020-10-21 08:50:11,2020-10-21 08:50:44
57,70,326,2020-10-21 08:50:26,2020-10-21 08:50:46
80,20,138,2020-10-21 08:50:27,2020-10-21 09:24:50
88,0,0,2020-10-21 08:50:29,2020-10-21 09:02:08
134,105,249,2020-10-21 08:50:44,2020-10-21 10:31:27
57,70,320,2020-10-21 08:50:46,2020-10-21 08:51:45
10,0,0,2020-10-21 08:51:01,2020-10-21 08:59:23
121,111,0,2020-10-21 08:51:04,2020-10-21 08:56:53
46,0,0,2020-10-21 08:51:08,2020-10-21 09:01:32
71,46,301,2020-10-21 08:51:19,2020-10-21 08:51:27
71,46,401,2020-10-21 08:51:27,2020-10-21 08:51:38
5,7,325,2020-10-21 08:51:32,2020-10-21 08:53:14
71,46,402,2020-10-21 08:51:38,2020-10-21 08:51:55
2,0,0,2020-10-21 08:51:40,2020-10-21 09:01:52
21,0,168,2020-10-21 08:51:40,2020-10-21 08:51:58
57,70,315,2020-10-21 08:51:45,2020-10-21 08:52:12
71,46,202,2020-10-21 08:51:55,2020-10-21 09:47:05
21,0,322,2020-10-21 08:51:58,2020-10-21 08:52:42
14,0,0,2020-10-21 08:52:04,2020-10-21 09:01:45
64,0,0,2020-10-21 08:52:11,2020-10-21 09:01:39
57,70,316,2020-10-21 08:52:12,2020-10-21 08:52:54
21,0,325,2020-10-21 08:52:42,2020-10-21 08:58:00
57,70,317,2020-10-21 08:52:54,2020-10-21 08:53:07
142,0,0,2020-10-21 08:52:57,2020-10-21 09:03:21
57,70,109,2020-10-21 08:53:07,2020-10-21 12:22:47
5,7,421,2020-10-21 08:53:14,2020-10-21 08:54:08
72,30,322,2020-10-21 08:53:29,2020-10-21 08:53:44
89,0,0,2020-10-21 08:53:31,2020-10-21 09:05:19
72,30,171,2020-10-21 08:53:44,2020-10-21 09:25:43
97,0,0,2020-10-21 08:53:52,2020-10-21 09:03:56
24,0,0,2020-10-21 08:54:00,2020-10-21 09:05:01
5,7,252,2020-10-21 08:54:08,2020-10-21 10:42:51
38,0,0,2020-10-21 08:54:12,2020-10-21 09:04:13
96,0,0,2020-10-21 08:54:17,2020-10-21 09:06:54
82,0,0,2020-10-21 08:55:01,2020-10-21 09:04:20
67,0,0,2020-10-21 08:55:09,2020-10-21 09:03:40
144,0,0,2020-10-21 08:55:13,2020-10-21 09:04:20
77,0,0,2020-10-21 08:55:44,2020-10-21 09:04:19
45,0,0,2020-10-21 08:56:06,2020-10-21 09:04:23
110,0,0,2020-10-21 08:56:42,2020-10-21 09:06:29
99,0,0,2020-10-21 08:56:51,2020-10-21 09:05:09
121,111,325,2020-10-21 08:56:53,2020-10-21 08:58:35
19,0,0,2020-10-21 08:56:54,2020-10-21 09:07:55
76,0,0,2020-10-21 08:56:56,2020-10-21 09:08:08
56,86,0,2020-10-21 08:57:03,2020-10-21 08:58:49
18,0,0,2020-10-21 08:57:30,2020-10-21 09:04:38
123,0,119,2020-10-21 08:57:58,2020-10-21 08:58:13
21,0,0,2020-10-21 08:58:00,2020-10-21 09:03:03
123,0,317,2020-10-21 08:58:13,2020-10-21 08:59:03
33,0,0,2020-10-21 08:58:23,2020-10-21 09:09:47
20,0,0,2020-10-21 08:58:25,2020-10-21 09:08:23
92,64,0,2020-10-21 08:58:26,2020-10-21 09:01:57
132,0,0,2020-10-21 08:58:30,2020-10-21 09:07:34
121,111,421,2020-10-21 08:58:35,2020-10-21 08:59:29
55,0,0,2020-10-21 08:58:41,2020-10-21 09:07:04
56,86,301,2020-10-21 08:58:49,2020-10-21 08:58:59
56,86,401,2020-10-21 08:58:59,2020-10-21 08:59:11
123,0,316,2020-10-21 08:59:03,2020-10-21 08:59:48
26,0,0,2020-10-21 08:59:09,2020-10-21 09:08:19
56,86,402,2020-10-21 08:59:11,2020-10-21 08:59:37
10,0,0,2020-10-21 08:59:23,2020-10-21 09:08:28
121,111,252,2020-10-21 08:59:29,2020-10-21 12:15:26
56,86,403,2020-10-21 08:59:37,2020-10-21 09:01:07
123,0,315,2020-10-21 08:59:48,2020-10-21 09:00:50
75,0,0,2020-10-21 09:00:17,2020-10-21 09:10:05
123,0,320,2020-10-21 09:00:50,2020-10-21 09:01:11
56,86,412,2020-10-21 09:01:07,2020-10-21 09:02:08
123,0,326,2020-10-21 09:01:11,2020-10-21 09:01:51
46,5,0,2020-10-21 09:01:32,2020-10-21 09:02:18
64,0,0,2020-10-21 09:01:39,2020-10-21 09:12:48
14,0,0,2020-10-21 09:01:45,2020-10-21 09:10:55
123,0,0,2020-10-21 09:01:51,2020-10-21 09:07:21
2,0,0,2020-10-21 09:01:52,2020-10-21 09:12:11
92,64,301,2020-10-21 09:01:57,2020-10-21 09:02:05
92,64,401,2020-10-21 09:02:05,2020-10-21 09:02:22
88,0,0,2020-10-21 09:02:08,2020-10-21 09:11:14
56,86,415,2020-10-21 09:02:08,2020-10-21 09:02:31
46,5,326,2020-10-21 09:02:18,2020-10-21 09:02:35
92,64,402,2020-10-21 09:02:22,2020-10-21 09:02:45
56,86,239,2020-10-21 09:02:31,2020-10-21 09:31:48
46,5,320,2020-10-21 09:02:35,2020-10-21 09:03:59
92,64,203,2020-10-21 09:02:45,2020-10-21 11:10:33
21,0,0,2020-10-21 09:03:03,2020-10-21 09:12:09
142,0,0,2020-10-21 09:03:21,2020-10-21 09:13:54
59,0,0,2020-10-21 09:03:24,2020-10-21 09:13:00
67,0,0,2020-10-21 09:03:40,2020-10-21 09:13:54
97,0,0,2020-10-21 09:03:56,2020-10-21 09:13:51
46,5,315,2020-10-21 09:03:59,2020-10-21 09:04:36
90,0,0,2020-10-21 09:04:07,2020-10-21 09:16:11
38,41,0,2020-10-21 09:04:13,2020-10-21 09:05:01
77,0,0,2020-10-21 09:04:19,2020-10-21 09:11:43
82,0,0,2020-10-21 09:04:20,2020-10-21 09:16:22
144,0,0,2020-10-21 09:04:20,2020-10-21 09:14:47
45,20,0,2020-10-21 09:04:23,2020-10-21 09:10:29
143,0,0,2020-10-21 09:04:30,2020-10-21 09:17:26
48,0,0,2020-10-21 09:04:36,2020-10-21 09:14:19
46,5,105,2020-10-21 09:04:36,2020-10-21 12:41:11
18,0,0,2020-10-21 09:04:38,2020-10-21 09:13:40
24,0,0,2020-10-21 09:05:01,2020-10-21 09:13:50
38,41,326,2020-10-21 09:05:01,2020-10-21 09:05:23
4,0,0,2020-10-21 09:05:03,2020-10-21 09:16:13
99,0,0,2020-10-21 09:05:09,2020-10-21 09:14:59
89,45,0,2020-10-21 09:05:19,2020-10-21 09:07:05
38,41,320,2020-10-21 09:05:23,2020-10-21 09:06:26
79,0,0,2020-10-21 09:06:11,2020-10-21 09:16:22
41,0,0,2020-10-21 09:06:22,2020-10-21 09:16:49
38,41,315,2020-10-21 09:06:26,2020-10-21 09:06:57
110,0,0,2020-10-21 09:06:29,2020-10-21 09:13:46
123,0,0,2020-10-21 09:06:48,2020-10-21 09:16:24
96,0,0,2020-10-21 09:06:54,2020-10-21 09:17:35
38,41,316,2020-10-21 09:06:57,2020-10-21 09:07:28
55,0,0,2020-10-21 09:07:04,2020-10-21 09:15:47
89,45,301,2020-10-21 09:07:05,2020-10-21 09:07:14
89,45,401,2020-10-21 09:07:14,2020-10-21 09:07:31
68,0,0,2020-10-21 09:07:20,2020-10-21 09:16:35
123,0,0,2020-10-21 09:07:21,2020-10-21 09:17:01
38,41,108,2020-10-21 09:07:28,2020-10-21 12:16:29
89,45,402,2020-10-21 09:07:31,2020-10-21 09:07:58
132,0,0,2020-10-21 09:07:34,2020-10-21 09:17:11
19,0,0,2020-10-21 09:07:55,2020-10-21 09:18:04
89,45,403,2020-10-21 09:07:58,2020-10-21 09:09:02
76,0,0,2020-10-21 09:08:08,2020-10-21 09:18:59
26,0,0,2020-10-21 09:08:19,2020-10-21 09:20:24
20,89,0,2020-10-21 09:08:23,2020-10-21 09:12:08
10,0,0,2020-10-21 09:08:28,2020-10-21 09:18:12
93,0,0,2020-10-21 09:08:51,2020-10-21 09:21:04
89,45,412,2020-10-21 09:09:02,2020-10-21 09:10:18
98,0,0,2020-10-21 09:09:23,2020-10-21 09:18:49
33,0,0,2020-10-21 09:09:47,2020-10-21 09:19:19
75,0,0,2020-10-21 09:10:05,2020-10-21 09:19:58
89,45,415,2020-10-21 09:10:18,2020-10-21 09:10:53
45,20,325,2020-10-21 09:10:29,2020-10-21 09:11:40
89,45,414,2020-10-21 09:10:53,2020-10-21 09:11:08
14,21,0,2020-10-21 09:10:55,2020-10-21 09:16:21
12,0,0,2020-10-21 09:10:56,2020-10-21 09:20:12
89,45,238,2020-10-21 09:11:08,2020-10-21 10:28:04
88,23,0,2020-10-21 09:11:14,2020-10-21 09:11:59
45,20,421,2020-10-21 09:11:40,2020-10-21 09:12:11
77,52,0,2020-10-21 09:11:43,2020-10-21 09:15:33
88,23,326,2020-10-21 09:11:59,2020-10-21 09:12:19
20,89,301,2020-10-21 09:12:08,2020-10-21 09:12:20
21,0,0,2020-10-21 09:12:09,2020-10-21 09:21:01
2,51,0,2020-10-21 09:12:11,2020-10-21 09:14:48
45,20,419,2020-10-21 09:12:11,2020-10-21 09:12:21
88,23,320,2020-10-21 09:12:19,2020-10-21 09:13:31
20,89,401,2020-10-21 09:12:20,2020-10-21 09:12:38
45,20,418,2020-10-21 09:12:21,2020-10-21 09:12:59
20,89,402,2020-10-21 09:12:38,2020-10-21 09:12:59
95,0,169,2020-10-21 09:12:43,2020-10-21 09:13:12
64,55,0,2020-10-21 09:12:48,2020-10-21 09:15:39
20,89,403,2020-10-21 09:12:59,2020-10-21 09:13:36
45,20,255,2020-10-21 09:12:59,2020-10-21 10:28:25
59,55,0,2020-10-21 09:13:00,2020-10-21 09:16:28
95,0,323,2020-10-21 09:13:12,2020-10-21 09:13:34
88,23,315,2020-10-21 09:13:31,2020-10-21 09:14:07
95,0,322,2020-10-21 09:13:34,2020-10-21 09:14:24
20,89,404,2020-10-21 09:13:36,2020-10-21 09:14:00
18,0,0,2020-10-21 09:13:40,2020-10-21 09:22:31
110,0,0,2020-10-21 09:13:46,2020-10-21 09:22:44
24,22,0,2020-10-21 09:13:50,2020-10-21 09:14:21
97,0,0,2020-10-21 09:13:51,2020-10-21 09:22:24
142,0,0,2020-10-21 09:13:54,2020-10-21 09:24:01
67,0,0,2020-10-21 09:13:54,2020-10-21 09:24:03
20,89,405,2020-10-21 09:14:00,2020-10-21 09:14:25
88,23,316,2020-10-21 09:14:07,2020-10-21 09:14:37
69,0,0,2020-10-21 09:14:14,2020-10-21 09:25:02
48,0,0,2020-10-21 09:14:19,2020-10-21 09:25:15
24,22,326,2020-10-21 09:14:21,2020-10-21 09:14:43
95,0,325,2020-10-21 09:14:24,2020-10-21 09:18:34
20,89,210,2020-10-21 09:14:25,2020-10-21 10:22:10
88,23,317,2020-10-21 09:14:37,2020-10-21 09:14:55
24,22,320,2020-10-21 09:14:43,2020-10-21 09:16:01
144,0,0,2020-10-21 09:14:47,2020-10-21 09:24:32
2,51,301,2020-10-21 09:14:48,2020-10-21 09:15:00
88,23,119,2020-10-21 09:14:55,2020-10-21 11:58:13
99,0,0,2020-10-21 09:14:59,2020-10-21 09:24:59
2,51,401,2020-10-21 09:15:00,2020-10-21 09:15:13
2,51,402,2020-10-21 09:15:13,2020-10-21 09:15:41
77,52,301,2020-10-21 09:15:33,2020-10-21 09:15:44
64,55,301,2020-10-21 09:15:39,2020-10-21 09:15:49
2,51,403,2020-10-21 09:15:41,2020-10-21 09:16:41
77,52,401,2020-10-21 09:15:44,2020-10-21 09:16:02
55,0,0,2020-10-21 09:15:47,2020-10-21 09:24:19
64,55,401,2020-10-21 09:15:49,2020-10-21 09:16:08
24,22,315,2020-10-21 09:16:01,2020-10-21 09:16:27
77,52,402,2020-10-21 09:16:02,2020-10-21 09:16:24
44,0,0,2020-10-21 09:16:04,2020-10-21 09:25:47
64,55,402,2020-10-21 09:16:08,2020-10-21 09:16:37
90,0,0,2020-10-21 09:16:11,2020-10-21 09:24:59
4,0,0,2020-10-21 09:16:13,2020-10-21 09:23:34
14,21,312,2020-10-21 09:16:21,2020-10-21 09:17:06
82,4,0,2020-10-21 09:16:22,2020-10-21 09:22:28
79,48,0,2020-10-21 09:16:22,2020-10-21 09:17:05
123,0,0,2020-10-21 09:16:24,2020-10-21 09:26:31
77,52,403,2020-10-21 09:16:24,2020-10-21 09:17:04
24,22,316,2020-10-21 09:16:27,2020-10-21 09:16:55
59,55,301,2020-10-21 09:16:28,2020-10-21 09:16:38
68,0,0,2020-10-21 09:16:35,2020-10-21 09:27:55
64,55,403,2020-10-21 09:16:37,2020-10-21 09:16:47
59,55,401,2020-10-21 09:16:38,2020-10-21 09:16:58
2,51,412,2020-10-21 09:16:41,2020-10-21 09:16:55
64,55,204,2020-10-21 09:16:47,2020-10-21 10:11:01
41,40,0,2020-10-21 09:16:49,2020-10-21 09:17:31
2,51,236,2020-10-21 09:16:55,2020-10-21 11:40:18
78,0,0,2020-10-21 09:16:55,2020-10-21 09:26:51
24,22,106,2020-10-21 09:16:55,2020-10-21 10:41:21
23,0,0,2020-10-21 09:16:56,2020-10-21 09:28:24
59,55,402,2020-10-21 09:16:58,2020-10-21 09:17:25
123,0,0,2020-10-21 09:17:01,2020-10-21 09:24:56
77,52,404,2020-10-21 09:17:04,2020-10-21 09:17:37
79,48,326,2020-10-21 09:17:05,2020-10-21 09:17:25
14,21,308,2020-10-21 09:17:06,2020-10-21 09:17:26
132,0,0,2020-10-21 09:17:11,2020-10-21 09:25:41
79,48,320,2020-10-21 09:17:25,2020-10-21 09:18:15
59,55,403,2020-10-21 09:17:25,2020-10-21 09:17:59
143,0,0,2020-10-21 09:17:26,2020-10-21 09:27:29
14,21,148,2020-10-21 09:17:26,2020-10-21 11:22:58
41,40,326,2020-10-21 09:17:31,2020-10-21 09:17:51
96,0,0,2020-10-21 09:17:35,2020-10-21 09:28:08
77,52,405,2020-10-21 09:17:37,2020-10-21 09:18:16
41,40,320,2020-10-21 09:17:51,2020-10-21 09:19:00
59,55,404,2020-10-21 09:17:59,2020-10-21 09:18:22
19,0,0,2020-10-21 09:18:04,2020-10-21 09:29:18
10,0,0,2020-10-21 09:18:12,2020-10-21 09:29:13
15,0,0,2020-10-21 09:18:15,2020-10-21 09:27:41
79,48,315,2020-10-21 09:18:15,2020-10-21 09:18:51
77,52,406,2020-10-21 09:18:16,2020-10-21 09:18:41
59,55,405,2020-10-21 09:18:22,2020-10-21 09:18:38
95,0,0,2020-10-21 09:18:34,2020-10-21 09:22:13
59,55,209,2020-10-21 09:18:38,2020-10-21 10:24:01
77,52,213,2020-10-21 09:18:41,2020-10-21 11:52:29
98,0,0,2020-10-21 09:18:49,2020-10-21 09:28:08
79,48,316,2020-10-21 09:18:51,2020-10-21 09:19:15
76,0,0,2020-10-21 09:18:59,2020-10-21 09:28:34
41,40,143,2020-10-21 09:19:00,2020-10-21 12:08:34
79,48,317,2020-10-21 09:19:15,2020-10-21 09:21:00
33,0,0,2020-10-21 09:19:19,2020-10-21 09:29:53
75,34,0,2020-10-21 09:19:58,2020-10-21 09:26:04
147,0,0,2020-10-21 09:20:00,2020-10-21 09:30:58
12,0,0,2020-10-21 09:20:12,2020-10-21 09:30:42
26,0,0,2020-10-21 09:20:24,2020-10-21 09:31:32
85,83,0,2020-10-21 09:20:56,2020-10-21 09:21:58
79,48,319,2020-10-21 09:21:00,2020-10-21 09:21:30
21,0,0,2020-10-21 09:21:01,2020-10-21 09:32:56
80,0,170,2020-10-21 09:21:03,2020-10-21 09:22:44
93,0,0,2020-10-21 09:21:04,2020-10-21 09:30:44
17,0,0,2020-10-21 09:21:12,2020-10-21 09:30:35
79,48,166,2020-10-21 09:21:30,2020-10-21 10:37:41
85,83,326,2020-10-21 09:21:58,2020-10-21 09:22:40
95,40,0,2020-10-21 09:22:13,2020-10-21 09:23:05
97,117,0,2020-10-21 09:22:24,2020-10-21 09:27:08
82,4,325,2020-10-21 09:22:28,2020-10-21 09:23:39
18,0,0,2020-10-21 09:22:31,2020-10-21 09:32:20
54,50,0,2020-10-21 09:22:39,2020-10-21 09:28:45
85,83,102,2020-10-21 09:22:40,2020-10-21 09:23:54
110,101,0,2020-10-21 09:22:44,2020-10-21 09:23:28
80,0,323,2020-10-21 09:22:44,2020-10-21 09:23:04
80,0,322,2020-10-21 09:23:04,2020-10-21 09:23:57
95,40,326,2020-10-21 09:23:05,2020-10-21 09:23:21
95,40,320,2020-10-21 09:23:21,2020-10-21 09:25:00
110,101,326,2020-10-21 09:23:28,2020-10-21 09:24:15
4,0,0,2020-10-21 09:23:34,2020-10-21 09:32:50
82,4,421,2020-10-21 09:23:39,2020-10-21 09:24:10
85,83,321,2020-10-21 09:23:54,2020-10-21 09:24:51
80,0,325,2020-10-21 09:23:57,2020-10-21 09:29:58
142,99,0,2020-10-21 09:24:01,2020-10-21 09:24:39
67,0,0,2020-10-21 09:24:03,2020-10-21 09:33:54
130,0,0,2020-10-21 09:24:09,2020-10-21 09:35:03
82,4,419,2020-10-21 09:24:10,2020-10-21 09:24:20
110,101,102,2020-10-21 09:24:15,2020-10-21 09:25:47
55,0,0,2020-10-21 09:24:19,2020-10-21 09:34:38
82,4,418,2020-10-21 09:24:20,2020-10-21 09:24:58
144,94,0,2020-10-21 09:24:32,2020-10-21 09:34:25
142,99,326,2020-10-21 09:24:39,2020-10-21 09:25:01
80,43,138,2020-10-21 09:24:50,2020-10-21 09:25:32
85,83,178,2020-10-21 09:24:51,2020-10-21 11:21:34
123,0,0,2020-10-21 09:24:56,2020-10-21 09:33:51
82,4,255,2020-10-21 09:24:58,2020-10-21 11:43:48
99,0,0,2020-10-21 09:24:59,2020-10-21 09:32:29
90,0,0,2020-10-21 09:24:59,2020-10-21 09:35:44
95,40,315,2020-10-21 09:25:00,2020-10-21 09:26:16
142,99,320,2020-10-21 09:25:01,2020-10-21 09:25:26
69,0,0,2020-10-21 09:25:02,2020-10-21 09:35:44
48,0,0,2020-10-21 09:25:15,2020-10-21 09:35:15
84,0,0,2020-10-21 09:25:26,2020-10-21 09:36:02
142,99,142,2020-10-21 09:25:26,2020-10-21 10:49:18
80,43,306,2020-10-21 09:25:32,2020-10-21 09:26:15
158,136,0,2020-10-21 09:25:34,2020-10-21 09:29:09
132,0,0,2020-10-21 09:25:41,2020-10-21 09:34:08
72,0,171,2020-10-21 09:25:43,2020-10-21 09:25:59
154,133,0,2020-10-21 09:25:43,2020-10-21 09:28:53
44,59,0,2020-10-21 09:25:47,2020-10-21 09:30:29
110,101,321,2020-10-21 09:25:47,2020-10-21 09:28:27
72,0,322,2020-10-21 09:25:59,2020-10-21 09:26:58
75,34,325,2020-10-21 09:26:04,2020-10-21 09:27:15
80,43,307,2020-10-21 09:26:15,2020-10-21 09:27:01
95,40,303,2020-10-21 09:26:16,2020-10-21 09:26:49
114,0,0,2020-10-21 09:26:17,2020-10-21 09:34:13
123,129,0,2020-10-21 09:26:31,2020-10-21 09:27:16
16,0,232,2020-10-21 09:26:44,2020-10-21 09:27:19
95,40,304,2020-10-21 09:26:49,2020-10-21 09:27:19
78,41,0,2020-10-21 09:26:51,2020-10-21 09:27:32
72,0,325,2020-10-21 09:26:58,2020-10-21 09:32:07
74,6,0,2020-10-21 09:27:00,2020-10-21 09:32:26
80,43,308,2020-10-21 09:27:01,2020-10-21 09:27:28
97,117,325,2020-10-21 09:27:08,2020-10-21 09:28:21
75,34,421,2020-10-21 09:27:15,2020-10-21 09:27:46
123,129,326,2020-10-21 09:27:16,2020-10-21 09:27:36
95,40,305,2020-10-21 09:27:19,2020-10-21 09:27:38
16,0,412,2020-10-21 09:27:19,2020-10-21 09:28:07
80,43,318,2020-10-21 09:27:28,2020-10-21 09:28:18
143,0,0,2020-10-21 09:27:29,2020-10-21 09:38:04
78,41,326,2020-10-21 09:27:32,2020-10-21 09:27:50
123,129,320,2020-10-21 09:27:36,2020-10-21 09:28:48
95,40,137,2020-10-21 09:27:38,2020-10-21 11:57:46
15,27,0,2020-10-21 09:27:41,2020-10-21 09:31:09
75,34,419,2020-10-21 09:27:46,2020-10-21 09:27:56
78,41,320,2020-10-21 09:27:50,2020-10-21 09:29:10
68,0,0,2020-10-21 09:27:55,2020-10-21 09:38:03
75,34,418,2020-10-21 09:27:56,2020-10-21 09:28:34
16,0,403,2020-10-21 09:28:07,2020-10-21 09:28:30
98,94,0,2020-10-21 09:28:08,2020-10-21 09:28:56
96,0,0,2020-10-21 09:28:08,2020-10-21 09:37:17
80,43,319,2020-10-21 09:28:18,2020-10-21 09:29:20
105,0,0,2020-10-21 09:28:20,2020-10-21 09:38:55
97,117,421,2020-10-21 09:28:21,2020-10-21 09:28:44
23,0,0,2020-10-21 09:28:24,2020-10-21 09:38:50
110,101,322,2020-10-21 09:28:27,2020-10-21 09:28:55
16,0,402,2020-10-21 09:28:30,2020-10-21 09:28:47
75,34,255,2020-10-21 09:28:34,2020-10-21 11:24:14
76,0,0,2020-10-21 09:28:34,2020-10-21 09:37:50
97,117,419,2020-10-21 09:28:44,2020-10-21 09:29:28
54,50,325,2020-10-21 09:28:45,2020-10-21 09:29:56
126,0,0,2020-10-21 09:28:45,2020-10-21 09:39:02
16,0,401,2020-10-21 09:28:47,2020-10-21 09:28:55
123,129,315,2020-10-21 09:28:48,2020-10-21 09:29:24
154,133,325,2020-10-21 09:28:53,2020-10-21 09:30:23
16,0,301,2020-10-21 09:28:55,2020-10-21 09:30:57
110,101,323,2020-10-21 09:28:55,2020-10-21 09:30:00
98,94,326,2020-10-21 09:28:56,2020-10-21 09:29:18
152,0,0,2020-10-21 09:29:07,2020-10-21 09:40:06
158,136,301,2020-10-21 09:29:09,2020-10-21 09:29:20
78,41,315,2020-10-21 09:29:10,2020-10-21 09:31:02
10,0,0,2020-10-21 09:29:13,2020-10-21 09:37:49
19,0,0,2020-10-21 09:29:18,2020-10-21 09:38:01
98,94,320,2020-10-21 09:29:18,2020-10-21 09:30:21
158,136,401,2020-10-21 09:29:20,2020-10-21 09:29:32
80,43,322,2020-10-21 09:29:20,2020-10-21 09:29:34
123,129,316,2020-10-21 09:29:24,2020-10-21 09:29:54
97,117,253,2020-10-21 09:29:28,2020-10-21 13:12:24
158,136,402,2020-10-21 09:29:32,2020-10-21 09:29:59
80,43,323,2020-10-21 09:29:34,2020-10-21 09:30:44
33,76,0,2020-10-21 09:29:53,2020-10-21 09:35:51
123,129,317,2020-10-21 09:29:54,2020-10-21 09:30:12
54,50,421,2020-10-21 09:29:56,2020-10-21 09:30:27
80,0,0,2020-10-21 09:29:58,2020-10-21 09:30:19
158,136,403,2020-10-21 09:29:59,2020-10-21 09:30:44
110,101,170,2020-10-21 09:30:00,2020-10-21 12:43:39
123,129,119,2020-10-21 09:30:12,2020-10-21 08:57:58
80,0,0,2020-10-21 09:30:19,2020-10-21 09:40:46
98,94,315,2020-10-21 09:30:21,2020-10-21 09:30:52
154,133,421,2020-10-21 09:30:23,2020-10-21 09:31:33
54,50,419,2020-10-21 09:30:27,2020-10-21 09:30:37
44,59,301,2020-10-21 09:30:29,2020-10-21 09:30:39
17,38,0,2020-10-21 09:30:35,2020-10-21 09:33:58
54,50,418,2020-10-21 09:30:37,2020-10-21 09:31:15
44,59,401,2020-10-21 09:30:39,2020-10-21 09:30:49
12,3,0,2020-10-21 09:30:42,2020-10-21 09:34:14
158,136,412,2020-10-21 09:30:44,2020-10-21 09:31:08
80,43,170,2020-10-21 09:30:44,2020-10-21 09:21:03
93,0,0,2020-10-21 09:30:44,2020-10-21 09:39:14
44,59,402,2020-10-21 09:30:49,2020-10-21 09:31:10
98,94,316,2020-10-21 09:30:52,2020-10-21 09:31:23
16,0,0,2020-10-21 09:30:57,2020-10-21 09:36:47
147,0,0,2020-10-21 09:30:58,2020-10-21 09:40:25
107,0,0,2020-10-21 09:31:02,2020-10-21 09:40:59
78,41,303,2020-10-21 09:31:02,2020-10-21 09:31:31
158,136,411,2020-10-21 09:31:08,2020-10-21 09:31:28
15,27,301,2020-10-21 09:31:09,2020-10-21 09:31:19
44,59,403,2020-10-21 09:31:10,2020-10-21 09:31:49
54,50,255,2020-10-21 09:31:15,2020-10-21 11:34:52
15,27,401,2020-10-21 09:31:19,2020-10-21 09:31:39
98,94,108,2020-10-21 09:31:23,2020-10-21 11:32:51
158,136,229,2020-10-21 09:31:28,2020-10-21 12:15:35
78,41,304,2020-10-21 09:31:31,2020-10-21 09:31:49
26,0,0,2020-10-21 09:31:32,2020-10-21 09:41:34
154,133,417,2020-10-21 09:31:33,2020-10-21 09:31:46
15,27,402,2020-10-21 09:31:39,2020-10-21 09:32:06
154,133,244,2020-10-21 09:31:46,2020-10-21 11:00:29
56,0,239,2020-10-21 09:31:48,2020-10-21 09:32:08
44,59,404,2020-10-21 09:31:49,2020-10-21 09:32:16
78,41,136,2020-10-21 09:31:49,2020-10-21 10:45:09
15,27,403,2020-10-21 09:32:06,2020-10-21 09:32:40
72,0,0,2020-10-21 09:32:07,2020-10-21 09:35:10
56,0,415,2020-10-21 09:32:08,2020-10-21 09:33:28
44,59,222,2020-10-21 09:32:16,2020-10-21 12:29:19
18,0,0,2020-10-21 09:32:20,2020-10-21 09:42:02
74,6,325,2020-10-21 09:32:26,2020-10-21 09:34:26
99,0,0,2020-10-21 09:32:29,2020-10-21 09:42:23
15,27,404,2020-10-21 09:32:40,2020-10-21 09:33:03
4,2,0,2020-10-21 09:32:50,2020-10-21 09:38:39
21,0,0,2020-10-21 09:32:56,2020-10-21 09:44:16
15,27,405,2020-10-21 09:33:03,2020-10-21 09:33:19
15,27,209,2020-10-21 09:33:19,2020-10-21 12:41:19
56,0,412,2020-10-21 09:33:28,2020-10-21 09:34:57
123,0,0,2020-10-21 09:33:51,2020-10-21 09:42:51
67,0,0,2020-10-21 09:33:54,2020-10-21 09:44:42
17,38,301,2020-10-21 09:33:58,2020-10-21 09:34:24
132,0,0,2020-10-21 09:34:08,2020-10-21 09:45:58
114,105,0,2020-10-21 09:34:13,2020-10-21 09:34:56
12,3,306,2020-10-21 09:34:14,2020-10-21 09:34:47
17,38,302,2020-10-21 09:34:24,2020-10-21 09:34:43
144,94,324,2020-10-21 09:34:25,2020-10-21 09:35:17
74,6,421,2020-10-21 09:34:26,2020-10-21 09:35:23
55,16,0,2020-10-21 09:34:38,2020-10-21 09:35:16
17,38,133,2020-10-21 09:34:43,2020-10-21 09:52:22
12,3,128,2020-10-21 09:34:47,2020-10-21 11:04:22
114,105,326,2020-10-21 09:34:56,2020-10-21 09:35:13
56,0,403,2020-10-21 09:34:57,2020-10-21 09:35:22
130,0,0,2020-10-21 09:35:03,2020-10-21 09:45:16
72,0,0,2020-10-21 09:35:10,2020-10-21 09:44:03
114,105,320,2020-10-21 09:35:13,2020-10-21 09:36:18
48,0,0,2020-10-21 09:35:15,2020-10-21 09:45:01
55,16,326,2020-10-21 09:35:16,2020-10-21 09:35:38
144,94,174,2020-10-21 09:35:17,2020-10-21 11:48:03
56,0,402,2020-10-21 09:35:22,2020-10-21 09:35:37
74,6,417,2020-10-21 09:35:23,2020-10-21 09:35:33
74,6,251,2020-10-21 09:35:33,2020-10-21 11:14:55
56,0,401,2020-10-21 09:35:37,2020-10-21 09:35:47
55,16,320,2020-10-21 09:35:38,2020-10-21 09:36:03
69,0,0,2020-10-21 09:35:44,2020-10-21 09:44:25
90,0,0,2020-10-21 09:35:44,2020-10-21 09:46:17
56,0,301,2020-10-21 09:35:47,2020-10-21 09:39:26
33,76,307,2020-10-21 09:35:51,2020-10-21 09:36:17
84,0,0,2020-10-21 09:36:02,2020-10-21 09:45:46
55,16,142,2020-10-21 09:36:03,2020-10-21 10:15:08
33,76,147,2020-10-21 09:36:17,2020-10-21 09:47:50
114,105,315,2020-10-21 09:36:18,2020-10-21 09:37:16
58,0,178,2020-10-21 09:36:37,2020-10-21 09:37:49
16,0,0,2020-10-21 09:36:47,2020-10-21 09:46:43
145,138,0,2020-10-21 09:37:02,2020-10-21 09:40:24
114,105,303,2020-10-21 09:37:16,2020-10-21 09:37:34
96,0,0,2020-10-21 09:37:17,2020-10-21 09:46:19
114,105,134,2020-10-21 09:37:34,2020-10-21 12:26:09
10,0,0,2020-10-21 09:37:49,2020-10-21 09:48:00
58,0,321,2020-10-21 09:37:49,2020-10-21 09:39:18
76,0,0,2020-10-21 09:37:50,2020-10-21 09:47:34
37,0,0,2020-10-21 09:37:57,2020-10-21 09:49:34
120,0,0,2020-10-21 09:38:01,2020-10-21 09:48:18
19,0,0,2020-10-21 09:38:01,2020-10-21 09:47:22
68,0,0,2020-10-21 09:38:03,2020-10-21 09:48:05
143,0,0,2020-10-21 09:38:04,2020-10-21 09:47:31
138,96,0,2020-10-21 09:38:32,2020-10-21 09:39:17
4,2,325,2020-10-21 09:38:39,2020-10-21 09:40:21
23,0,0,2020-10-21 09:38:50,2020-10-21 09:46:44
105,0,0,2020-10-21 09:38:55,2020-10-21 09:48:03
126,0,0,2020-10-21 09:39:02,2020-10-21 09:49:32
28,0,0,2020-10-21 09:39:03,2020-10-21 09:49:33
49,0,0,2020-10-21 09:39:13,2020-10-21 09:48:44
93,70,0,2020-10-21 09:39:14,2020-10-21 09:44:40
138,96,326,2020-10-21 09:39:17,2020-10-21 09:39:36
58,0,102,2020-10-21 09:39:18,2020-10-21 09:40:09
56,0,0,2020-10-21 09:39:26,2020-10-21 09:41:48
138,96,320,2020-10-21 09:39:36,2020-10-21 09:40:51
152,0,0,2020-10-21 09:40:06,2020-10-21 09:51:23
58,0,326,2020-10-21 09:40:09,2020-10-21 09:40:49
4,2,421,2020-10-21 09:40:21,2020-10-21 09:41:15
145,138,301,2020-10-21 09:40:24,2020-10-21 09:40:32
147,0,0,2020-10-21 09:40:25,2020-10-21 09:49:20
35,0,0,2020-10-21 09:40:27,2020-10-21 09:49:27
145,138,401,2020-10-21 09:40:32,2020-10-21 09:40:43
145,138,402,2020-10-21 09:40:43,2020-10-21 09:41:00
80,0,0,2020-10-21 09:40:46,2020-10-21 09:52:10
58,0,0,2020-10-21 09:40:49,2020-10-21 09:46:28
138,96,315,2020-10-21 09:40:51,2020-10-21 09:41:27
107,109,0,2020-10-21 09:40:59,2020-10-21 09:42:58
145,138,202,2020-10-21 09:41:00,2020-10-21 14:00:38
4,2,252,2020-10-21 09:41:15,2020-10-21 10:54:38
138,96,117,2020-10-21 09:41:27,2020-10-21 09:41:46
26,64,0,2020-10-21 09:41:34,2020-10-21 09:42:06
138,0,117,2020-10-21 09:41:46,2020-10-21 09:42:26
56,0,0,2020-10-21 09:41:48,2020-10-21 09:50:43
157,0,0,2020-10-21 09:42:02,2020-10-21 09:51:53
18,25,0,2020-10-21 09:42:02,2020-10-21 09:49:01
26,64,326,2020-10-21 09:42:06,2020-10-21 09:42:50
99,0,0,2020-10-21 09:42:23,2020-10-21 09:52:46
138,0,315,2020-10-21 09:42:26,2020-10-21 09:43:57
26,64,102,2020-10-21 09:42:50,2020-10-21 09:44:30
123,0,0,2020-10-21 09:42:51,2020-10-21 09:52:16
6,0,0,2020-10-21 09:42:52,2020-10-21 09:55:51
107,109,301,2020-10-21 09:42:58,2020-10-21 09:43:06
107,109,401,2020-10-21 09:43:06,2020-10-21 09:43:25
107,109,402,2020-10-21 09:43:25,2020-10-21 09:43:40
65,0,0,2020-10-21 09:43:27,2020-10-21 09:54:54
107,109,219,2020-10-21 09:43:40,2020-10-21 10:08:55
138,0,320,2020-10-21 09:43:57,2020-10-21 09:44:14
83,0,0,2020-10-21 09:44:01,2020-10-21 09:53:09
72,0,0,2020-10-21 09:44:03,2020-10-21 09:54:38
138,0,326,2020-10-21 09:44:14,2020-10-21 09:44:56
21,4,0,2020-10-21 09:44:16,2020-10-21 09:48:23
69,0,0,2020-10-21 09:44:25,2020-10-21 09:54:57
26,64,321,2020-10-21 09:44:30,2020-10-21 09:47:07
93,70,325,2020-10-21 09:44:40,2020-10-21 09:46:40
67,0,0,2020-10-21 09:44:42,2020-10-21 09:54:04
138,0,0,2020-10-21 09:44:56,2020-10-21 09:51:50
48,0,0,2020-10-21 09:45:01,2020-10-21 09:55:09
130,121,0,2020-10-21 09:45:16,2020-10-21 09:50:20
84,0,0,2020-10-21 09:45:46,2020-10-21 09:55:21
132,0,0,2020-10-21 09:45:58,2020-10-21 09:55:56
90,0,0,2020-10-21 09:46:17,2020-10-21 09:56:55
96,0,0,2020-10-21 09:46:19,2020-10-21 09:56:28
58,0,0,2020-10-21 09:46:28,2020-10-21 09:55:28
93,70,421,2020-10-21 09:46:40,2020-10-21 09:47:37
16,0,0,2020-10-21 09:46:43,2020-10-21 09:55:49
23,22,0,2020-10-21 09:46:44,2020-10-21 09:50:09
71,0,202,2020-10-21 09:47:05,2020-10-21 09:47:20
26,64,322,2020-10-21 09:47:07,2020-10-21 09:47:36
71,0,402,2020-10-21 09:47:20,2020-10-21 09:47:34
19,0,0,2020-10-21 09:47:22,2020-10-21 09:56:22
143,0,0,2020-10-21 09:47:31,2020-10-21 09:58:32
71,0,401,2020-10-21 09:47:34,2020-10-21 09:47:44
76,0,0,2020-10-21 09:47:34,2020-10-21 09:56:57
26,64,168,2020-10-21 09:47:36,2020-10-21 11:59:36
93,70,417,2020-10-21 09:47:37,2020-10-21 09:47:47
71,0,301,2020-10-21 09:47:44,2020-10-21 09:51:07
93,70,251,2020-10-21 09:47:47,2020-10-21 13:15:59
33,0,147,2020-10-21 09:47:50,2020-10-21 09:48:27
10,0,0,2020-10-21 09:48:00,2020-10-21 10:00:29
105,0,0,2020-10-21 09:48:03,2020-10-21 09:58:26
132,0,142,2020-10-21 09:48:04,2020-10-21 09:48:33
68,0,0,2020-10-21 09:48:05,2020-10-21 09:58:38
120,0,0,2020-10-21 09:48:18,2020-10-21 09:57:57
21,4,301,2020-10-21 09:48:23,2020-10-21 09:48:35
33,0,307,2020-10-21 09:48:27,2020-10-21 09:56:02
132,0,320,2020-10-21 09:48:33,2020-10-21 09:48:53
21,4,401,2020-10-21 09:48:35,2020-10-21 09:48:52
49,0,0,2020-10-21 09:48:44,2020-10-21 09:59:15
21,4,402,2020-10-21 09:48:52,2020-10-21 09:49:08
132,0,326,2020-10-21 09:48:53,2020-10-21 09:49:48
18,25,313,2020-10-21 09:49:01,2020-10-21 09:49:01
18,25,162,2020-10-21 09:49:01,2020-10-21 11:09:08
21,4,403,2020-10-21 09:49:08,2020-10-21 09:50:10
147,0,0,2020-10-21 09:49:20,2020-10-21 10:00:42
35,0,0,2020-10-21 09:49:27,2020-10-21 09:58:17
126,0,0,2020-10-21 09:49:32,2020-10-21 09:59:30
11,60,0,2020-10-21 09:49:33,2020-10-21 09:50:12
28,0,0,2020-10-21 09:49:33,2020-10-21 09:59:45
37,40,0,2020-10-21 09:49:34,2020-10-21 09:52:26
132,0,0,2020-10-21 09:49:48,2020-10-21 09:56:58
23,22,301,2020-10-21 09:50:09,2020-10-21 09:50:21
21,4,412,2020-10-21 09:50:10,2020-10-21 09:50:40
11,60,326,2020-10-21 09:50:12,2020-10-21 09:50:34
130,121,306,2020-10-21 09:50:20,2020-10-21 09:50:35
23,22,131,2020-10-21 09:50:21,2020-10-21 12:12:03
108,0,0,2020-10-21 09:50:21,2020-10-21 10:00:09
11,60,320,2020-10-21 09:50:34,2020-10-21 09:51:56
130,121,129,2020-10-21 09:50:35,2020-10-21 11:56:35
21,4,411,2020-10-21 09:50:40,2020-10-21 09:51:02
56,0,0,2020-10-21 09:50:43,2020-10-21 09:59:53
21,4,234,2020-10-21 09:51:02,2020-10-21 10:30:41
71,0,0,2020-10-21 09:51:07,2020-10-21 09:56:36
152,0,0,2020-10-21 09:51:23,2020-10-21 10:00:19
153,0,0,2020-10-21 09:51:44,2020-10-21 10:01:44
138,92,0,2020-10-21 09:51:50,2020-10-21 09:54:53
157,0,0,2020-10-21 09:51:53,2020-10-21 10:00:49
11,60,315,2020-10-21 09:51:56,2020-10-21 09:53:19
80,0,0,2020-10-21 09:52:10,2020-10-21 10:02:10
123,126,0,2020-10-21 09:52:16,2020-10-21 09:52:47
17,0,133,2020-10-21 09:52:22,2020-10-21 09:52:39
125,0,0,2020-10-21 09:52:23,2020-10-21 10:02:04
37,40,301,2020-10-21 09:52:26,2020-10-21 09:52:32
37,40,401,2020-10-21 09:52:32,2020-10-21 09:52:47
17,0,302,2020-10-21 09:52:39,2020-10-21 09:53:09
99,0,0,2020-10-21 09:52:46,2020-10-21 10:05:18
123,126,326,2020-10-21 09:52:47,2020-10-21 09:53:09
37,40,402,2020-10-21 09:52:47,2020-10-21 09:53:10
83,0,0,2020-10-21 09:53:09,2020-10-21 10:02:16
123,126,320,2020-10-21 09:53:09,2020-10-21 09:54:27
17,0,301,2020-10-21 09:53:09,2020-10-21 09:55:34
37,40,403,2020-10-21 09:53:10,2020-10-21 09:53:42
11,60,303,2020-10-21 09:53:19,2020-10-21 09:53:46
37,40,404,2020-10-21 09:53:42,2020-10-21 09:54:07
11,60,304,2020-10-21 09:53:46,2020-10-21 09:54:05
67,0,0,2020-10-21 09:54:04,2020-10-21 10:04:04
11,60,305,2020-10-21 09:54:05,2020-10-21 09:54:22
37,40,405,2020-10-21 09:54:07,2020-10-21 09:54:19
37,40,226,2020-10-21 09:54:19,2020-10-21 12:00:04
11,60,126,2020-10-21 09:54:22,2020-10-21 10:42:07
43,0,0,2020-10-21 09:54:27,2020-10-21 10:05:12
123,126,315,2020-10-21 09:54:27,2020-10-21 09:54:53
72,0,0,2020-10-21 09:54:38,2020-10-21 10:06:50
123,126,316,2020-10-21 09:54:53,2020-10-21 09:55:21
138,92,301,2020-10-21 09:54:53,2020-10-21 09:55:15
65,0,0,2020-10-21 09:54:54,2020-10-21 10:03:41
69,9,0,2020-10-21 09:54:57,2020-10-21 09:55:47
9,0,0,2020-10-21 09:55:02,2020-10-21 10:06:22
48,0,0,2020-10-21 09:55:09,2020-10-21 10:04:34
63,0,0,2020-10-21 09:55:10,2020-10-21 10:05:04
138,92,302,2020-10-21 09:55:15,2020-10-21 09:55:29
50,22,0,2020-10-21 09:55:19,2020-10-21 09:56:05
84,12,0,2020-10-21 09:55:21,2020-10-21 10:00:03
123,126,106,2020-10-21 09:55:21,2020-10-21 10:40:39
58,0,0,2020-10-21 09:55:28,2020-10-21 10:05:35
138,92,121,2020-10-21 09:55:29,2020-10-21 10:49:06
17,0,0,2020-10-21 09:55:34,2020-10-21 10:01:39
69,9,326,2020-10-21 09:55:47,2020-10-21 09:56:48
16,0,0,2020-10-21 09:55:49,2020-10-21 10:05:40
6,68,0,2020-10-21 09:55:51,2020-10-21 09:56:40
132,117,0,2020-10-21 09:55:56,2020-10-21 09:56:34
33,0,0,2020-10-21 09:56:02,2020-10-21 09:58:21
50,22,326,2020-10-21 09:56:05,2020-10-21 09:56:23
53,0,0,2020-10-21 09:56:06,2020-10-21 10:05:58
19,0,0,2020-10-21 09:56:22,2020-10-21 10:05:07
50,22,320,2020-10-21 09:56:23,2020-10-21 09:57:13
96,1,0,2020-10-21 09:56:28,2020-10-21 09:57:05
132,117,326,2020-10-21 09:56:34,2020-10-21 09:56:56
81,0,124,2020-10-21 09:56:34,2020-10-21 09:56:54
71,0,0,2020-10-21 09:56:36,2020-10-21 10:04:53
6,68,326,2020-10-21 09:56:40,2020-10-21 09:57:00
69,9,102,2020-10-21 09:56:48,2020-10-21 09:58:05
81,0,304,2020-10-21 09:56:54,2020-10-21 09:57:24
90,0,0,2020-10-21 09:56:55,2020-10-21 10:07:14
132,117,320,2020-10-21 09:56:56,2020-10-21 09:57:21
76,0,0,2020-10-21 09:56:57,2020-10-21 10:07:46
132,0,0,2020-10-21 09:56:58,2020-10-21 10:07:56
6,68,320,2020-10-21 09:57:00,2020-10-21 09:58:13
96,1,326,2020-10-21 09:57:05,2020-10-21 09:57:30
117,0,0,2020-10-21 09:57:06,2020-10-21 10:06:53
50,22,315,2020-10-21 09:57:13,2020-10-21 09:57:51
132,117,142,2020-10-21 09:57:21,2020-10-21 09:48:04
81,0,303,2020-10-21 09:57:24,2020-10-21 09:57:47
96,1,102,2020-10-21 09:57:30,2020-10-21 09:58:52
81,0,302,2020-10-21 09:57:47,2020-10-21 09:58:14
50,22,316,2020-10-21 09:57:51,2020-10-21 09:58:31
120,110,0,2020-10-21 09:57:57,2020-10-21 10:03:23
69,9,321,2020-10-21 09:58:05,2020-10-21 10:01:29
6,68,315,2020-10-21 09:58:13,2020-10-21 09:58:45
81,0,301,2020-10-21 09:58:14,2020-10-21 10:00:41
35,0,0,2020-10-21 09:58:17,2020-10-21 10:06:17
33,51,0,2020-10-21 09:58:21,2020-10-21 10:06:36
105,0,0,2020-10-21 09:58:26,2020-10-21 10:08:57
50,22,317,2020-10-21 09:58:31,2020-10-21 09:58:57
143,0,0,2020-10-21 09:58:32,2020-10-21 10:06:05
68,0,0,2020-10-21 09:58:38,2020-10-21 10:08:32
6,68,104,2020-10-21 09:58:45,2020-10-21 12:01:10
96,1,321,2020-10-21 09:58:52,2020-10-21 10:01:03
50,22,110,2020-10-21 09:58:57,2020-10-21 14:01:57
49,29,0,2020-10-21 09:59:15,2020-10-21 10:00:12
126,0,0,2020-10-21 09:59:30,2020-10-21 10:07:33
28,0,0,2020-10-21 09:59:45,2020-10-21 10:10:47
56,0,0,2020-10-21 09:59:53,2020-10-21 10:10:28
84,12,301,2020-10-21 10:00:03,2020-10-21 10:00:13
108,0,0,2020-10-21 10:00:09,2020-10-21 10:10:09
49,29,326,2020-10-21 10:00:12,2020-10-21 10:00:32
84,12,401,2020-10-21 10:00:13,2020-10-21 10:00:23
152,137,0,2020-10-21 10:00:19,2020-10-21 10:06:32
84,12,402,2020-10-21 10:00:23,2020-10-21 10:00:44
10,0,0,2020-10-21 10:00:29,2020-10-21 10:10:05
49,29,320,2020-10-21 10:00:32,2020-10-21 10:02:00
81,0,0,2020-10-21 10:00:41,2020-10-21 10:05:31
147,0,0,2020-10-21 10:00:42,2020-10-21 10:11:59
84,12,403,2020-10-21 10:00:44,2020-10-21 10:01:23
157,0,0,2020-10-21 10:00:49,2020-10-21 10:10:31
96,1,322,2020-10-21 10:01:03,2020-10-21 10:01:34
84,12,404,2020-10-21 10:01:23,2020-10-21 10:01:50
69,9,322,2020-10-21 10:01:29,2020-10-21 10:01:44
96,1,323,2020-10-21 10:01:34,2020-10-21 10:02:22
17,69,0,2020-10-21 10:01:39,2020-10-21 10:03:46
153,0,0,2020-10-21 10:01:44,2020-10-21 10:12:21
69,9,171,2020-10-21 10:01:44,2020-10-21 11:34:25
84,12,222,2020-10-21 10:01:50,2020-10-21 13:05:10
155,0,0,2020-10-21 10:01:56,2020-10-21 10:12:06
49,29,315,2020-10-21 10:02:00,2020-10-21 10:03:16
125,125,0,2020-10-21 10:02:04,2020-10-21 10:11:57
62,0,0,2020-10-21 10:02:05,2020-10-21 10:12:13
80,0,0,2020-10-21 10:02:10,2020-10-21 10:12:10
83,22,0,2020-10-21 10:02:16,2020-10-21 10:04:52
96,1,169,2020-10-21 10:02:22,2020-10-21 13:32:12
49,29,303,2020-10-21 10:03:16,2020-10-21 10:03:46
120,110,312,2020-10-21 10:03:23,2020-10-21 10:04:08
65,0,0,2020-10-21 10:03:41,2020-10-21 10:14:40
49,29,304,2020-10-21 10:03:46,2020-10-21 10:04:22
17,69,301,2020-10-21 10:03:46,2020-10-21 10:03:59
17,69,401,2020-10-21 10:03:59,2020-10-21 10:04:14
67,0,0,2020-10-21 10:04:04,2020-10-21 10:13:58
120,110,308,2020-10-21 10:04:08,2020-10-21 10:04:28
17,69,402,2020-10-21 10:04:14,2020-10-21 10:04:34
49,29,305,2020-10-21 10:04:22,2020-10-21 10:04:37
120,110,148,2020-10-21 10:04:28,2020-10-21 13:07:16
17,69,403,2020-10-21 10:04:34,2020-10-21 10:05:32
48,0,0,2020-10-21 10:04:34,2020-10-21 10:13:16
49,29,127,2020-10-21 10:04:37,2020-10-21 12:41:46
83,22,301,2020-10-21 10:04:52,2020-10-21 10:05:04
71,0,0,2020-10-21 10:04:53,2020-10-21 10:12:26
83,22,401,2020-10-21 10:05:04,2020-10-21 10:05:23
63,14,0,2020-10-21 10:05:04,2020-10-21 10:08:07
19,0,0,2020-10-21 10:05:07,2020-10-21 10:15:35
43,0,0,2020-10-21 10:05:12,2020-10-21 10:16:40
99,0,0,2020-10-21 10:05:18,2020-10-21 10:14:50
83,22,218,2020-10-21 10:05:23,2020-10-21 12:27:30
8,80,0,2020-10-21 10:05:24,2020-10-21 10:08:16
81,0,0,2020-10-21 10:05:31,2020-10-21 10:15:48
17,69,404,2020-10-21 10:05:32,2020-10-21 10:05:47
58,0,0,2020-10-21 10:05:35,2020-10-21 10:14:45
16,7,0,2020-10-21 10:05:40,2020-10-21 10:06:19
17,69,207,2020-10-21 10:05:47,2020-10-21 13:23:42
53,0,0,2020-10-21 10:05:58,2020-10-21 10:17:52
143,105,0,2020-10-21 10:06:05,2020-10-21 10:10:12
35,23,0,2020-10-21 10:06:17,2020-10-21 10:06:54
16,7,326,2020-10-21 10:06:19,2020-10-21 10:06:37
9,8,0,2020-10-21 10:06:22,2020-10-21 10:07:07
152,137,306,2020-10-21 10:06:32,2020-10-21 10:07:05
33,51,324,2020-10-21 10:06:36,2020-10-21 10:07:39
16,7,320,2020-10-21 10:06:37,2020-10-21 10:07:48
72,14,0,2020-10-21 10:06:50,2020-10-21 10:14:46
117,0,0,2020-10-21 10:06:53,2020-10-21 10:17:08
35,23,326,2020-10-21 10:06:54,2020-10-21 10:07:19
152,137,139,2020-10-21 10:07:05,2020-10-21 12:26:11
9,8,326,2020-10-21 10:07:07,2020-10-21 10:07:27
90,0,0,2020-10-21 10:07:14,2020-10-21 10:18:35
35,23,102,2020-10-21 10:07:19,2020-10-21 10:08:41
9,8,320,2020-10-21 10:07:27,2020-10-21 10:08:39
126,0,0,2020-10-21 10:07:33,2020-10-21 10:17:11
33,51,175,2020-10-21 10:07:39,2020-10-21 12:22:33
76,0,0,2020-10-21 10:07:46,2020-10-21 10:18:33
16,7,315,2020-10-21 10:07:48,2020-10-21 10:09:33
132,0,0,2020-10-21 10:07:56,2020-10-21 10:17:12
63,14,301,2020-10-21 10:08:07,2020-10-21 10:08:29
8,80,301,2020-10-21 10:08:16,2020-10-21 10:08:22
8,80,401,2020-10-21 10:08:22,2020-10-21 10:08:37
63,14,302,2020-10-21 10:08:29,2020-10-21 10:08:43
68,10,0,2020-10-21 10:08:32,2020-10-21 10:11:21
8,80,402,2020-10-21 10:08:37,2020-10-21 10:09:00
9,8,315,2020-10-21 10:08:39,2020-10-21 10:09:15
35,23,321,2020-10-21 10:08:41,2020-10-21 10:10:52
63,14,121,2020-10-21 10:08:43,2020-10-21 13:03:15
73,0,0,2020-10-21 10:08:44,2020-10-21 10:19:37
107,0,219,2020-10-21 10:08:55,2020-10-21 10:09:03
105,0,0,2020-10-21 10:08:57,2020-10-21 10:20:11
8,80,403,2020-10-21 10:09:00,2020-10-21 10:09:32
107,0,402,2020-10-21 10:09:03,2020-10-21 10:09:17
102,0,0,2020-10-21 10:09:12,2020-10-21 10:20:55
9,8,316,2020-10-21 10:09:15,2020-10-21 10:09:45
107,0,401,2020-10-21 10:09:17,2020-10-21 10:09:28
34,0,0,2020-10-21 10:09:19,2020-10-21 10:17:06
107,0,301,2020-10-21 10:09:28,2020-10-21 10:12:07
8,80,404,2020-10-21 10:09:32,2020-10-21 10:09:57
16,7,303,2020-10-21 10:09:33,2020-10-21 10:10:03
9,8,317,2020-10-21 10:09:45,2020-10-21 10:10:03
8,80,405,2020-10-21 10:09:57,2020-10-21 10:10:09
9,8,119,2020-10-21 10:10:03,2020-10-21 13:13:47
16,7,304,2020-10-21 10:10:03,2020-10-21 10:10:23
10,0,0,2020-10-21 10:10:05,2020-10-21 10:19:46
108,0,0,2020-10-21 10:10:09,2020-10-21 10:20:23
8,80,226,2020-10-21 10:10:09,2020-10-21 10:59:25
143,105,301,2020-10-21 10:10:12,2020-10-21 10:10:24
139,0,0,2020-10-21 10:10:19,2020-10-21 10:21:41
141,96,0,2020-10-21 10:10:19,2020-10-21 10:17:18
16,7,135,2020-10-21 10:10:23,2020-10-21 10:39:54
143,105,401,2020-10-21 10:10:24,2020-10-21 10:10:41
56,0,0,2020-10-21 10:10:28,2020-10-21 10:22:40
157,0,0,2020-10-21 10:10:31,2020-10-21 10:19:11
143,105,402,2020-10-21 10:10:41,2020-10-21 10:10:57
28,0,0,2020-10-21 10:10:47,2020-10-21 10:20:27
35,23,322,2020-10-21 10:10:52,2020-10-21 10:11:23
143,105,403,2020-10-21 10:10:57,2020-10-21 10:11:59
64,0,204,2020-10-21 10:11:01,2020-10-21 10:11:16
64,0,403,2020-10-21 10:11:16,2020-10-21 10:11:52
122,0,209,2020-10-21 10:11:16,2020-10-21 10:11:31
68,10,301,2020-10-21 10:11:21,2020-10-21 10:11:30
35,23,323,2020-10-21 10:11:23,2020-10-21 10:12:11
68,10,401,2020-10-21 10:11:30,2020-10-21 10:11:45
122,0,405,2020-10-21 10:11:31,2020-10-21 10:12:07
68,10,402,2020-10-21 10:11:45,2020-10-21 10:12:05
64,0,402,2020-10-21 10:11:52,2020-10-21 10:12:06
125,125,324,2020-10-21 10:11:57,2020-10-21 10:12:49
143,105,412,2020-10-21 10:11:59,2020-10-21 10:12:29
147,0,0,2020-10-21 10:11:59,2020-10-21 10:20:44
68,10,403,2020-10-21 10:12:05,2020-10-21 10:13:27
155,0,0,2020-10-21 10:12:06,2020-10-21 10:22:35
64,0,401,2020-10-21 10:12:06,2020-10-21 10:12:16
107,0,0,2020-10-21 10:12:07,2020-10-21 10:18:04
122,0,404,2020-10-21 10:12:07,2020-10-21 10:12:38
80,0,0,2020-10-21 10:12:10,2020-10-21 10:21:36
35,23,169,2020-10-21 10:12:11,2020-10-21 12:15:15
62,0,0,2020-10-21 10:12:13,2020-10-21 10:24:08
64,0,301,2020-10-21 10:12:16,2020-10-21 10:14:23
153,0,0,2020-10-21 10:12:21,2020-10-21 10:21:54
71,0,0,2020-10-21 10:12:26,2020-10-21 10:23:29
143,105,411,2020-10-21 10:12:29,2020-10-21 10:12:51
122,0,403,2020-10-21 10:12:38,2020-10-21 10:13:08
125,125,174,2020-10-21 10:12:49,2020-10-21 12:18:11
143,105,234,2020-10-21 10:12:51,2020-10-21 12:28:44
122,0,402,2020-10-21 10:13:08,2020-10-21 10:13:23
48,0,0,2020-10-21 10:13:16,2020-10-21 10:22:54
122,0,401,2020-10-21 10:13:23,2020-10-21 10:13:31
68,10,412,2020-10-21 10:13:27,2020-10-21 10:15:06
122,0,301,2020-10-21 10:13:31,2020-10-21 10:16:53
67,0,0,2020-10-21 10:13:58,2020-10-21 10:25:13
129,0,0,2020-10-21 10:14:04,2020-10-21 10:23:59
64,0,0,2020-10-21 10:14:23,2020-10-21 10:22:58
65,0,0,2020-10-21 10:14:40,2020-10-21 10:24:22
58,0,0,2020-10-21 10:14:45,2020-10-21 10:25:24
72,14,312,2020-10-21 10:14:46,2020-10-21 10:15:44
99,0,0,2020-10-21 10:14:50,2020-10-21 10:25:18
68,10,415,2020-10-21 10:15:06,2020-10-21 10:15:31
55,0,142,2020-10-21 10:15:08,2020-10-21 10:15:37
68,10,414,2020-10-21 10:15:31,2020-10-21 10:15:43
19,0,0,2020-10-21 10:15:35,2020-10-21 10:24:30
55,0,320,2020-10-21 10:15:37,2020-10-21 10:15:57
68,10,246,2020-10-21 10:15:43,2020-10-21 14:20:05
72,14,308,2020-10-21 10:15:44,2020-10-21 10:16:09
81,0,0,2020-10-21 10:15:48,2020-10-21 10:24:39
106,0,0,2020-10-21 10:15:52,2020-10-21 10:25:55
55,0,326,2020-10-21 10:15:57,2020-10-21 10:16:52
72,14,309,2020-10-21 10:16:09,2020-10-21 10:16:15
72,14,310,2020-10-21 10:16:15,2020-10-21 10:17:22
43,0,0,2020-10-21 10:16:40,2020-10-21 10:28:18
100,0,0,2020-10-21 10:16:50,2020-10-21 10:28:15
55,0,0,2020-10-21 10:16:52,2020-10-21 10:24:35
122,0,0,2020-10-21 10:16:53,2020-10-21 10:22:20
34,0,0,2020-10-21 10:17:06,2020-10-21 10:26:57
117,0,0,2020-10-21 10:17:08,2020-10-21 10:27:02
126,122,0,2020-10-21 10:17:11,2020-10-21 10:19:04
132,0,0,2020-10-21 10:17:12,2020-10-21 10:26:33
141,96,313,2020-10-21 10:17:18,2020-10-21 10:17:18
141,96,162,2020-10-21 10:17:18,2020-10-21 11:30:36
72,14,311,2020-10-21 10:17:22,2020-10-21 10:17:45
72,14,153,2020-10-21 10:17:45,2020-10-21 12:32:28
53,0,0,2020-10-21 10:17:52,2020-10-21 10:28:51
107,0,0,2020-10-21 10:18:04,2020-10-21 10:28:12
30,0,313,2020-10-21 10:18:16,2020-10-21 10:28:00
30,0,162,2020-10-21 10:18:16,2020-10-21 10:18:16
76,0,0,2020-10-21 10:18:33,2020-10-21 10:28:30
90,0,0,2020-10-21 10:18:35,2020-10-21 10:27:28
126,122,301,2020-10-21 10:19:04,2020-10-21 10:19:12
157,134,0,2020-10-21 10:19:11,2020-10-21 10:22:00
126,122,401,2020-10-21 10:19:12,2020-10-21 10:19:25
150,0,0,2020-10-21 10:19:15,2020-10-21 10:29:00
126,122,402,2020-10-21 10:19:25,2020-10-21 10:19:48
73,0,0,2020-10-21 10:19:37,2020-10-21 10:30:08
10,33,0,2020-10-21 10:19:46,2020-10-21 10:23:09
126,122,403,2020-10-21 10:19:48,2020-10-21 10:20:51
105,0,0,2020-10-21 10:20:11,2020-10-21 10:31:30
108,0,0,2020-10-21 10:20:23,2020-10-21 10:30:36
28,0,0,2020-10-21 10:20:27,2020-10-21 10:30:14
25,0,0,2020-10-21 10:20:33,2020-10-21 10:29:44
147,0,0,2020-10-21 10:20:44,2020-10-21 10:30:52
126,122,412,2020-10-21 10:20:51,2020-10-21 10:22:04
102,0,0,2020-10-21 10:20:55,2020-10-21 10:30:17
80,79,0,2020-10-21 10:21:36,2020-10-21 10:24:13
139,128,0,2020-10-21 10:21:41,2020-10-21 10:22:33
153,140,0,2020-10-21 10:21:54,2020-10-21 10:29:23
157,134,301,2020-10-21 10:22:00,2020-10-21 10:22:09
126,122,415,2020-10-21 10:22:04,2020-10-21 10:22:37
157,134,401,2020-10-21 10:22:09,2020-10-21 10:22:24
20,44,210,2020-10-21 10:22:10,2020-10-21 10:22:32
122,0,0,2020-10-21 10:22:20,2020-10-21 10:33:28
157,134,402,2020-10-21 10:22:24,2020-10-21 10:22:44
20,44,405,2020-10-21 10:22:32,2020-10-21 10:22:59
139,128,326,2020-10-21 10:22:33,2020-10-21 10:22:57
155,0,0,2020-10-21 10:22:35,2020-10-21 10:33:43
126,122,414,2020-10-21 10:22:37,2020-10-21 10:23:02
56,0,0,2020-10-21 10:22:40,2020-10-21 10:33:04
157,134,403,2020-10-21 10:22:44,2020-10-21 10:24:06
48,0,0,2020-10-21 10:22:54,2020-10-21 10:34:11
139,128,320,2020-10-21 10:22:57,2020-10-21 10:24:05
64,40,0,2020-10-21 10:22:58,2020-10-21 10:30:58
20,44,224,2020-10-21 10:22:59,2020-10-21 12:38:58
126,122,247,2020-10-21 10:23:02,2020-10-21 11:54:59
10,33,301,2020-10-21 10:23:09,2020-10-21 10:23:35
60,12,0,2020-10-21 10:23:18,2020-10-21 10:24:10
71,12,0,2020-10-21 10:23:29,2020-10-21 10:28:47
10,33,302,2020-10-21 10:23:35,2020-10-21 10:23:54
10,33,133,2020-10-21 10:23:54,2020-10-21 14:02:47
129,0,0,2020-10-21 10:23:59,2020-10-21 10:33:28
151,0,0,2020-10-21 10:24:00,2020-10-21 10:36:09
59,0,209,2020-10-21 10:24:01,2020-10-21 10:24:16
139,128,315,2020-10-21 10:24:05,2020-10-21 10:25:27
157,134,412,2020-10-21 10:24:06,2020-10-21 10:25:45
62,0,0,2020-10-21 10:24:08,2020-10-21 10:33:27
60,12,326,2020-10-21 10:24:10,2020-10-21 10:24:34
80,79,301,2020-10-21 10:24:13,2020-10-21 10:24:25
59,0,405,2020-10-21 10:24:16,2020-10-21 10:24:52
109,0,0,2020-10-21 10:24:19,2020-10-21 10:34:46
65,0,0,2020-10-21 10:24:22,2020-10-21 10:35:02
80,79,401,2020-10-21 10:24:25,2020-10-21 10:24:38
19,0,0,2020-10-21 10:24:30,2020-10-21 10:34:13
60,12,320,2020-10-21 10:24:34,2020-10-21 10:25:42
55,0,0,2020-10-21 10:24:35,2020-10-21 10:35:12
80,79,402,2020-10-21 10:24:38,2020-10-21 10:25:06
81,0,0,2020-10-21 10:24:39,2020-10-21 10:33:00
59,0,404,2020-10-21 10:24:52,2020-10-21 10:25:23
80,79,403,2020-10-21 10:25:06,2020-10-21 10:26:06
67,0,0,2020-10-21 10:25:13,2020-10-21 10:34:12
99,0,0,2020-10-21 10:25:18,2020-10-21 10:35:54
59,0,403,2020-10-21 10:25:23,2020-10-21 10:25:53
113,0,0,2020-10-21 10:25:24,2020-10-21 10:34:56
58,0,0,2020-10-21 10:25:24,2020-10-21 10:36:35
139,128,303,2020-10-21 10:25:27,2020-10-21 10:25:48
60,12,315,2020-10-21 10:25:42,2020-10-21 10:27:04
157,134,415,2020-10-21 10:25:45,2020-10-21 10:26:10
139,128,123,2020-10-21 10:25:48,2020-10-21 10:38:50
59,0,402,2020-10-21 10:25:53,2020-10-21 10:26:08
106,0,0,2020-10-21 10:25:55,2020-10-21 10:36:55
80,79,412,2020-10-21 10:26:06,2020-10-21 10:26:20
59,0,401,2020-10-21 10:26:08,2020-10-21 10:26:16
157,134,414,2020-10-21 10:26:10,2020-10-21 10:26:22
59,0,301,2020-10-21 10:26:16,2020-10-21 10:29:38
80,79,236,2020-10-21 10:26:20,2020-10-21 12:48:32
157,134,246,2020-10-21 10:26:22,2020-10-21 10:57:10
132,0,0,2020-10-21 10:26:33,2020-10-21 10:36:30
34,0,0,2020-10-21 10:26:57,2020-10-21 10:37:58
117,0,0,2020-10-21 10:27:02,2020-10-21 10:37:19
60,12,303,2020-10-21 10:27:04,2020-10-21 10:27:25
60,12,123,2020-10-21 10:27:25,2020-10-21 11:22:29
90,0,0,2020-10-21 10:27:28,2020-10-21 10:38:10
30,0,0,2020-10-21 10:28:00,2020-10-21 10:28:31
89,0,238,2020-10-21 10:28:04,2020-10-21 10:28:21
107,0,0,2020-10-21 10:28:12,2020-10-21 10:37:07
100,109,0,2020-10-21 10:28:15,2020-10-21 10:28:59
43,0,0,2020-10-21 10:28:18,2020-10-21 10:38:09
89,0,414,2020-10-21 10:28:21,2020-10-21 10:28:47
45,0,255,2020-10-21 10:28:25,2020-10-21 10:29:02
76,82,0,2020-10-21 10:28:30,2020-10-21 10:33:48
30,0,0,2020-10-21 10:28:31,2020-10-21 10:38:00
71,12,312,2020-10-21 10:28:47,2020-10-21 10:29:36
89,0,415,2020-10-21 10:28:47,2020-10-21 10:29:45
53,0,0,2020-10-21 10:28:51,2020-10-21 10:38:26
100,109,326,2020-10-21 10:28:59,2020-10-21 10:29:46
150,0,0,2020-10-21 10:29:00,2020-10-21 10:39:53
45,0,418,2020-10-21 10:29:02,2020-10-21 10:29:11
45,0,419,2020-10-21 10:29:11,2020-10-21 10:29:42
153,140,324,2020-10-21 10:29:23,2020-10-21 10:30:29
51,0,175,2020-10-21 10:29:31,2020-10-21 10:30:45
71,12,308,2020-10-21 10:29:36,2020-10-21 10:30:06
59,0,0,2020-10-21 10:29:38,2020-10-21 10:33:54
45,0,421,2020-10-21 10:29:42,2020-10-21 10:31:21
25,0,0,2020-10-21 10:29:44,2020-10-21 10:38:55
89,0,412,2020-10-21 10:29:45,2020-10-21 10:31:03
100,109,102,2020-10-21 10:29:46,2020-10-21 10:31:18
71,12,309,2020-10-21 10:30:06,2020-10-21 10:30:53
73,0,0,2020-10-21 10:30:08,2020-10-21 10:39:56
28,0,0,2020-10-21 10:30:14,2020-10-21 10:41:15
124,0,0,2020-10-21 10:30:16,2020-10-21 10:38:20
102,0,0,2020-10-21 10:30:17,2020-10-21 10:39:10
153,140,176,2020-10-21 10:30:29,2020-10-21 11:12:30
108,0,0,2020-10-21 10:30:36,2020-10-21 10:38:40
21,0,234,2020-10-21 10:30:41,2020-10-21 10:30:59
51,0,324,2020-10-21 10:30:45,2020-10-21 10:36:19
147,0,0,2020-10-21 10:30:52,2020-10-21 10:39:13
71,12,159,2020-10-21 10:30:53,2020-10-21 10:49:51
64,40,312,2020-10-21 10:30:58,2020-10-21 10:31:41
21,0,411,2020-10-21 10:30:59,2020-10-21 10:31:26
89,0,403,2020-10-21 10:31:03,2020-10-21 10:31:37
100,109,321,2020-10-21 10:31:18,2020-10-21 10:33:58
45,0,325,2020-10-21 10:31:21,2020-10-21 10:36:25
21,0,412,2020-10-21 10:31:26,2020-10-21 10:32:45
134,0,249,2020-10-21 10:31:27,2020-10-21 10:31:56
105,0,0,2020-10-21 10:31:30,2020-10-21 10:40:42
89,0,402,2020-10-21 10:31:37,2020-10-21 10:31:49
64,40,308,2020-10-21 10:31:41,2020-10-21 10:32:22
89,0,401,2020-10-21 10:31:49,2020-10-21 10:31:59
134,0,415,2020-10-21 10:31:56,2020-10-21 10:33:44
89,0,301,2020-10-21 10:31:59,2020-10-21 10:36:02
64,40,309,2020-10-21 10:32:22,2020-10-21 10:32:55
21,0,403,2020-10-21 10:32:45,2020-10-21 10:33:12
64,40,151,2020-10-21 10:32:55,2020-10-21 13:37:28
81,0,0,2020-10-21 10:33:00,2020-10-21 10:43:44
56,0,0,2020-10-21 10:33:04,2020-10-21 10:45:08
21,0,402,2020-10-21 10:33:12,2020-10-21 10:33:27
62,0,0,2020-10-21 10:33:27,2020-10-21 10:43:21
21,0,401,2020-10-21 10:33:27,2020-10-21 10:33:37
122,0,0,2020-10-21 10:33:28,2020-10-21 10:44:05
129,0,0,2020-10-21 10:33:28,2020-10-21 10:43:22
21,0,301,2020-10-21 10:33:37,2020-10-21 10:36:59
155,0,0,2020-10-21 10:33:43,2020-10-21 10:44:09
134,0,412,2020-10-21 10:33:44,2020-10-21 10:34:49
76,82,312,2020-10-21 10:33:48,2020-10-21 10:34:37
59,0,0,2020-10-21 10:33:54,2020-10-21 10:41:40
100,109,322,2020-10-21 10:33:58,2020-10-21 10:34:26
48,0,0,2020-10-21 10:34:11,2020-10-21 10:43:12
67,0,0,2020-10-21 10:34:12,2020-10-21 10:45:03
19,0,0,2020-10-21 10:34:13,2020-10-21 10:43:53
100,109,323,2020-10-21 10:34:26,2020-10-21 10:35:31
76,82,308,2020-10-21 10:34:37,2020-10-21 10:35:07
109,0,0,2020-10-21 10:34:46,2020-10-21 10:45:26
134,0,403,2020-10-21 10:34:49,2020-10-21 10:35:17
113,0,0,2020-10-21 10:34:56,2020-10-21 10:45:39
65,0,0,2020-10-21 10:35:02,2020-10-21 10:46:08
76,82,309,2020-10-21 10:35:07,2020-10-21 10:35:54
55,0,0,2020-10-21 10:35:12,2020-10-21 10:45:47
134,0,402,2020-10-21 10:35:17,2020-10-21 10:35:27
146,0,0,2020-10-21 10:35:19,2020-10-21 10:46:11
134,0,401,2020-10-21 10:35:27,2020-10-21 10:35:37
100,109,170,2020-10-21 10:35:31,2020-10-21 12:35:28
134,0,301,2020-10-21 10:35:37,2020-10-21 10:38:14
99,0,0,2020-10-21 10:35:54,2020-10-21 10:45:42
76,82,159,2020-10-21 10:35:54,2020-10-21 11:22:06
89,0,0,2020-10-21 10:36:02,2020-10-21 10:37:29
151,134,0,2020-10-21 10:36:09,2020-10-21 10:36:34
51,0,0,2020-10-21 10:36:19,2020-10-21 10:41:57
45,0,0,2020-10-21 10:36:25,2020-10-21 10:38:46
132,98,0,2020-10-21 10:36:30,2020-10-21 10:37:17
151,134,326,2020-10-21 10:36:34,2020-10-21 10:37:00
58,0,0,2020-10-21 10:36:35,2020-10-21 10:45:31
106,0,0,2020-10-21 10:36:55,2020-10-21 10:48:10
21,0,0,2020-10-21 10:36:59,2020-10-21 10:41:28
151,134,320,2020-10-21 10:37:00,2020-10-21 10:38:34
107,0,0,2020-10-21 10:37:07,2020-10-21 10:47:30
132,98,326,2020-10-21 10:37:17,2020-10-21 10:37:41
117,0,0,2020-10-21 10:37:19,2020-10-21 10:48:27
89,0,0,2020-10-21 10:37:29,2020-10-21 10:46:17
132,98,320,2020-10-21 10:37:41,2020-10-21 10:38:43
79,142,166,2020-10-21 10:37:41,2020-10-21 10:38:16
32,0,0,2020-10-21 10:37:52,2020-10-21 10:47:46
34,0,0,2020-10-21 10:37:58,2020-10-21 10:47:47
30,55,0,2020-10-21 10:38:00,2020-10-21 10:38:56
43,0,0,2020-10-21 10:38:09,2020-10-21 10:47:51
90,0,0,2020-10-21 10:38:10,2020-10-21 10:49:07
134,0,0,2020-10-21 10:38:14,2020-10-21 10:41:06
79,142,319,2020-10-21 10:38:16,2020-10-21 10:39:03
124,0,0,2020-10-21 10:38:20,2020-10-21 10:47:26
53,0,0,2020-10-21 10:38:26,2020-10-21 10:48:14
151,134,315,2020-10-21 10:38:34,2020-10-21 10:39:05
108,0,0,2020-10-21 10:38:40,2020-10-21 10:49:25
132,98,315,2020-10-21 10:38:43,2020-10-21 10:39:08
45,0,0,2020-10-21 10:38:46,2020-10-21 10:46:45
139,0,123,2020-10-21 10:38:50,2020-10-21 10:39:09
25,0,0,2020-10-21 10:38:55,2020-10-21 10:48:37
30,55,326,2020-10-21 10:38:56,2020-10-21 10:39:14
79,142,322,2020-10-21 10:39:03,2020-10-21 10:39:25
151,134,112,2020-10-21 10:39:05,2020-10-21 12:50:43
132,98,314,2020-10-21 10:39:08,2020-10-21 10:39:26
139,0,303,2020-10-21 10:39:09,2020-10-21 10:40:28
102,0,0,2020-10-21 10:39:10,2020-10-21 10:47:21
147,0,0,2020-10-21 10:39:13,2020-10-21 10:51:15
30,55,320,2020-10-21 10:39:14,2020-10-21 10:40:51
79,142,323,2020-10-21 10:39:25,2020-10-21 10:40:50
132,98,111,2020-10-21 10:39:26,2020-10-21 12:38:57
150,0,0,2020-10-21 10:39:53,2020-10-21 10:50:23
16,0,135,2020-10-21 10:39:54,2020-10-21 10:40:14
73,0,0,2020-10-21 10:39:56,2020-10-21 10:50:21
16,0,304,2020-10-21 10:40:14,2020-10-21 10:40:38
139,0,315,2020-10-21 10:40:28,2020-10-21 10:42:00
16,0,303,2020-10-21 10:40:38,2020-10-21 10:40:57
123,0,106,2020-10-21 10:40:39,2020-10-21 10:40:59
105,0,0,2020-10-21 10:40:42,2020-10-21 10:50:37
79,142,324,2020-10-21 10:40:50,2020-10-21 10:42:14
30,55,315,2020-10-21 10:40:51,2020-10-21 10:41:24
16,0,302,2020-10-21 10:40:57,2020-10-21 10:41:19
123,0,316,2020-10-21 10:40:59,2020-10-21 10:41:35
131,122,127,2020-10-21 10:41:02,2020-10-21 10:41:22
134,0,0,2020-10-21 10:41:06,2020-10-21 10:51:54
28,0,0,2020-10-21 10:41:15,2020-10-21 10:51:31
16,0,301,2020-10-21 10:41:19,2020-10-21 10:44:24
24,22,106,2020-10-21 10:41:21,2020-10-21 12:52:39
131,122,305,2020-10-21 10:41:22,2020-10-21 10:42:05
30,55,316,2020-10-21 10:41:24,2020-10-21 10:42:01
21,0,0,2020-10-21 10:41:28,2020-10-21 10:51:42
123,0,315,2020-10-21 10:41:35,2020-10-21 10:43:14
59,0,0,2020-10-21 10:41:40,2020-10-21 10:51:54
51,25,0,2020-10-21 10:41:57,2020-10-21 10:42:44
139,0,320,2020-10-21 10:42:00,2020-10-21 10:42:21
30,55,317,2020-10-21 10:42:01,2020-10-21 10:43:57
131,122,136,2020-10-21 10:42:05,2020-10-21 13:47:28
11,0,126,2020-10-21 10:42:07,2020-10-21 10:42:24
79,142,176,2020-10-21 10:42:14,2020-10-21 13:03:53
139,0,326,2020-10-21 10:42:21,2020-10-21 10:43:07
11,0,305,2020-10-21 10:42:24,2020-10-21 10:42:52
51,25,326,2020-10-21 10:42:44,2020-10-21 10:43:08
5,0,252,2020-10-21 10:42:51,2020-10-21 10:43:33
11,0,304,2020-10-21 10:42:52,2020-10-21 10:43:23
139,0,0,2020-10-21 10:43:07,2020-10-21 10:49:41
51,25,320,2020-10-21 10:43:08,2020-10-21 10:44:10
48,0,0,2020-10-21 10:43:12,2020-10-21 10:53:50
123,0,320,2020-10-21 10:43:14,2020-10-21 10:43:31
62,0,0,2020-10-21 10:43:21,2020-10-21 10:51:49
129,0,0,2020-10-21 10:43:22,2020-10-21 10:53:39
127,115,0,2020-10-21 10:43:23,2020-10-21 10:49:11
11,0,303,2020-10-21 10:43:23,2020-10-21 10:43:40
123,0,326,2020-10-21 10:43:31,2020-10-21 10:44:21
5,0,421,2020-10-21 10:43:33,2020-10-21 10:44:57
11,0,302,2020-10-21 10:43:40,2020-10-21 10:44:09
81,0,0,2020-10-21 10:43:44,2020-10-21 10:52:27
19,0,0,2020-10-21 10:43:53,2020-10-21 10:53:26
30,55,319,2020-10-21 10:43:57,2020-10-21 10:44:34
122,0,0,2020-10-21 10:44:05,2020-10-21 10:54:35
155,144,0,2020-10-21 10:44:09,2020-10-21 12:24:06
11,0,301,2020-10-21 10:44:09,2020-10-21 10:46:54
51,25,315,2020-10-21 10:44:10,2020-10-21 10:44:35
123,0,0,2020-10-21 10:44:21,2020-10-21 10:51:21
16,0,0,2020-10-21 10:44:24,2020-10-21 10:50:50
30,55,318,2020-10-21 10:44:34,2020-10-21 10:44:49
51,25,314,2020-10-21 10:44:35,2020-10-21 10:44:53
30,55,156,2020-10-21 10:44:49,2020-10-21 12:11:38
51,25,111,2020-10-21 10:44:53,2020-10-21 12:27:41
5,0,325,2020-10-21 10:44:57,2020-10-21 10:50:37
67,0,0,2020-10-21 10:45:03,2020-10-21 10:54:08
56,56,0,2020-10-21 10:45:08,2020-10-21 10:45:56
78,0,136,2020-10-21 10:45:09,2020-10-21 10:45:27
109,0,0,2020-10-21 10:45:26,2020-10-21 10:56:43
78,0,304,2020-10-21 10:45:27,2020-10-21 10:46:00
58,0,0,2020-10-21 10:45:31,2020-10-21 10:55:51
113,0,0,2020-10-21 10:45:39,2020-10-21 10:55:50
99,0,0,2020-10-21 10:45:42,2020-10-21 10:55:51
55,0,0,2020-10-21 10:45:47,2020-10-21 10:56:03
56,56,326,2020-10-21 10:45:56,2020-10-21 10:46:18
78,0,303,2020-10-21 10:46:00,2020-10-21 10:46:20
156,0,0,2020-10-21 10:46:06,2020-10-21 10:58:30
65,0,0,2020-10-21 10:46:08,2020-10-21 10:57:07
146,0,0,2020-10-21 10:46:11,2020-10-21 10:54:30
89,0,0,2020-10-21 10:46:17,2020-10-21 10:55:52
56,56,320,2020-10-21 10:46:18,2020-10-21 10:47:21
78,0,302,2020-10-21 10:46:20,2020-10-21 10:46:50
45,0,0,2020-10-21 10:46:45,2020-10-21 10:55:50
78,0,301,2020-10-21 10:46:50,2020-10-21 10:49:34
11,0,0,2020-10-21 10:46:54,2020-10-21 10:52:40
148,0,0,2020-10-21 10:46:55,2020-10-21 10:56:45
102,127,0,2020-10-21 10:47:21,2020-10-21 10:50:37
56,56,315,2020-10-21 10:47:21,2020-10-21 10:47:52
124,0,0,2020-10-21 10:47:26,2020-10-21 10:57:07
107,0,0,2020-10-21 10:47:30,2020-10-21 10:56:56
32,27,0,2020-10-21 10:47:46,2020-10-21 10:51:14
34,0,0,2020-10-21 10:47:47,2020-10-21 10:58:11
43,0,0,2020-10-21 10:47:51,2020-10-21 10:58:44
56,56,316,2020-10-21 10:47:52,2020-10-21 10:48:23
106,104,0,2020-10-21 10:48:10,2020-10-21 10:48:48
53,1,0,2020-10-21 10:48:14,2020-10-21 10:49:03
56,56,108,2020-10-21 10:48:23,2020-10-21 11:57:09
117,0,0,2020-10-21 10:48:27,2020-10-21 10:58:41
25,0,0,2020-10-21 10:48:37,2020-10-21 10:58:37
106,104,326,2020-10-21 10:48:48,2020-10-21 10:49:10
53,1,326,2020-10-21 10:49:03,2020-10-21 10:49:23
138,128,121,2020-10-21 10:49:06,2020-10-21 10:49:19
90,0,0,2020-10-21 10:49:07,2020-10-21 10:59:15
106,104,320,2020-10-21 10:49:10,2020-10-21 10:49:35
127,115,306,2020-10-21 10:49:11,2020-10-21 10:49:19
142,0,142,2020-10-21 10:49:18,2020-10-21 10:49:47
138,128,302,2020-10-21 10:49:19,2020-10-21 10:49:39
127,115,140,2020-10-21 10:49:19,2020-10-21 13:05:58
53,1,320,2020-10-21 10:49:23,2020-10-21 10:50:36
149,0,0,2020-10-21 10:49:25,2020-10-21 11:00:16
108,0,0,2020-10-21 10:49:25,2020-10-21 10:59:01
78,0,0,2020-10-21 10:49:34,2020-10-21 10:55:58
106,104,142,2020-10-21 10:49:35,2020-10-21 12:40:53
138,128,133,2020-10-21 10:49:39,2020-10-21 14:16:19
139,0,0,2020-10-21 10:49:41,2020-10-21 11:00:18
142,0,320,2020-10-21 10:49:47,2020-10-21 10:50:07
71,0,159,2020-10-21 10:49:51,2020-10-21 10:50:34
142,0,326,2020-10-21 10:50:07,2020-10-21 10:51:02
73,0,0,2020-10-21 10:50:21,2020-10-21 11:00:45
150,138,0,2020-10-21 10:50:23,2020-10-21 10:53:12
71,0,309,2020-10-21 10:50:34,2020-10-21 10:50:49
53,1,315,2020-10-21 10:50:36,2020-10-21 10:51:08
5,0,0,2020-10-21 10:50:37,2020-10-21 10:53:34
102,127,312,2020-10-21 10:50:37,2020-10-21 10:51:34
105,0,0,2020-10-21 10:50:37,2020-10-21 11:01:27
71,0,308,2020-10-21 10:50:49,2020-10-21 10:51:18
16,0,0,2020-10-21 10:50:50,2020-10-21 11:00:34
142,0,0,2020-10-21 10:51:02,2020-10-21 11:01:53
53,1,104,2020-10-21 10:51:08,2020-10-21 14:10:30
32,27,301,2020-10-21 10:51:14,2020-10-21 10:51:24
147,135,0,2020-10-21 10:51:15,2020-10-21 10:58:05
71,0,307,2020-10-21 10:51:18,2020-10-21 10:58:47
123,0,0,2020-10-21 10:51:21,2020-10-21 11:01:11
32,27,401,2020-10-21 10:51:24,2020-10-21 10:51:44
28,0,0,2020-10-21 10:51:31,2020-10-21 11:01:50
102,127,308,2020-10-21 10:51:34,2020-10-21 10:52:01
21,0,0,2020-10-21 10:51:42,2020-10-21 11:02:53
32,27,402,2020-10-21 10:51:44,2020-10-21 10:52:11
62,0,0,2020-10-21 10:51:49,2020-10-21 11:02:28
59,72,0,2020-10-21 10:51:54,2020-10-21 10:52:41
134,0,0,2020-10-21 10:51:54,2020-10-21 11:01:55
102,127,309,2020-10-21 10:52:01,2020-10-21 10:52:11
102,127,310,2020-10-21 10:52:11,2020-10-21 10:53:06
32,27,403,2020-10-21 10:52:11,2020-10-21 10:52:45
81,60,0,2020-10-21 10:52:27,2020-10-21 10:55:21
11,0,0,2020-10-21 10:52:40,2020-10-21 11:02:09
59,72,326,2020-10-21 10:52:41,2020-10-21 10:53:05
32,27,404,2020-10-21 10:52:45,2020-10-21 10:53:08
59,72,320,2020-10-21 10:53:05,2020-10-21 10:54:07
102,127,161,2020-10-21 10:53:06,2020-10-21 11:52:28
32,27,405,2020-10-21 10:53:08,2020-10-21 10:53:24
150,138,301,2020-10-21 10:53:12,2020-10-21 10:53:22
150,138,401,2020-10-21 10:53:22,2020-10-21 10:53:33
32,27,209,2020-10-21 10:53:24,2020-10-21 12:35:19
19,0,0,2020-10-21 10:53:26,2020-10-21 11:04:50
66,0,0,2020-10-21 10:53:30,2020-10-21 11:01:35
150,138,402,2020-10-21 10:53:33,2020-10-21 10:53:58
5,0,0,2020-10-21 10:53:34,2020-10-21 11:04:07
129,105,0,2020-10-21 10:53:39,2020-10-21 10:56:33
48,27,0,2020-10-21 10:53:50,2020-10-21 10:54:28
150,138,403,2020-10-21 10:53:58,2020-10-21 10:54:43
59,72,315,2020-10-21 10:54:07,2020-10-21 10:54:32
67,0,0,2020-10-21 10:54:08,2020-10-21 11:04:43
48,27,326,2020-10-21 10:54:28,2020-10-21 10:54:50
146,0,0,2020-10-21 10:54:30,2020-10-21 11:03:53
59,72,314,2020-10-21 10:54:32,2020-10-21 10:54:50
122,0,0,2020-10-21 10:54:35,2020-10-21 11:03:09
4,2,252,2020-10-21 10:54:38,2020-10-21 13:47:56
150,138,404,2020-10-21 10:54:43,2020-10-21 10:55:17
48,27,320,2020-10-21 10:54:50,2020-10-21 10:56:17
59,72,111,2020-10-21 10:54:50,2020-10-21 12:36:06
103,0,0,2020-10-21 10:55:04,2020-10-21 11:06:12
150,138,224,2020-10-21 10:55:17,2020-10-21 12:58:05
81,60,301,2020-10-21 10:55:21,2020-10-21 10:55:32
81,60,401,2020-10-21 10:55:32,2020-10-21 10:55:51
45,0,0,2020-10-21 10:55:50,2020-10-21 11:05:10
113,107,0,2020-10-21 10:55:50,2020-10-21 10:56:25
81,60,402,2020-10-21 10:55:51,2020-10-21 10:56:21
99,115,0,2020-10-21 10:55:51,2020-10-21 10:56:27
58,0,0,2020-10-21 10:55:51,2020-10-21 11:05:22
89,0,0,2020-10-21 10:55:52,2020-10-21 11:04:50
78,27,0,2020-10-21 10:55:58,2020-10-21 10:56:57
55,0,0,2020-10-21 10:56:03,2020-10-21 11:05:15
48,27,315,2020-10-21 10:56:17,2020-10-21 10:56:53
81,60,403,2020-10-21 10:56:21,2020-10-21 10:57:05
113,107,326,2020-10-21 10:56:25,2020-10-21 10:56:45
99,115,326,2020-10-21 10:56:27,2020-10-21 10:56:47
129,105,301,2020-10-21 10:56:33,2020-10-21 10:56:44
109,0,0,2020-10-21 10:56:43,2020-10-21 11:07:13
129,105,401,2020-10-21 10:56:44,2020-10-21 10:57:03
148,0,0,2020-10-21 10:56:45,2020-10-21 11:07:45
113,107,320,2020-10-21 10:56:45,2020-10-21 10:57:44
99,115,320,2020-10-21 10:56:47,2020-10-21 10:58:31
48,27,316,2020-10-21 10:56:53,2020-10-21 10:57:19
107,0,0,2020-10-21 10:56:56,2020-10-21 11:06:16
78,27,326,2020-10-21 10:56:57,2020-10-21 10:57:19
129,105,402,2020-10-21 10:57:03,2020-10-21 10:57:33
81,60,404,2020-10-21 10:57:05,2020-10-21 10:57:36
65,0,0,2020-10-21 10:57:07,2020-10-21 11:06:43
124,0,0,2020-10-21 10:57:07,2020-10-21 11:07:03
157,0,246,2020-10-21 10:57:10,2020-10-21 10:57:20
48,27,317,2020-10-21 10:57:19,2020-10-21 10:59:15
78,27,320,2020-10-21 10:57:19,2020-10-21 10:58:34
157,0,414,2020-10-21 10:57:20,2020-10-21 10:57:39
129,105,403,2020-10-21 10:57:33,2020-10-21 10:58:17
81,60,208,2020-10-21 10:57:36,2020-10-21 12:14:55
157,0,415,2020-10-21 10:57:39,2020-10-21 10:58:54
113,107,315,2020-10-21 10:57:44,2020-10-21 10:58:11
147,135,312,2020-10-21 10:58:05,2020-10-21 10:58:51
113,107,316,2020-10-21 10:58:11,2020-10-21 10:58:53
34,0,0,2020-10-21 10:58:11,2020-10-21 11:08:06
129,105,404,2020-10-21 10:58:17,2020-10-21 10:58:48
156,0,0,2020-10-21 10:58:30,2020-10-21 11:08:33
99,115,145,2020-10-21 10:58:31,2020-10-21 14:09:26
78,27,315,2020-10-21 10:58:34,2020-10-21 10:59:52
71,0,0,2020-10-21 10:58:34,2020-10-21 11:08:28
25,83,0,2020-10-21 10:58:37,2020-10-21 11:02:11
117,0,0,2020-10-21 10:58:41,2020-10-21 11:08:16
43,0,0,2020-10-21 10:58:44,2020-10-21 11:08:53
71,0,0,2020-10-21 10:58:47,2020-10-21 10:58:34
129,105,208,2020-10-21 10:58:48,2020-10-21 13:31:43
147,135,308,2020-10-21 10:58:51,2020-10-21 10:59:39
113,107,317,2020-10-21 10:58:53,2020-10-21 10:59:06
157,0,412,2020-10-21 10:58:54,2020-10-21 11:00:14
108,116,0,2020-10-21 10:59:01,2020-10-21 11:06:29
113,107,109,2020-10-21 10:59:06,2020-10-21 12:10:37
48,27,167,2020-10-21 10:59:15,2020-10-21 13:33:30
90,0,0,2020-10-21 10:59:15,2020-10-21 11:09:51
8,0,226,2020-10-21 10:59:25,2020-10-21 10:59:57
147,135,157,2020-10-21 10:59:39,2020-10-21 13:25:45
78,27,303,2020-10-21 10:59:52,2020-10-21 11:00:16
8,0,405,2020-10-21 10:59:57,2020-10-21 11:00:29
157,0,403,2020-10-21 11:00:14,2020-10-21 11:00:40
149,0,0,2020-10-21 11:00:16,2020-10-21 11:10:43
78,27,304,2020-10-21 11:00:16,2020-10-21 11:00:29
139,0,0,2020-10-21 11:00:18,2020-10-21 11:10:04
8,0,404,2020-10-21 11:00:29,2020-10-21 11:01:12
154,0,244,2020-10-21 11:00:29,2020-10-21 11:00:42
78,27,125,2020-10-21 11:00:29,2020-10-21 12:07:40
16,12,0,2020-10-21 11:00:34,2020-10-21 11:07:47
157,0,402,2020-10-21 11:00:40,2020-10-21 11:00:52
154,0,417,2020-10-21 11:00:42,2020-10-21 11:02:10
73,45,0,2020-10-21 11:00:45,2020-10-21 11:01:34
157,0,401,2020-10-21 11:00:52,2020-10-21 11:01:00
157,0,301,2020-10-21 11:01:00,2020-10-21 11:03:08
123,0,0,2020-10-21 11:01:11,2020-10-21 11:09:45
8,0,403,2020-10-21 11:01:12,2020-10-21 11:01:52
105,119,0,2020-10-21 11:01:27,2020-10-21 11:02:24
31,0,168,2020-10-21 11:01:33,2020-10-21 11:01:51
73,45,326,2020-10-21 11:01:34,2020-10-21 11:01:54
66,0,0,2020-10-21 11:01:35,2020-10-21 11:11:28
28,0,0,2020-10-21 11:01:50,2020-10-21 11:13:16
31,0,322,2020-10-21 11:01:51,2020-10-21 11:02:35
8,0,402,2020-10-21 11:01:52,2020-10-21 11:02:07
142,0,0,2020-10-21 11:01:53,2020-10-21 11:12:28
73,45,320,2020-10-21 11:01:54,2020-10-21 11:03:07
134,0,0,2020-10-21 11:01:55,2020-10-21 11:11:40
8,0,401,2020-10-21 11:02:07,2020-10-21 11:02:17
11,72,0,2020-10-21 11:02:09,2020-10-21 11:02:56
154,0,421,2020-10-21 11:02:10,2020-10-21 11:03:40
25,83,301,2020-10-21 11:02:11,2020-10-21 11:02:20
8,0,301,2020-10-21 11:02:17,2020-10-21 11:05:07
25,83,401,2020-10-21 11:02:20,2020-10-21 11:02:33
105,119,326,2020-10-21 11:02:24,2020-10-21 11:02:44
62,0,0,2020-10-21 11:02:28,2020-10-21 11:13:35
25,83,402,2020-10-21 11:02:33,2020-10-21 11:03:04
31,0,325,2020-10-21 11:02:35,2020-10-21 11:07:53
105,119,320,2020-10-21 11:02:44,2020-10-21 11:04:12
21,0,0,2020-10-21 11:02:53,2020-10-21 11:14:23
11,72,326,2020-10-21 11:02:56,2020-10-21 11:03:18
25,83,403,2020-10-21 11:03:04,2020-10-21 11:04:35
73,45,315,2020-10-21 11:03:07,2020-10-21 11:03:39
157,0,0,2020-10-21 11:03:08,2020-10-21 11:05:36
122,0,0,2020-10-21 11:03:09,2020-10-21 11:12:15
11,72,320,2020-10-21 11:03:18,2020-10-21 11:04:33
73,45,104,2020-10-21 11:03:39,2020-10-21 12:16:07
154,0,325,2020-10-21 11:03:40,2020-10-21 11:07:48
146,0,0,2020-10-21 11:03:53,2020-10-21 11:12:01
5,0,0,2020-10-21 11:04:07,2020-10-21 11:12:48
105,119,315,2020-10-21 11:04:12,2020-10-21 11:05:28
12,0,128,2020-10-21 11:04:22,2020-10-21 11:04:51
11,72,315,2020-10-21 11:04:33,2020-10-21 11:04:49
25,83,412,2020-10-21 11:04:35,2020-10-21 11:06:06
67,52,0,2020-10-21 11:04:43,2020-10-21 11:05:40
119,0,0,2020-10-21 11:04:45,2020-10-21 11:15:50
11,72,314,2020-10-21 11:04:49,2020-10-21 11:05:04
89,72,0,2020-10-21 11:04:50,2020-10-21 11:10:08
19,0,0,2020-10-21 11:04:50,2020-10-21 11:13:25
12,0,306,2020-10-21 11:04:51,2020-10-21 11:09:59
11,72,103,2020-10-21 11:05:04,2020-10-21 12:50:57
8,0,0,2020-10-21 11:05:07,2020-10-21 11:08:48
45,0,0,2020-10-21 11:05:10,2020-10-21 11:16:11
36,0,0,2020-10-21 11:05:15,2020-10-21 11:14:14
55,0,0,2020-10-21 11:05:15,2020-10-21 11:14:38
58,0,0,2020-10-21 11:05:22,2020-10-21 11:15:09
105,119,303,2020-10-21 11:05:28,2020-10-21 11:05:58
157,0,0,2020-10-21 11:05:36,2020-10-21 11:15:09
67,52,326,2020-10-21 11:05:40,2020-10-21 11:06:00
105,119,304,2020-10-21 11:05:58,2020-10-21 11:06:34
67,52,320,2020-10-21 11:06:00,2020-10-21 11:07:28
86,0,0,2020-10-21 11:06:05,2020-10-21 11:15:19
25,83,415,2020-10-21 11:06:06,2020-10-21 11:06:26
103,121,0,2020-10-21 11:06:12,2020-10-21 11:09:04
107,0,0,2020-10-21 11:06:16,2020-10-21 11:18:10
25,83,414,2020-10-21 11:06:26,2020-10-21 11:06:51
108,116,312,2020-10-21 11:06:29,2020-10-21 11:07:17
105,119,305,2020-10-21 11:06:34,2020-10-21 11:06:49
65,0,0,2020-10-21 11:06:43,2020-10-21 11:16:05
105,119,127,2020-10-21 11:06:49,2020-10-21 14:55:30
25,83,237,2020-10-21 11:06:51,2020-10-21 12:13:49
124,0,0,2020-10-21 11:07:03,2020-10-21 11:16:24
109,0,0,2020-10-21 11:07:13,2020-10-21 11:18:10
108,116,308,2020-10-21 11:07:17,2020-10-21 11:07:39
67,52,315,2020-10-21 11:07:28,2020-10-21 11:08:44
108,116,149,2020-10-21 11:07:39,2020-10-21 11:53:04
148,139,0,2020-10-21 11:07:45,2020-10-21 11:15:13
16,12,312,2020-10-21 11:07:47,2020-10-21 11:08:42
154,0,0,2020-10-21 11:07:48,2020-10-21 11:10:50
31,0,0,2020-10-21 11:07:53,2020-10-21 11:11:58
34,0,0,2020-10-21 11:08:06,2020-10-21 11:18:00
117,0,0,2020-10-21 11:08:16,2020-10-21 11:19:11
71,0,0,2020-10-21 11:08:28,2020-10-21 11:18:17
156,142,0,2020-10-21 11:08:33,2020-10-21 11:16:02
16,12,308,2020-10-21 11:08:42,2020-10-21 11:09:13
67,52,303,2020-10-21 11:08:44,2020-10-21 11:09:14
8,41,0,2020-10-21 11:08:48,2020-10-21 11:11:42
43,0,0,2020-10-21 11:08:53,2020-10-21 11:19:21
103,121,301,2020-10-21 11:09:04,2020-10-21 11:09:10
18,0,162,2020-10-21 11:09:08,2020-10-21 11:09:08
18,0,313,2020-10-21 11:09:08,2020-10-21 11:18:52
103,121,401,2020-10-21 11:09:10,2020-10-21 11:09:25
16,12,309,2020-10-21 11:09:13,2020-10-21 11:09:23
67,52,304,2020-10-21 11:09:14,2020-10-21 11:09:50
16,12,310,2020-10-21 11:09:23,2020-10-21 11:10:03
101,0,0,2020-10-21 11:09:24,2020-10-21 11:19:44
103,121,402,2020-10-21 11:09:25,2020-10-21 11:09:48
123,0,0,2020-10-21 11:09:45,2020-10-21 11:20:57
103,121,403,2020-10-21 11:09:48,2020-10-21 11:10:20
67,52,305,2020-10-21 11:09:50,2020-10-21 11:10:05
90,26,0,2020-10-21 11:09:51,2020-10-21 11:14:54
12,0,0,2020-10-21 11:09:59,2020-10-21 11:13:28
16,12,152,2020-10-21 11:10:03,2020-10-21 13:40:58
139,0,0,2020-10-21 11:10:04,2020-10-21 11:20:43
67,52,127,2020-10-21 11:10:05,2020-10-21 14:13:35
89,72,312,2020-10-21 11:10:08,2020-10-21 11:10:57
103,121,404,2020-10-21 11:10:20,2020-10-21 11:10:45
92,0,203,2020-10-21 11:10:33,2020-10-21 11:10:59
149,139,0,2020-10-21 11:10:43,2020-10-21 11:13:46
103,121,405,2020-10-21 11:10:45,2020-10-21 11:10:57
154,0,0,2020-10-21 11:10:50,2020-10-21 11:20:24
89,72,308,2020-10-21 11:10:57,2020-10-21 11:11:27
103,121,226,2020-10-21 11:10:57,2020-10-21 14:03:12
92,0,402,2020-10-21 11:10:59,2020-10-21 11:11:11
92,0,401,2020-10-21 11:11:11,2020-10-21 11:11:22
92,0,301,2020-10-21 11:11:22,2020-10-21 11:13:39
89,72,309,2020-10-21 11:11:27,2020-10-21 11:12:14
66,3,0,2020-10-21 11:11:28,2020-10-21 11:17:17
134,0,0,2020-10-21 11:11:40,2020-10-21 11:22:40
8,41,301,2020-10-21 11:11:42,2020-10-21 11:11:52
8,41,401,2020-10-21 11:11:52,2020-10-21 11:12:06
31,53,0,2020-10-21 11:11:58,2020-10-21 11:16:05
146,0,0,2020-10-21 11:12:01,2020-10-21 11:21:22
8,41,402,2020-10-21 11:12:06,2020-10-21 11:12:28
89,72,159,2020-10-21 11:12:14,2020-10-21 13:39:21
122,0,0,2020-10-21 11:12:15,2020-10-21 11:22:39
8,41,403,2020-10-21 11:12:28,2020-10-21 11:13:49
142,110,0,2020-10-21 11:12:28,2020-10-21 11:13:20
153,134,176,2020-10-21 11:12:30,2020-10-21 11:13:40
5,0,0,2020-10-21 11:12:48,2020-10-21 11:22:35
28,16,0,2020-10-21 11:13:16,2020-10-21 11:16:10
142,110,326,2020-10-21 11:13:20,2020-10-21 11:13:44
19,0,0,2020-10-21 11:13:25,2020-10-21 11:24:00
12,0,0,2020-10-21 11:13:28,2020-10-21 11:24:15
62,0,0,2020-10-21 11:13:35,2020-10-21 11:23:52
92,0,0,2020-10-21 11:13:39,2020-10-21 11:21:08
153,134,324,2020-10-21 11:13:40,2020-10-21 11:15:29
142,110,320,2020-10-21 11:13:44,2020-10-21 11:14:52
149,139,301,2020-10-21 11:13:46,2020-10-21 11:13:55
8,41,412,2020-10-21 11:13:49,2020-10-21 11:14:08
149,139,401,2020-10-21 11:13:55,2020-10-21 11:14:04
149,139,402,2020-10-21 11:14:04,2020-10-21 11:14:25
8,41,231,2020-10-21 11:14:08,2020-10-21 12:33:23
36,0,0,2020-10-21 11:14:14,2020-10-21 11:23:11
21,0,0,2020-10-21 11:14:23,2020-10-21 11:24:07
149,139,403,2020-10-21 11:14:25,2020-10-21 11:15:49
55,0,0,2020-10-21 11:14:38,2020-10-21 11:25:22
142,110,315,2020-10-21 11:14:52,2020-10-21 11:16:14
90,26,306,2020-10-21 11:14:54,2020-10-21 11:15:24
74,0,251,2020-10-21 11:14:55,2020-10-21 11:15:06
74,0,417,2020-10-21 11:15:06,2020-10-21 11:16:26
157,0,0,2020-10-21 11:15:09,2020-10-21 11:25:37
58,0,0,2020-10-21 11:15:09,2020-10-21 11:26:26
148,139,312,2020-10-21 11:15:13,2020-10-21 11:16:01
86,44,0,2020-10-21 11:15:19,2020-10-21 11:18:10
90,26,130,2020-10-21 11:15:24,2020-10-21 13:02:02
153,134,313,2020-10-21 11:15:29,2020-10-21 11:15:39
153,134,410,2020-10-21 11:15:39,2020-10-21 11:16:28
149,139,412,2020-10-21 11:15:49,2020-10-21 11:17:12
119,0,0,2020-10-21 11:15:50,2020-10-21 11:24:30
148,139,308,2020-10-21 11:16:01,2020-10-21 11:16:23
156,142,324,2020-10-21 11:16:02,2020-10-21 11:17:08
31,53,301,2020-10-21 11:16:05,2020-10-21 11:16:17
65,0,0,2020-10-21 11:16:05,2020-10-21 11:26:36
28,16,301,2020-10-21 11:16:10,2020-10-21 11:16:20
45,0,0,2020-10-21 11:16:11,2020-10-21 11:25:38
142,110,303,2020-10-21 11:16:14,2020-10-21 11:16:35
31,53,401,2020-10-21 11:16:17,2020-10-21 11:16:34
28,16,401,2020-10-21 11:16:20,2020-10-21 11:16:34
148,139,149,2020-10-21 11:16:23,2020-10-21 13:07:18
124,0,0,2020-10-21 11:16:24,2020-10-21 11:26:13
74,0,421,2020-10-21 11:16:26,2020-10-21 11:18:07
153,134,408,2020-10-21 11:16:28,2020-10-21 11:18:48
28,16,402,2020-10-21 11:16:34,2020-10-21 11:16:56
31,53,402,2020-10-21 11:16:34,2020-10-21 11:16:50
142,110,123,2020-10-21 11:16:35,2020-10-21 13:53:56
31,53,403,2020-10-21 11:16:50,2020-10-21 11:17:52
28,16,403,2020-10-21 11:16:56,2020-10-21 11:18:17
156,142,176,2020-10-21 11:17:08,2020-10-21 12:37:13
149,139,415,2020-10-21 11:17:12,2020-10-21 11:17:31
66,3,325,2020-10-21 11:17:17,2020-10-21 11:18:59
149,139,414,2020-10-21 11:17:31,2020-10-21 11:17:52
149,139,245,2020-10-21 11:17:52,2020-10-21 12:38:13
31,53,412,2020-10-21 11:17:52,2020-10-21 11:18:22
34,0,0,2020-10-21 11:18:00,2020-10-21 11:29:18
74,0,325,2020-10-21 11:18:07,2020-10-21 11:24:57
109,106,0,2020-10-21 11:18:10,2020-10-21 11:19:00
86,44,301,2020-10-21 11:18:10,2020-10-21 11:18:20
107,0,0,2020-10-21 11:18:10,2020-10-21 11:27:30
28,16,412,2020-10-21 11:18:17,2020-10-21 11:18:36
71,0,0,2020-10-21 11:18:17,2020-10-21 11:28:00
86,44,401,2020-10-21 11:18:20,2020-10-21 11:18:39
31,53,411,2020-10-21 11:18:22,2020-10-21 11:18:44
28,16,231,2020-10-21 11:18:36,2020-10-21 12:52:24
86,44,402,2020-10-21 11:18:39,2020-10-21 11:19:08
31,53,234,2020-10-21 11:18:44,2020-10-21 12:30:10
153,134,407,2020-10-21 11:18:48,2020-10-21 11:19:11
18,0,0,2020-10-21 11:18:52,2020-10-21 11:18:53
18,0,0,2020-10-21 11:18:53,2020-10-21 11:28:39
66,3,421,2020-10-21 11:18:59,2020-10-21 11:19:53
109,106,326,2020-10-21 11:19:00,2020-10-21 11:20:01
86,44,403,2020-10-21 11:19:08,2020-10-21 11:19:18
153,134,406,2020-10-21 11:19:11,2020-10-21 11:19:50
117,0,0,2020-10-21 11:19:11,2020-10-21 11:28:41
86,44,204,2020-10-21 11:19:18,2020-10-21 14:08:18
43,0,0,2020-10-21 11:19:21,2020-10-21 11:28:41
101,0,0,2020-10-21 11:19:44,2020-10-21 11:27:15
153,134,405,2020-10-21 11:19:50,2020-10-21 11:20:22
66,3,252,2020-10-21 11:19:53,2020-10-21 13:46:17
109,106,102,2020-10-21 11:20:01,2020-10-21 11:21:18
153,134,404,2020-10-21 11:20:22,2020-10-21 11:20:47
154,0,0,2020-10-21 11:20:24,2020-10-21 11:31:21
139,0,0,2020-10-21 11:20:43,2020-10-21 11:30:49
153,134,206,2020-10-21 11:20:47,2020-10-21 12:14:33
123,0,0,2020-10-21 11:20:57,2020-10-21 11:29:28
92,65,0,2020-10-21 11:21:08,2020-10-21 11:29:08
109,106,321,2020-10-21 11:21:18,2020-10-21 11:24:42
146,0,0,2020-10-21 11:21:22,2020-10-21 11:29:57
85,0,178,2020-10-21 11:21:34,2020-10-21 11:22:46
76,0,159,2020-10-21 11:22:06,2020-10-21 11:22:49
60,0,123,2020-10-21 11:22:29,2020-10-21 11:22:48
5,0,0,2020-10-21 11:22:35,2020-10-21 11:33:50
122,0,0,2020-10-21 11:22:39,2020-10-21 11:31:53
134,109,0,2020-10-21 11:22:40,2020-10-21 11:25:56
85,0,321,2020-10-21 11:22:46,2020-10-21 11:24:15
60,0,303,2020-10-21 11:22:48,2020-10-21 11:24:07
76,0,309,2020-10-21 11:22:49,2020-10-21 11:23:04
14,0,148,2020-10-21 11:22:58,2020-10-21 11:23:25
76,0,308,2020-10-21 11:23:04,2020-10-21 11:23:33
36,0,0,2020-10-21 11:23:11,2020-10-21 11:32:48
14,0,308,2020-10-21 11:23:25,2020-10-21 11:24:12
76,0,307,2020-10-21 11:23:33,2020-10-21 11:31:02
62,0,0,2020-10-21 11:23:52,2020-10-21 11:33:30
74,12,0,2020-10-21 11:23:52,2020-10-21 11:29:40
19,82,0,2020-10-21 11:24:00,2020-10-21 11:27:31
21,85,0,2020-10-21 11:24:07,2020-10-21 11:26:59
60,0,315,2020-10-21 11:24:07,2020-10-21 11:25:39
14,0,307,2020-10-21 11:24:12,2020-10-21 11:31:29
75,0,255,2020-10-21 11:24:14,2020-10-21 11:24:51
85,0,102,2020-10-21 11:24:15,2020-10-21 11:25:06
12,0,0,2020-10-21 11:24:15,2020-10-21 11:35:32
137,0,0,2020-10-21 11:24:24,2020-10-21 11:34:24
119,0,0,2020-10-21 11:24:30,2020-10-21 11:35:22
109,106,322,2020-10-21 11:24:42,2020-10-21 11:24:57
75,0,418,2020-10-21 11:24:51,2020-10-21 11:25:00
74,0,0,2020-10-21 11:24:57,2020-10-21 11:23:52
109,106,171,2020-10-21 11:24:57,2020-10-21 12:17:46
75,0,419,2020-10-21 11:25:00,2020-10-21 11:25:31
85,0,326,2020-10-21 11:25:06,2020-10-21 11:25:46
55,0,0,2020-10-21 11:25:22,2020-10-21 11:34:40
75,0,421,2020-10-21 11:25:31,2020-10-21 11:27:10
157,140,0,2020-10-21 11:25:37,2020-10-21 11:36:16
45,0,0,2020-10-21 11:25:38,2020-10-21 11:33:52
60,0,320,2020-10-21 11:25:39,2020-10-21 11:26:00
85,0,0,2020-10-21 11:25:46,2020-10-21 11:30:37
134,109,312,2020-10-21 11:25:56,2020-10-21 11:26:53
60,0,326,2020-10-21 11:26:00,2020-10-21 11:26:46
124,0,0,2020-10-21 11:26:13,2020-10-21 11:34:19
58,0,0,2020-10-21 11:26:26,2020-10-21 11:35:33
65,0,0,2020-10-21 11:26:36,2020-10-21 11:37:05
60,0,0,2020-10-21 11:26:46,2020-10-21 11:32:21
134,109,308,2020-10-21 11:26:53,2020-10-21 11:27:20
21,85,301,2020-10-21 11:26:59,2020-10-21 11:27:05
21,85,401,2020-10-21 11:27:05,2020-10-21 11:27:20
75,0,325,2020-10-21 11:27:10,2020-10-21 11:32:14
101,0,0,2020-10-21 11:27:15,2020-10-21 11:35:54
134,109,309,2020-10-21 11:27:20,2020-10-21 11:27:30
21,85,402,2020-10-21 11:27:20,2020-10-21 11:27:43
134,109,310,2020-10-21 11:27:30,2020-10-21 11:28:25
107,0,0,2020-10-21 11:27:30,2020-10-21 11:36:47
19,82,301,2020-10-21 11:27:31,2020-10-21 11:27:39
128,0,0,2020-10-21 11:27:35,2020-10-21 11:39:05
19,82,401,2020-10-21 11:27:39,2020-10-21 11:27:56
21,85,403,2020-10-21 11:27:43,2020-10-21 11:28:15
19,82,402,2020-10-21 11:27:56,2020-10-21 11:28:19
71,0,0,2020-10-21 11:28:00,2020-10-21 11:39:46
21,85,404,2020-10-21 11:28:15,2020-10-21 11:28:40
19,82,203,2020-10-21 11:28:19,2020-10-21 13:59:20
134,109,161,2020-10-21 11:28:25,2020-10-21 14:08:18
18,0,0,2020-10-21 11:28:39,2020-10-21 11:38:19
21,85,405,2020-10-21 11:28:40,2020-10-21 11:28:52
117,0,0,2020-10-21 11:28:41,2020-10-21 11:37:22
43,0,0,2020-10-21 11:28:41,2020-10-21 11:37:22
21,85,226,2020-10-21 11:28:52,2020-10-21 13:39:46
92,65,312,2020-10-21 11:29:08,2020-10-21 11:29:51
40,49,0,2020-10-21 11:29:13,2020-10-21 11:35:11
34,0,0,2020-10-21 11:29:18,2020-10-21 11:37:53
123,0,0,2020-10-21 11:29:28,2020-10-21 11:37:38
74,12,306,2020-10-21 11:29:40,2020-10-21 11:29:48
74,12,140,2020-10-21 11:29:48,2020-10-21 13:09:07
92,65,308,2020-10-21 11:29:51,2020-10-21 11:30:32
146,138,0,2020-10-21 11:29:57,2020-10-21 11:30:53
92,65,309,2020-10-21 11:30:32,2020-10-21 11:31:05
141,116,162,2020-10-21 11:30:36,2020-10-21 11:31:02
85,22,0,2020-10-21 11:30:37,2020-10-21 11:37:54
139,103,0,2020-10-21 11:30:49,2020-10-21 11:33:43
146,138,326,2020-10-21 11:30:53,2020-10-21 11:31:11
141,116,311,2020-10-21 11:31:02,2020-10-21 11:32:04
76,0,0,2020-10-21 11:31:02,2020-10-21 11:31:03
76,0,0,2020-10-21 11:31:03,2020-10-21 11:41:18
92,65,151,2020-10-21 11:31:05,2020-10-21 13:55:47
146,138,320,2020-10-21 11:31:11,2020-10-21 11:32:48
154,0,0,2020-10-21 11:31:21,2020-10-21 11:39:42
14,0,0,2020-10-21 11:31:29,2020-10-21 11:33:38
122,0,0,2020-10-21 11:31:53,2020-10-21 11:42:40
39,0,127,2020-10-21 11:32:01,2020-10-21 11:32:31
141,116,310,2020-10-21 11:32:04,2020-10-21 11:32:13
141,116,309,2020-10-21 11:32:13,2020-10-21 11:32:45
75,0,0,2020-10-21 11:32:14,2020-10-21 11:36:12
60,0,0,2020-10-21 11:32:21,2020-10-21 11:43:01
39,0,305,2020-10-21 11:32:31,2020-10-21 11:32:58
141,116,308,2020-10-21 11:32:45,2020-10-21 11:33:32
36,0,0,2020-10-21 11:32:48,2020-10-21 11:40:55
146,138,315,2020-10-21 11:32:48,2020-10-21 11:33:21
98,0,108,2020-10-21 11:32:51,2020-10-21 11:33:28
39,0,304,2020-10-21 11:32:58,2020-10-21 11:33:32
146,138,316,2020-10-21 11:33:21,2020-10-21 11:33:58
98,0,316,2020-10-21 11:33:28,2020-10-21 11:34:05
62,0,0,2020-10-21 11:33:30,2020-10-21 11:42:55
39,0,303,2020-10-21 11:33:32,2020-10-21 11:33:48
141,116,318,2020-10-21 11:33:32,2020-10-21 11:34:11
14,29,0,2020-10-21 11:33:38,2020-10-21 11:34:35
139,103,301,2020-10-21 11:33:43,2020-10-21 11:33:53
39,0,302,2020-10-21 11:33:48,2020-10-21 11:34:16
5,0,0,2020-10-21 11:33:50,2020-10-21 11:43:38
45,0,0,2020-10-21 11:33:52,2020-10-21 11:42:44
139,103,401,2020-10-21 11:33:53,2020-10-21 11:34:07
146,138,317,2020-10-21 11:33:58,2020-10-21 11:35:54
98,0,315,2020-10-21 11:34:05,2020-10-21 11:35:22
139,103,402,2020-10-21 11:34:07,2020-10-21 11:34:29
141,116,319,2020-10-21 11:34:11,2020-10-21 11:36:22
39,0,301,2020-10-21 11:34:16,2020-10-21 11:37:01
124,0,0,2020-10-21 11:34:19,2020-10-21 11:45:18
137,0,0,2020-10-21 11:34:24,2020-10-21 11:43:59
69,0,171,2020-10-21 11:34:25,2020-10-21 11:34:41
139,103,403,2020-10-21 11:34:29,2020-10-21 11:35:50
14,29,326,2020-10-21 11:34:35,2020-10-21 11:34:54
55,33,0,2020-10-21 11:34:40,2020-10-21 11:37:31
69,0,322,2020-10-21 11:34:41,2020-10-21 11:35:40
54,0,255,2020-10-21 11:34:52,2020-10-21 11:35:29
14,29,320,2020-10-21 11:34:54,2020-10-21 11:36:00
40,49,307,2020-10-21 11:35:11,2020-10-21 11:35:37
119,0,0,2020-10-21 11:35:22,2020-10-21 11:43:40
98,0,320,2020-10-21 11:35:22,2020-10-21 11:35:43
54,0,418,2020-10-21 11:35:29,2020-10-21 11:35:38
12,0,0,2020-10-21 11:35:32,2020-10-21 11:44:14
58,38,0,2020-10-21 11:35:33,2020-10-21 11:36:10
40,49,147,2020-10-21 11:35:37,2020-10-21 15:50:58
54,0,419,2020-10-21 11:35:38,2020-10-21 11:36:09
69,0,325,2020-10-21 11:35:40,2020-10-21 11:40:49
98,0,326,2020-10-21 11:35:43,2020-10-21 11:36:25
139,103,412,2020-10-21 11:35:50,2020-10-21 11:36:09
101,0,0,2020-10-21 11:35:54,2020-10-21 11:45:17
146,138,319,2020-10-21 11:35:54,2020-10-21 11:36:31
14,29,315,2020-10-21 11:36:00,2020-10-21 11:37:25
54,0,421,2020-10-21 11:36:09,2020-10-21 11:37:48
139,103,231,2020-10-21 11:36:09,2020-10-21 14:57:01
58,38,326,2020-10-21 11:36:10,2020-10-21 11:36:35
75,0,0,2020-10-21 11:36:12,2020-10-21 11:45:04
157,140,313,2020-10-21 11:36:16,2020-10-21 11:36:28
141,116,317,2020-10-21 11:36:22,2020-10-21 11:36:34
98,0,0,2020-10-21 11:36:25,2020-10-21 11:40:30
157,140,410,2020-10-21 11:36:28,2020-10-21 11:36:58
146,138,318,2020-10-21 11:36:31,2020-10-21 11:36:46
141,116,119,2020-10-21 11:36:34,2020-10-21 14:17:34
58,38,102,2020-10-21 11:36:35,2020-10-21 11:37:57
146,138,156,2020-10-21 11:36:46,2020-10-21 11:49:14
107,0,0,2020-10-21 11:36:47,2020-10-21 11:47:01
157,140,215,2020-10-21 11:36:58,2020-10-21 13:12:11
39,0,0,2020-10-21 11:37:01,2020-10-21 11:41:51
65,0,0,2020-10-21 11:37:05,2020-10-21 11:46:38
43,0,0,2020-10-21 11:37:22,2020-10-21 11:48:18
117,0,0,2020-10-21 11:37:22,2020-10-21 11:46:27
14,29,303,2020-10-21 11:37:25,2020-10-21 11:37:52
55,33,301,2020-10-21 11:37:31,2020-10-21 11:37:41
123,0,0,2020-10-21 11:37:38,2020-10-21 11:47:10
55,33,401,2020-10-21 11:37:41,2020-10-21 11:38:00
54,0,325,2020-10-21 11:37:48,2020-10-21 11:42:52
14,29,304,2020-10-21 11:37:52,2020-10-21 11:38:15
34,0,0,2020-10-21 11:37:53,2020-10-21 11:48:33
85,22,312,2020-10-21 11:37:54,2020-10-21 11:38:37
58,38,321,2020-10-21 11:37:57,2020-10-21 11:40:08
55,33,402,2020-10-21 11:38:00,2020-10-21 11:38:29
104,0,0,2020-10-21 11:38:02,2020-10-21 11:47:54
14,29,305,2020-10-21 11:38:15,2020-10-21 11:38:34
18,0,0,2020-10-21 11:38:19,2020-10-21 11:46:59
55,33,403,2020-10-21 11:38:29,2020-10-21 11:38:39
14,29,138,2020-10-21 11:38:34,2020-10-21 15:03:48
85,22,308,2020-10-21 11:38:37,2020-10-21 11:39:02
55,33,204,2020-10-21 11:38:39,2020-10-21 13:40:27
70,0,0,2020-10-21 11:38:47,2020-10-21 11:48:45
85,22,309,2020-10-21 11:39:02,2020-10-21 11:39:18
135,0,0,2020-10-21 11:39:04,2020-10-21 11:47:22
128,0,0,2020-10-21 11:39:05,2020-10-21 11:50:37
85,22,158,2020-10-21 11:39:18,2020-10-21 14:30:23
154,0,0,2020-10-21 11:39:42,2020-10-21 11:48:57
71,38,0,2020-10-21 11:39:46,2020-10-21 11:41:32
58,38,322,2020-10-21 11:40:08,2020-10-21 11:40:39
2,0,236,2020-10-21 11:40:18,2020-10-21 11:40:35
98,125,0,2020-10-21 11:40:30,2020-10-21 11:41:20
2,0,412,2020-10-21 11:40:35,2020-10-21 11:41:49
58,38,323,2020-10-21 11:40:39,2020-10-21 11:41:27
69,0,0,2020-10-21 11:40:49,2020-10-21 11:43:05
36,0,0,2020-10-21 11:40:55,2020-10-21 11:48:45
76,0,0,2020-10-21 11:41:18,2020-10-21 11:54:00
98,125,326,2020-10-21 11:41:20,2020-10-21 11:42:21
58,38,169,2020-10-21 11:41:27,2020-10-21 12:48:30
71,38,301,2020-10-21 11:41:32,2020-10-21 11:41:42
71,38,401,2020-10-21 11:41:42,2020-10-21 11:41:54
2,0,403,2020-10-21 11:41:49,2020-10-21 11:42:17
39,0,0,2020-10-21 11:41:51,2020-10-21 11:51:51
71,38,402,2020-10-21 11:41:54,2020-10-21 11:42:20
2,0,402,2020-10-21 11:42:17,2020-10-21 11:42:32
71,38,403,2020-10-21 11:42:20,2020-10-21 11:43:50
98,125,102,2020-10-21 11:42:21,2020-10-21 11:43:38
2,0,401,2020-10-21 11:42:32,2020-10-21 11:42:40
2,0,301,2020-10-21 11:42:40,2020-10-21 11:45:21
122,0,0,2020-10-21 11:42:40,2020-10-21 11:51:41
45,0,0,2020-10-21 11:42:44,2020-10-21 11:53:47
54,0,0,2020-10-21 11:42:52,2020-10-21 11:44:08
62,69,0,2020-10-21 11:42:55,2020-10-21 11:50:51
60,0,0,2020-10-21 11:43:01,2020-10-21 11:53:36
69,0,0,2020-10-21 11:43:05,2020-10-21 11:52:53
115,0,0,2020-10-21 11:43:18,2020-10-21 11:53:08
5,0,0,2020-10-21 11:43:38,2020-10-21 11:53:04
98,125,321,2020-10-21 11:43:38,2020-10-21 11:47:02
119,0,0,2020-10-21 11:43:40,2020-10-21 11:55:25
82,0,255,2020-10-21 11:43:48,2020-10-21 11:44:25
71,38,412,2020-10-21 11:43:50,2020-10-21 11:44:51
137,128,0,2020-10-21 11:43:59,2020-10-21 11:44:35
54,0,0,2020-10-21 11:44:08,2020-10-21 11:54:37
12,0,0,2020-10-21 11:44:14,2020-10-21 11:54:59
82,0,418,2020-10-21 11:44:25,2020-10-21 11:44:34
82,0,419,2020-10-21 11:44:34,2020-10-21 11:45:05
137,128,326,2020-10-21 11:44:35,2020-10-21 11:44:55
71,38,415,2020-10-21 11:44:51,2020-10-21 11:45:14
137,128,320,2020-10-21 11:44:55,2020-10-21 11:46:39
75,0,0,2020-10-21 11:45:04,2020-10-21 11:55:14
82,0,421,2020-10-21 11:45:05,2020-10-21 11:46:44
71,38,239,2020-10-21 11:45:14,2020-10-21 13:52:13
101,0,0,2020-10-21 11:45:17,2020-10-21 11:55:17
124,0,0,2020-10-21 11:45:18,2020-10-21 11:55:26
2,0,0,2020-10-21 11:45:21,2020-10-21 11:50:35
117,123,0,2020-10-21 11:46:27,2020-10-21 11:48:20
65,0,0,2020-10-21 11:46:38,2020-10-21 11:56:10
137,128,145,2020-10-21 11:46:39,2020-10-21 13:53:56
82,0,325,2020-10-21 11:46:44,2020-10-21 11:51:48
111,112,0,2020-10-21 11:46:48,2020-10-21 11:49:34
18,0,0,2020-10-21 11:46:59,2020-10-21 11:57:05
107,0,0,2020-10-21 11:47:01,2020-10-21 11:56:53
98,125,322,2020-10-21 11:47:02,2020-10-21 11:47:17
123,0,0,2020-10-21 11:47:10,2020-10-21 11:56:29
98,125,171,2020-10-21 11:47:17,2020-10-21 15:03:26
135,0,0,2020-10-21 11:47:22,2020-10-21 11:57:03
104,0,0,2020-10-21 11:47:54,2020-10-21 11:58:06
144,0,174,2020-10-21 11:48:03,2020-10-21 11:48:41
43,42,0,2020-10-21 11:48:18,2020-10-21 11:48:49
117,123,301,2020-10-21 11:48:20,2020-10-21 11:48:28
117,123,401,2020-10-21 11:48:28,2020-10-21 11:48:41
34,0,0,2020-10-21 11:48:33,2020-10-21 11:59:08
144,0,324,2020-10-21 11:48:41,2020-10-21 11:55:33
117,123,402,2020-10-21 11:48:41,2020-10-21 11:49:04
36,0,0,2020-10-21 11:48:45,2020-10-21 11:58:38
70,0,0,2020-10-21 11:48:45,2020-10-21 11:57:59
43,42,326,2020-10-21 11:48:49,2020-10-21 11:49:11
154,0,0,2020-10-21 11:48:57,2020-10-21 12:00:22
117,123,403,2020-10-21 11:49:04,2020-10-21 11:50:07
43,42,320,2020-10-21 11:49:11,2020-10-21 11:50:29
146,0,156,2020-10-21 11:49:14,2020-10-21 11:49:29
146,0,318,2020-10-21 11:49:29,2020-10-21 11:50:09
111,112,301,2020-10-21 11:49:34,2020-10-21 11:49:44
111,112,401,2020-10-21 11:49:44,2020-10-21 11:49:59
111,112,402,2020-10-21 11:49:59,2020-10-21 11:50:34
117,123,412,2020-10-21 11:50:07,2020-10-21 11:51:20
146,0,319,2020-10-21 11:50:09,2020-10-21 11:52:21
43,42,315,2020-10-21 11:50:29,2020-10-21 11:50:55
111,112,403,2020-10-21 11:50:34,2020-10-21 11:51:36
2,0,0,2020-10-21 11:50:35,2020-10-21 12:01:24
128,0,0,2020-10-21 11:50:37,2020-10-21 12:02:05
62,69,312,2020-10-21 11:50:51,2020-10-21 11:51:49
43,42,316,2020-10-21 11:50:55,2020-10-21 11:51:23
117,123,415,2020-10-21 11:51:20,2020-10-21 11:51:53
43,42,106,2020-10-21 11:51:23,2020-10-21 15:37:17
111,112,412,2020-10-21 11:51:36,2020-10-21 11:52:03
122,0,0,2020-10-21 11:51:41,2020-10-21 12:02:18
82,0,0,2020-10-21 11:51:48,2020-10-21 11:52:33
62,69,308,2020-10-21 11:51:49,2020-10-21 11:52:14
39,0,0,2020-10-21 11:51:51,2020-10-21 12:01:51
117,123,414,2020-10-21 11:51:53,2020-10-21 11:52:18
111,112,411,2020-10-21 11:52:03,2020-10-21 11:52:14
111,112,235,2020-10-21 11:52:14,2020-10-21 14:31:48
62,69,309,2020-10-21 11:52:14,2020-10-21 11:52:20
117,123,247,2020-10-21 11:52:18,2020-10-21 14:23:50
62,69,310,2020-10-21 11:52:20,2020-10-21 11:53:27
146,0,317,2020-10-21 11:52:21,2020-10-21 11:52:56
102,0,161,2020-10-21 11:52:28,2020-10-21 11:53:16
77,0,213,2020-10-21 11:52:29,2020-10-21 11:53:11
82,0,0,2020-10-21 11:52:33,2020-10-21 12:02:12
69,0,0,2020-10-21 11:52:53,2020-10-21 12:04:01
146,0,316,2020-10-21 11:52:56,2020-10-21 11:53:39
108,0,149,2020-10-21 11:53:04,2020-10-21 11:53:27
5,0,0,2020-10-21 11:53:04,2020-10-21 12:02:54
115,0,0,2020-10-21 11:53:08,2020-10-21 12:02:37
77,0,406,2020-10-21 11:53:11,2020-10-21 11:54:01
102,0,310,2020-10-21 11:53:16,2020-10-21 11:53:21
102,0,309,2020-10-21 11:53:21,2020-10-21 11:53:55
108,0,308,2020-10-21 11:53:27,2020-10-21 11:54:12
62,69,311,2020-10-21 11:53:27,2020-10-21 11:53:50
60,0,0,2020-10-21 11:53:36,2020-10-21 12:01:24
146,0,315,2020-10-21 11:53:39,2020-10-21 11:55:11
45,49,0,2020-10-21 11:53:47,2020-10-21 11:57:45
62,69,153,2020-10-21 11:53:50,2020-10-21 13:27:00
102,0,308,2020-10-21 11:53:55,2020-10-21 11:54:25
76,0,0,2020-10-21 11:54:00,2020-10-21 12:03:36
77,0,405,2020-10-21 11:54:01,2020-10-21 11:54:31
108,0,307,2020-10-21 11:54:12,2020-10-21 12:00:07
102,0,307,2020-10-21 11:54:25,2020-10-21 12:00:52
77,0,404,2020-10-21 11:54:31,2020-10-21 11:55:07
54,0,0,2020-10-21 11:54:37,2020-10-21 12:03:51
126,0,247,2020-10-21 11:54:59,2020-10-21 11:55:27
12,0,0,2020-10-21 11:54:59,2020-10-21 12:05:38
144,0,0,2020-10-21 11:55:00,2020-10-21 12:05:07
77,0,403,2020-10-21 11:55:07,2020-10-21 11:55:33
146,0,320,2020-10-21 11:55:11,2020-10-21 11:55:26
75,0,0,2020-10-21 11:55:14,2020-10-21 12:05:08
101,0,0,2020-10-21 11:55:17,2020-10-21 12:06:25
119,0,0,2020-10-21 11:55:25,2020-10-21 12:05:22
146,0,326,2020-10-21 11:55:26,2020-10-21 11:56:09
124,0,0,2020-10-21 11:55:26,2020-10-21 12:06:20
126,0,414,2020-10-21 11:55:27,2020-10-21 11:55:56
77,0,402,2020-10-21 11:55:33,2020-10-21 11:55:48
144,0,0,2020-10-21 11:55:33,2020-10-21 11:55:00
77,0,401,2020-10-21 11:55:48,2020-10-21 11:56:00
126,0,415,2020-10-21 11:55:56,2020-10-21 11:56:44
77,0,301,2020-10-21 11:56:00,2020-10-21 11:59:16
146,0,0,2020-10-21 11:56:09,2020-10-21 11:58:48
65,0,0,2020-10-21 11:56:10,2020-10-21 12:06:34
123,0,0,2020-10-21 11:56:29,2020-10-21 12:06:51
130,0,129,2020-10-21 11:56:35,2020-10-21 11:56:50
126,0,412,2020-10-21 11:56:44,2020-10-21 11:58:10
130,0,306,2020-10-21 11:56:50,2020-10-21 12:02:31
107,0,0,2020-10-21 11:56:53,2020-10-21 12:05:26
135,0,0,2020-10-21 11:57:03,2020-10-21 12:07:03
18,44,0,2020-10-21 11:57:05,2020-10-21 12:00:15
56,0,108,2020-10-21 11:57:09,2020-10-21 11:57:46
45,49,301,2020-10-21 11:57:45,2020-10-21 11:57:56
95,0,137,2020-10-21 11:57:46,2020-10-21 11:58:13
56,0,316,2020-10-21 11:57:46,2020-10-21 11:58:23
45,49,302,2020-10-21 11:57:56,2020-10-21 11:58:24
70,0,0,2020-10-21 11:57:59,2020-10-21 12:08:31
104,129,0,2020-10-21 11:58:06,2020-10-21 12:01:09
126,0,403,2020-10-21 11:58:10,2020-10-21 11:58:32
95,0,305,2020-10-21 11:58:13,2020-10-21 11:58:36
88,0,119,2020-10-21 11:58:13,2020-10-21 11:58:28
56,0,315,2020-10-21 11:58:23,2020-10-21 11:59:40
45,49,122,2020-10-21 11:58:24,2020-10-21 15:11:02
88,0,317,2020-10-21 11:58:28,2020-10-21 11:59:18
126,0,402,2020-10-21 11:58:32,2020-10-21 11:58:47
95,0,304,2020-10-21 11:58:36,2020-10-21 11:59:04
36,0,0,2020-10-21 11:58:38,2020-10-21 12:09:19
126,0,401,2020-10-21 11:58:47,2020-10-21 11:59:00
146,140,0,2020-10-21 11:58:48,2020-10-21 12:05:48
126,0,301,2020-10-21 11:59:00,2020-10-21 12:01:09
95,0,303,2020-10-21 11:59:04,2020-10-21 11:59:27
34,0,0,2020-10-21 11:59:08,2020-10-21 12:09:25
77,0,0,2020-10-21 11:59:16,2020-10-21 12:02:45
88,0,316,2020-10-21 11:59:18,2020-10-21 12:00:03
95,0,302,2020-10-21 11:59:27,2020-10-21 11:59:44
26,0,168,2020-10-21 11:59:36,2020-10-21 11:59:54
56,0,320,2020-10-21 11:59:40,2020-10-21 12:00:01
95,0,301,2020-10-21 11:59:44,2020-10-21 12:03:07
26,0,322,2020-10-21 11:59:54,2020-10-21 12:00:38
56,0,326,2020-10-21 12:00:01,2020-10-21 12:00:43
88,0,315,2020-10-21 12:00:03,2020-10-21 12:01:05
37,66,226,2020-10-21 12:00:04,2020-10-21 12:00:28
108,0,0,2020-10-21 12:00:07,2020-10-21 12:02:38
18,44,325,2020-10-21 12:00:15,2020-10-21 12:01:45
154,0,0,2020-10-21 12:00:22,2020-10-21 12:09:59
37,66,405,2020-10-21 12:00:28,2020-10-21 12:01:00
26,0,325,2020-10-21 12:00:38,2020-10-21 12:05:56
102,96,0,2020-10-21 12:00:41,2020-10-21 12:04:04
56,0,0,2020-10-21 12:00:43,2020-10-21 12:07:46
102,0,0,2020-10-21 12:00:52,2020-10-21 12:00:41
37,66,404,2020-10-21 12:01:00,2020-10-21 12:01:45
88,0,320,2020-10-21 12:01:05,2020-10-21 12:01:26
104,129,301,2020-10-21 12:01:09,2020-10-21 12:01:18
126,0,0,2020-10-21 12:01:09,2020-10-21 12:01:44
6,0,104,2020-10-21 12:01:10,2020-10-21 12:01:37
104,129,401,2020-10-21 12:01:18,2020-10-21 12:01:27
2,0,0,2020-10-21 12:01:24,2020-10-21 12:10:52
60,0,0,2020-10-21 12:01:24,2020-10-21 12:11:09
88,0,326,2020-10-21 12:01:26,2020-10-21 12:02:06
104,129,402,2020-10-21 12:01:27,2020-10-21 12:01:48
6,0,315,2020-10-21 12:01:37,2020-10-21 12:02:59
126,0,0,2020-10-21 12:01:44,2020-10-21 12:11:26
37,66,403,2020-10-21 12:01:45,2020-10-21 12:02:55
18,44,421,2020-10-21 12:01:45,2020-10-21 12:02:55
104,129,403,2020-10-21 12:01:48,2020-10-21 12:03:12
39,0,0,2020-10-21 12:01:51,2020-10-21 12:11:35
128,0,0,2020-10-21 12:02:05,2020-10-21 12:12:01
88,0,0,2020-10-21 12:02:06,2020-10-21 12:09:21
82,0,0,2020-10-21 12:02:12,2020-10-21 12:11:16
122,0,0,2020-10-21 12:02:18,2020-10-21 12:11:16
133,0,0,2020-10-21 12:02:24,2020-10-21 12:12:46
130,0,0,2020-10-21 12:02:31,2020-10-21 12:06:11
115,121,0,2020-10-21 12:02:37,2020-10-21 12:05:31
108,0,0,2020-10-21 12:02:38,2020-10-21 12:12:12
77,0,0,2020-10-21 12:02:45,2020-10-21 12:11:51
5,0,0,2020-10-21 12:02:54,2020-10-21 12:10:15
18,44,417,2020-10-21 12:02:55,2020-10-21 12:03:08
37,66,412,2020-10-21 12:02:55,2020-10-21 12:03:50
6,0,320,2020-10-21 12:02:59,2020-10-21 12:03:30
95,0,0,2020-10-21 12:03:07,2020-10-21 12:08:00
18,44,244,2020-10-21 12:03:08,2020-10-21 14:56:20
94,53,236,2020-10-21 12:03:10,2020-10-21 12:03:26
104,129,412,2020-10-21 12:03:12,2020-10-21 12:04:35
94,53,412,2020-10-21 12:03:26,2020-10-21 12:04:25
6,0,326,2020-10-21 12:03:30,2020-10-21 12:04:10
76,0,0,2020-10-21 12:03:36,2020-10-21 12:15:14
37,66,233,2020-10-21 12:03:50,2020-10-21 12:15:27
54,0,0,2020-10-21 12:03:51,2020-10-21 12:14:38
69,0,0,2020-10-21 12:04:01,2020-10-21 12:15:04
102,96,301,2020-10-21 12:04:04,2020-10-21 12:04:30
6,0,0,2020-10-21 12:04:10,2020-10-21 12:10:44
94,53,403,2020-10-21 12:04:25,2020-10-21 12:04:43
102,96,302,2020-10-21 12:04:30,2020-10-21 12:04:49
104,129,415,2020-10-21 12:04:35,2020-10-21 12:04:54
94,53,402,2020-10-21 12:04:43,2020-10-21 12:04:56
102,96,133,2020-10-21 12:04:49,2020-10-21 14:01:45
104,129,414,2020-10-21 12:04:54,2020-10-21 12:05:15
94,53,401,2020-10-21 12:04:56,2020-10-21 12:05:07
94,53,301,2020-10-21 12:05:07,2020-10-21 12:05:30
144,0,0,2020-10-21 12:05:07,2020-10-21 12:12:17
75,0,0,2020-10-21 12:05:08,2020-10-21 12:13:49
104,129,245,2020-10-21 12:05:15,2020-10-21 14:23:54
119,0,0,2020-10-21 12:05:22,2020-10-21 12:14:01
140,0,0,2020-10-21 12:05:22,2020-10-21 12:18:39
107,0,0,2020-10-21 12:05:26,2020-10-21 12:15:38
94,53,302,2020-10-21 12:05:30,2020-10-21 12:05:53
115,121,301,2020-10-21 12:05:31,2020-10-21 12:05:41
12,0,0,2020-10-21 12:05:38,2020-10-21 12:15:24
115,121,401,2020-10-21 12:05:41,2020-10-21 12:05:55
146,140,313,2020-10-21 12:05:48,2020-10-21 12:05:58
94,53,303,2020-10-21 12:05:53,2020-10-21 12:07:16
115,121,402,2020-10-21 12:05:55,2020-10-21 12:06:17
26,0,0,2020-10-21 12:05:56,2020-10-21 12:09:39
146,140,410,2020-10-21 12:05:58,2020-10-21 12:07:25
130,0,0,2020-10-21 12:06:11,2020-10-21 12:14:32
115,121,403,2020-10-21 12:06:17,2020-10-21 12:07:38
124,0,0,2020-10-21 12:06:20,2020-10-21 12:17:16
101,125,0,2020-10-21 12:06:25,2020-10-21 12:13:53
65,0,0,2020-10-21 12:06:34,2020-10-21 12:14:51
123,122,0,2020-10-21 12:06:51,2020-10-21 12:07:52
135,0,0,2020-10-21 12:07:03,2020-10-21 12:17:19
94,53,315,2020-10-21 12:07:16,2020-10-21 12:07:44
146,140,217,2020-10-21 12:07:25,2020-10-21 13:36:02
115,121,412,2020-10-21 12:07:38,2020-10-21 12:07:57
78,0,125,2020-10-21 12:07:40,2020-10-21 12:07:57
94,53,104,2020-10-21 12:07:44,2020-10-21 13:38:32
56,71,0,2020-10-21 12:07:46,2020-10-21 12:08:23
123,122,326,2020-10-21 12:07:52,2020-10-21 12:08:15
78,0,304,2020-10-21 12:07:57,2020-10-21 12:08:23
115,121,231,2020-10-21 12:07:57,2020-10-21 15:24:56
95,0,0,2020-10-21 12:08:00,2020-10-21 12:19:00
114,0,134,2020-10-21 12:08:06,2020-10-21 12:08:25
123,122,320,2020-10-21 12:08:15,2020-10-21 12:09:32
56,71,326,2020-10-21 12:08:23,2020-10-21 12:08:48
78,0,303,2020-10-21 12:08:23,2020-10-21 12:09:42
114,0,303,2020-10-21 12:08:25,2020-10-21 12:08:42
70,0,0,2020-10-21 12:08:31,2020-10-21 12:18:58
41,0,143,2020-10-21 12:08:34,2020-10-21 12:09:18
114,0,302,2020-10-21 12:08:42,2020-10-21 12:08:57
56,71,102,2020-10-21 12:08:48,2020-10-21 12:10:10
114,0,301,2020-10-21 12:08:57,2020-10-21 12:11:48
41,0,320,2020-10-21 12:09:18,2020-10-21 12:09:40
36,0,0,2020-10-21 12:09:19,2020-10-21 12:18:59
88,0,0,2020-10-21 12:09:21,2020-10-21 12:16:24
34,0,0,2020-10-21 12:09:25,2020-10-21 12:19:35
123,122,315,2020-10-21 12:09:32,2020-10-21 12:10:04
26,0,0,2020-10-21 12:09:39,2020-10-21 12:20:25
41,0,326,2020-10-21 12:09:40,2020-10-21 12:10:17
78,0,315,2020-10-21 12:09:42,2020-10-21 12:11:26
154,0,0,2020-10-21 12:09:59,2020-10-21 12:19:27
123,122,316,2020-10-21 12:10:04,2020-10-21 12:10:21
56,71,321,2020-10-21 12:10:10,2020-10-21 12:12:21
5,42,0,2020-10-21 12:10:15,2020-10-21 12:11:03
41,0,0,2020-10-21 12:10:17,2020-10-21 12:19:05
123,122,118,2020-10-21 12:10:21,2020-10-21 14:16:42
113,0,109,2020-10-21 12:10:37,2020-10-21 12:10:55
6,0,0,2020-10-21 12:10:44,2020-10-21 12:20:11
2,0,0,2020-10-21 12:10:52,2020-10-21 12:19:52
113,0,317,2020-10-21 12:10:55,2020-10-21 12:11:46
5,42,326,2020-10-21 12:11:03,2020-10-21 12:11:25
60,0,0,2020-10-21 12:11:09,2020-10-21 12:21:44
82,0,0,2020-10-21 12:11:16,2020-10-21 12:21:28
122,0,0,2020-10-21 12:11:16,2020-10-21 12:22:44
5,42,320,2020-10-21 12:11:25,2020-10-21 12:12:28
78,0,320,2020-10-21 12:11:26,2020-10-21 12:11:46
126,0,0,2020-10-21 12:11:26,2020-10-21 12:23:29
39,0,0,2020-10-21 12:11:35,2020-10-21 12:20:38
30,82,156,2020-10-21 12:11:38,2020-10-21 12:12:05
113,0,316,2020-10-21 12:11:46,2020-10-21 12:12:17
78,0,326,2020-10-21 12:11:46,2020-10-21 12:12:27
114,0,0,2020-10-21 12:11:48,2020-10-21 12:19:51
77,0,0,2020-10-21 12:11:51,2020-10-21 12:22:24
128,113,0,2020-10-21 12:12:01,2020-10-21 12:12:50
23,0,131,2020-10-21 12:12:03,2020-10-21 12:12:16
30,82,308,2020-10-21 12:12:05,2020-10-21 12:12:33
108,0,0,2020-10-21 12:12:12,2020-10-21 12:22:00
23,0,301,2020-10-21 12:12:16,2020-10-21 12:16:07
113,0,315,2020-10-21 12:12:17,2020-10-21 12:13:13
144,0,0,2020-10-21 12:12:17,2020-10-21 12:22:49
56,71,322,2020-10-21 12:12:21,2020-10-21 12:12:52
78,0,0,2020-10-21 12:12:27,2020-10-21 12:17:43
5,42,315,2020-10-21 12:12:28,2020-10-21 12:12:59
30,82,309,2020-10-21 12:12:33,2020-10-21 12:12:42
30,82,310,2020-10-21 12:12:42,2020-10-21 12:13:39
133,0,0,2020-10-21 12:12:46,2020-10-21 12:21:55
128,113,326,2020-10-21 12:12:50,2020-10-21 12:13:10
56,71,323,2020-10-21 12:12:52,2020-10-21 12:13:40
5,42,316,2020-10-21 12:12:59,2020-10-21 12:13:30
128,113,320,2020-10-21 12:13:10,2020-10-21 12:14:27
113,0,320,2020-10-21 12:13:13,2020-10-21 12:13:37
5,42,108,2020-10-21 12:13:30,2020-10-21 14:36:22
113,0,326,2020-10-21 12:13:37,2020-10-21 12:14:33
30,82,311,2020-10-21 12:13:39,2020-10-21 12:14:10
56,71,169,2020-10-21 12:13:40,2020-10-21 14:33:20
25,0,237,2020-10-21 12:13:49,2020-10-21 12:14:12
75,0,0,2020-10-21 12:13:49,2020-10-21 12:24:54
101,125,312,2020-10-21 12:13:53,2020-10-21 12:14:41
119,0,0,2020-10-21 12:14:01,2020-10-21 12:23:46
30,82,162,2020-10-21 12:14:10,2020-10-21 14:37:32
25,0,414,2020-10-21 12:14:12,2020-10-21 12:14:35
2,0,234,2020-10-21 12:14:20,2020-10-21 12:14:38
128,113,315,2020-10-21 12:14:27,2020-10-21 12:15:11
130,0,0,2020-10-21 12:14:32,2020-10-21 12:26:36
113,0,0,2020-10-21 12:14:33,2020-10-21 12:22:03
153,0,206,2020-10-21 12:14:33,2020-10-21 12:14:58
25,0,415,2020-10-21 12:14:35,2020-10-21 12:15:37
54,0,0,2020-10-21 12:14:38,2020-10-21 12:24:23
2,0,411,2020-10-21 12:14:38,2020-10-21 12:15:05
101,125,308,2020-10-21 12:14:41,2020-10-21 12:15:03
136,0,0,2020-10-21 12:14:42,2020-10-21 12:25:22
65,0,0,2020-10-21 12:14:51,2020-10-21 12:24:27
81,0,208,2020-10-21 12:14:55,2020-10-21 12:15:32
153,0,403,2020-10-21 12:14:58,2020-10-21 12:15:19
101,125,149,2020-10-21 12:15:03,2020-10-21 14:18:44
69,13,0,2020-10-21 12:15:04,2020-10-21 12:15:51
2,0,412,2020-10-21 12:15:05,2020-10-21 12:16:24
128,113,316,2020-10-21 12:15:11,2020-10-21 12:15:40
76,0,0,2020-10-21 12:15:14,2020-10-21 12:24:04
35,0,169,2020-10-21 12:15:15,2020-10-21 12:15:44
153,0,402,2020-10-21 12:15:19,2020-10-21 12:15:40
12,62,0,2020-10-21 12:15:24,2020-10-21 12:16:21
121,0,252,2020-10-21 12:15:26,2020-10-21 12:16:08
37,0,233,2020-10-21 12:15:27,2020-10-21 12:16:12
81,0,404,2020-10-21 12:15:32,2020-10-21 12:16:08
158,0,229,2020-10-21 12:15:35,2020-10-21 12:16:03
25,0,412,2020-10-21 12:15:37,2020-10-21 12:17:09
107,0,0,2020-10-21 12:15:38,2020-10-21 12:26:09
153,0,401,2020-10-21 12:15:40,2020-10-21 12:15:50
128,113,317,2020-10-21 12:15:40,2020-10-21 12:17:43
35,0,323,2020-10-21 12:15:44,2020-10-21 12:16:06
153,0,301,2020-10-21 12:15:50,2020-10-21 12:18:45
69,13,326,2020-10-21 12:15:51,2020-10-21 12:16:39
158,0,411,2020-10-21 12:16:03,2020-10-21 12:16:27
35,0,322,2020-10-21 12:16:06,2020-10-21 12:16:56
73,0,104,2020-10-21 12:16:07,2020-10-21 12:16:34
23,0,0,2020-10-21 12:16:07,2020-10-21 12:21:30
121,0,421,2020-10-21 12:16:08,2020-10-21 12:17:32
81,0,403,2020-10-21 12:16:08,2020-10-21 12:16:29
37,0,412,2020-10-21 12:16:12,2020-10-21 12:17:39
12,62,326,2020-10-21 12:16:21,2020-10-21 12:16:40
2,0,403,2020-10-21 12:16:24,2020-10-21 12:16:51
88,71,0,2020-10-21 12:16:24,2020-10-21 12:24:20
158,0,412,2020-10-21 12:16:27,2020-10-21 12:17:51
38,0,108,2020-10-21 12:16:29,2020-10-21 12:17:06
81,0,402,2020-10-21 12:16:29,2020-10-21 12:16:46
73,0,315,2020-10-21 12:16:34,2020-10-21 12:17:56
69,13,102,2020-10-21 12:16:39,2020-10-21 12:18:03
12,62,320,2020-10-21 12:16:40,2020-10-21 12:17:46
81,0,401,2020-10-21 12:16:46,2020-10-21 12:16:58
2,0,402,2020-10-21 12:16:51,2020-10-21 12:17:06
35,0,325,2020-10-21 12:16:56,2020-10-21 12:21:06
81,0,301,2020-10-21 12:16:58,2020-10-21 12:19:33
2,0,401,2020-10-21 12:17:06,2020-10-21 12:17:16
38,0,316,2020-10-21 12:17:06,2020-10-21 12:17:43
25,0,403,2020-10-21 12:17:09,2020-10-21 12:17:36
124,0,0,2020-10-21 12:17:16,2020-10-21 12:27:26
2,0,301,2020-10-21 12:17:16,2020-10-21 12:20:38
135,0,0,2020-10-21 12:17:19,2020-10-21 12:26:26
121,0,325,2020-10-21 12:17:32,2020-10-21 12:23:12
25,0,402,2020-10-21 12:17:36,2020-10-21 12:17:52
37,0,403,2020-10-21 12:17:39,2020-10-21 12:18:05
78,0,0,2020-10-21 12:17:43,2020-10-21 12:27:23
128,113,319,2020-10-21 12:17:43,2020-10-21 12:18:24
38,0,315,2020-10-21 12:17:43,2020-10-21 12:19:00
109,0,171,2020-10-21 12:17:46,2020-10-21 12:18:02
12,62,315,2020-10-21 12:17:46,2020-10-21 12:19:11
158,0,403,2020-10-21 12:17:51,2020-10-21 12:18:16
25,0,401,2020-10-21 12:17:52,2020-10-21 12:17:59
73,0,320,2020-10-21 12:17:56,2020-10-21 12:18:27
25,0,301,2020-10-21 12:17:59,2020-10-21 12:21:16
109,0,322,2020-10-21 12:18:02,2020-10-21 12:19:01
69,13,321,2020-10-21 12:18:03,2020-10-21 12:20:28
37,0,402,2020-10-21 12:18:05,2020-10-21 12:18:20
125,0,174,2020-10-21 12:18:11,2020-10-21 12:18:49
158,0,402,2020-10-21 12:18:16,2020-10-21 12:18:38
37,0,401,2020-10-21 12:18:20,2020-10-21 12:18:27
128,113,318,2020-10-21 12:18:24,2020-10-21 12:19:04
73,0,326,2020-10-21 12:18:27,2020-10-21 12:19:07
37,0,301,2020-10-21 12:18:27,2020-10-21 12:21:08
158,0,401,2020-10-21 12:18:38,2020-10-21 12:18:45
140,0,0,2020-10-21 12:18:39,2020-10-21 12:28:29
153,0,0,2020-10-21 12:18:45,2020-10-21 12:25:07
158,0,301,2020-10-21 12:18:45,2020-10-21 12:22:48
125,0,324,2020-10-21 12:18:49,2020-10-21 12:25:41
70,0,0,2020-10-21 12:18:58,2020-10-21 12:27:17
36,0,0,2020-10-21 12:18:59,2020-10-21 12:27:34
95,0,0,2020-10-21 12:19:00,2020-10-21 12:28:28
38,0,320,2020-10-21 12:19:00,2020-10-21 12:19:21
109,0,325,2020-10-21 12:19:01,2020-10-21 12:24:10
128,113,154,2020-10-21 12:19:04,2020-10-21 14:21:27
41,0,0,2020-10-21 12:19:05,2020-10-21 12:29:52
73,0,0,2020-10-21 12:19:07,2020-10-21 12:26:00
12,62,303,2020-10-21 12:19:11,2020-10-21 12:19:38
38,0,326,2020-10-21 12:19:21,2020-10-21 12:20:03
154,133,0,2020-10-21 12:19:27,2020-10-21 12:20:09
81,0,0,2020-10-21 12:19:33,2020-10-21 12:24:12
34,0,0,2020-10-21 12:19:35,2020-10-21 12:28:04
12,62,304,2020-10-21 12:19:38,2020-10-21 12:20:01
114,0,0,2020-10-21 12:19:51,2020-10-21 12:29:51
2,0,0,2020-10-21 12:19:52,2020-10-21 12:30:59
12,62,305,2020-10-21 12:20:01,2020-10-21 12:20:20
38,0,0,2020-10-21 12:20:03,2020-10-21 12:27:47
154,133,326,2020-10-21 12:20:09,2020-10-21 12:20:29
6,0,0,2020-10-21 12:20:11,2020-10-21 12:32:01
12,62,138,2020-10-21 12:20:20,2020-10-21 13:35:41
26,20,0,2020-10-21 12:20:25,2020-10-21 12:25:51
69,13,322,2020-10-21 12:20:28,2020-10-21 12:20:48
154,133,320,2020-10-21 12:20:29,2020-10-21 12:21:38
2,0,0,2020-10-21 12:20:38,2020-10-21 12:23:09
39,0,0,2020-10-21 12:20:38,2020-10-21 12:30:37
69,13,323,2020-10-21 12:20:48,2020-10-21 12:21:19
35,0,0,2020-10-21 12:21:06,2020-10-21 12:23:44
37,0,0,2020-10-21 12:21:08,2020-10-21 12:25:49
25,0,0,2020-10-21 12:21:16,2020-10-21 12:22:54
69,13,172,2020-10-21 12:21:19,2020-10-21 14:17:14
82,0,0,2020-10-21 12:21:28,2020-10-21 12:32:11
23,25,0,2020-10-21 12:21:30,2020-10-21 12:25:02
154,133,143,2020-10-21 12:21:38,2020-10-21 14:55:19
60,0,0,2020-10-21 12:21:44,2020-10-21 12:30:41
133,0,0,2020-10-21 12:21:55,2020-10-21 12:31:18
108,0,0,2020-10-21 12:22:00,2020-10-21 12:32:56
113,0,0,2020-10-21 12:22:03,2020-10-21 12:32:27
77,0,0,2020-10-21 12:22:24,2020-10-21 12:32:45
33,0,175,2020-10-21 12:22:33,2020-10-21 12:23:47
122,0,0,2020-10-21 12:22:44,2020-10-21 12:34:07
57,0,109,2020-10-21 12:22:47,2020-10-21 12:23:05
158,0,0,2020-10-21 12:22:48,2020-10-21 12:25:38
144,95,0,2020-10-21 12:22:49,2020-10-21 12:25:26
25,0,0,2020-10-21 12:22:54,2020-10-21 12:34:58
57,0,317,2020-10-21 12:23:05,2020-10-21 12:23:56
2,0,0,2020-10-21 12:23:09,2020-10-21 12:32:41
121,0,0,2020-10-21 12:23:12,2020-10-21 12:24:50
126,0,0,2020-10-21 12:23:29,2020-10-21 12:32:49
35,0,0,2020-10-21 12:23:44,2020-10-21 12:32:54
119,0,0,2020-10-21 12:23:46,2020-10-21 12:32:52
33,0,324,2020-10-21 12:23:47,2020-10-21 12:29:21
57,0,316,2020-10-21 12:23:56,2020-10-21 12:24:27
76,0,0,2020-10-21 12:24:04,2020-10-21 12:35:59
155,0,0,2020-10-21 12:24:06,2020-10-21 12:34:35
109,0,0,2020-10-21 12:24:10,2020-10-21 12:27:05
81,0,0,2020-10-21 12:24:12,2020-10-21 12:32:46
88,71,312,2020-10-21 12:24:20,2020-10-21 12:25:18
54,0,0,2020-10-21 12:24:23,2020-10-21 12:35:12
57,0,315,2020-10-21 12:24:27,2020-10-21 12:25:23
65,0,0,2020-10-21 12:24:27,2020-10-21 12:34:29
121,0,0,2020-10-21 12:24:50,2020-10-21 12:34:12
75,0,0,2020-10-21 12:24:54,2020-10-21 12:35:47
23,25,306,2020-10-21 12:25:02,2020-10-21 12:25:35
153,0,0,2020-10-21 12:25:07,2020-10-21 12:35:35
88,71,308,2020-10-21 12:25:18,2020-10-21 12:25:43
136,95,0,2020-10-21 12:25:22,2020-10-21 12:25:47
57,0,320,2020-10-21 12:25:23,2020-10-21 12:25:47
144,95,301,2020-10-21 12:25:26,2020-10-21 12:25:37
23,25,128,2020-10-21 12:25:35,2020-10-21 13:50:14
144,95,401,2020-10-21 12:25:37,2020-10-21 12:25:51
158,139,0,2020-10-21 12:25:38,2020-10-21 12:26:17
125,0,0,2020-10-21 12:25:41,2020-10-21 12:28:08
88,71,309,2020-10-21 12:25:43,2020-10-21 12:25:49
57,0,326,2020-10-21 12:25:47,2020-10-21 12:26:43
136,95,326,2020-10-21 12:25:47,2020-10-21 12:26:13
88,71,310,2020-10-21 12:25:49,2020-10-21 12:26:56
37,0,0,2020-10-21 12:25:49,2020-10-21 12:35:37
144,95,402,2020-10-21 12:25:51,2020-10-21 12:26:12
26,20,312,2020-10-21 12:25:51,2020-10-21 12:26:36
73,0,0,2020-10-21 12:26:00,2020-10-21 12:36:04
114,0,134,2020-10-21 12:26:09,2020-10-21 12:26:28
107,0,0,2020-10-21 12:26:09,2020-10-21 12:36:17
152,0,139,2020-10-21 12:26:11,2020-10-21 12:26:40
144,95,403,2020-10-21 12:26:12,2020-10-21 12:26:31
136,95,320,2020-10-21 12:26:13,2020-10-21 12:27:47
158,139,326,2020-10-21 12:26:17,2020-10-21 12:26:35
135,0,0,2020-10-21 12:26:26,2020-10-21 12:35:46
114,0,303,2020-10-21 12:26:28,2020-10-21 12:26:45
144,95,220,2020-10-21 12:26:31,2020-10-21 15:22:05
158,139,320,2020-10-21 12:26:35,2020-10-21 12:27:46
130,0,0,2020-10-21 12:26:36,2020-10-21 12:37:08
26,20,308,2020-10-21 12:26:36,2020-10-21 12:26:56
152,0,306,2020-10-21 12:26:40,2020-10-21 12:31:04
57,0,0,2020-10-21 12:26:43,2020-10-21 12:33:41
114,0,302,2020-10-21 12:26:45,2020-10-21 12:27:00
88,71,311,2020-10-21 12:26:56,2020-10-21 12:27:19
26,20,148,2020-10-21 12:26:56,2020-10-21 13:33:49
114,0,301,2020-10-21 12:27:00,2020-10-21 12:29:51
109,0,0,2020-10-21 12:27:05,2020-10-21 12:37:20
70,0,0,2020-10-21 12:27:17,2020-10-21 12:37:14
88,71,153,2020-10-21 12:27:19,2020-10-21 14:19:49
78,0,0,2020-10-21 12:27:23,2020-10-21 12:37:34
124,0,0,2020-10-21 12:27:26,2020-10-21 12:36:46
83,0,218,2020-10-21 12:27:30,2020-10-21 12:27:49
36,0,0,2020-10-21 12:27:34,2020-10-21 12:38:31
51,0,111,2020-10-21 12:27:41,2020-10-21 12:27:55
158,139,315,2020-10-21 12:27:46,2020-10-21 12:29:31
38,0,0,2020-10-21 12:27:47,2020-10-21 12:36:04
136,95,315,2020-10-21 12:27:47,2020-10-21 12:28:18
83,0,401,2020-10-21 12:27:49,2020-10-21 12:28:00
51,0,314,2020-10-21 12:27:55,2020-10-21 12:28:25
83,0,301,2020-10-21 12:28:00,2020-10-21 12:31:20
34,0,0,2020-10-21 12:28:04,2020-10-21 12:39:49
125,0,0,2020-10-21 12:28:08,2020-10-21 12:38:36
136,95,112,2020-10-21 12:28:18,2020-10-21 16:33:38
51,0,315,2020-10-21 12:28:25,2020-10-21 12:29:52
95,0,0,2020-10-21 12:28:28,2020-10-21 12:35:46
140,0,0,2020-10-21 12:28:29,2020-10-21 12:39:13
143,112,234,2020-10-21 12:28:44,2020-10-21 12:29:02
143,112,411,2020-10-21 12:29:02,2020-10-21 12:29:27
44,0,222,2020-10-21 12:29:19,2020-10-21 12:29:49
33,0,0,2020-10-21 12:29:21,2020-10-21 12:33:14
143,112,412,2020-10-21 12:29:27,2020-10-21 12:30:41
158,139,303,2020-10-21 12:29:31,2020-10-21 12:30:01
44,0,404,2020-10-21 12:29:49,2020-10-21 12:30:16
114,0,0,2020-10-21 12:29:51,2020-10-21 12:35:16
114,0,0,2020-10-21 12:29:51,2020-10-21 12:39:59
51,0,320,2020-10-21 12:29:52,2020-10-21 12:30:13
41,0,0,2020-10-21 12:29:52,2020-10-21 12:40:00
158,139,304,2020-10-21 12:30:01,2020-10-21 12:30:21
31,83,234,2020-10-21 12:30:10,2020-10-21 12:30:31
51,0,326,2020-10-21 12:30:13,2020-10-21 12:30:57
44,0,403,2020-10-21 12:30:16,2020-10-21 12:30:36
158,139,135,2020-10-21 12:30:21,2020-10-21 13:13:24
31,83,411,2020-10-21 12:30:31,2020-10-21 12:30:56
44,0,402,2020-10-21 12:30:36,2020-10-21 12:30:53
39,0,0,2020-10-21 12:30:37,2020-10-21 12:40:23
60,0,0,2020-10-21 12:30:41,2020-10-21 12:40:33
143,112,403,2020-10-21 12:30:41,2020-10-21 12:31:23
44,0,401,2020-10-21 12:30:53,2020-10-21 12:31:06
31,83,412,2020-10-21 12:30:56,2020-10-21 12:32:41
51,0,0,2020-10-21 12:30:57,2020-10-21 12:37:43
2,0,0,2020-10-21 12:30:59,2020-10-21 12:42:28
152,0,0,2020-10-21 12:31:04,2020-10-21 12:37:04
44,0,301,2020-10-21 12:31:06,2020-10-21 12:33:21
133,0,0,2020-10-21 12:31:18,2020-10-21 12:41:37
83,0,0,2020-10-21 12:31:20,2020-10-21 12:38:09
143,112,404,2020-10-21 12:31:23,2020-10-21 12:31:49
143,112,405,2020-10-21 12:31:49,2020-10-21 12:32:38
6,0,0,2020-10-21 12:32:01,2020-10-21 12:40:45
82,0,0,2020-10-21 12:32:11,2020-10-21 12:41:39
113,0,0,2020-10-21 12:32:27,2020-10-21 12:43:03
72,0,153,2020-10-21 12:32:28,2020-10-21 12:32:56
143,112,406,2020-10-21 12:32:38,2020-10-21 12:33:08
31,83,403,2020-10-21 12:32:41,2020-10-21 12:33:07
2,0,0,2020-10-21 12:32:41,2020-10-21 12:42:49
77,0,0,2020-10-21 12:32:45,2020-10-21 12:42:21
81,0,0,2020-10-21 12:32:46,2020-10-21 12:44:51
126,0,0,2020-10-21 12:32:49,2020-10-21 12:44:07
119,0,0,2020-10-21 12:32:52,2020-10-21 12:43:07
35,0,0,2020-10-21 12:32:54,2020-10-21 12:42:23
108,0,0,2020-10-21 12:32:56,2020-10-21 12:42:35
72,0,313,2020-10-21 12:32:56,2020-10-21 12:40:30
31,83,402,2020-10-21 12:33:07,2020-10-21 12:33:22
143,112,407,2020-10-21 12:33:08,2020-10-21 12:33:42
33,0,0,2020-10-21 12:33:14,2020-10-21 12:43:53
44,0,0,2020-10-21 12:33:21,2020-10-21 12:39:27
31,83,401,2020-10-21 12:33:22,2020-10-21 12:33:32
8,0,231,2020-10-21 12:33:23,2020-10-21 12:33:46
31,83,301,2020-10-21 12:33:32,2020-10-21 12:33:47
57,0,0,2020-10-21 12:33:41,2020-10-21 12:43:13
143,112,216,2020-10-21 12:33:42,2020-10-21 12:34:24
8,0,412,2020-10-21 12:33:46,2020-10-21 12:34:50
31,83,302,2020-10-21 12:33:47,2020-10-21 12:34:03
31,83,303,2020-10-21 12:34:03,2020-10-21 12:35:34
122,0,0,2020-10-21 12:34:07,2020-10-21 12:44:08
121,0,0,2020-10-21 12:34:12,2020-10-21 12:43:19
143,112,408,2020-10-21 12:34:24,2020-10-21 12:35:09
65,0,0,2020-10-21 12:34:29,2020-10-21 12:42:06
155,0,0,2020-10-21 12:34:35,2020-10-21 12:44:03
8,0,403,2020-10-21 12:34:50,2020-10-21 12:35:14
25,0,0,2020-10-21 12:34:58,2020-10-21 12:43:52
143,112,410,2020-10-21 12:35:09,2020-10-21 12:35:20
54,0,0,2020-10-21 12:35:12,2020-10-21 12:46:09
8,0,402,2020-10-21 12:35:14,2020-10-21 12:35:27
114,0,0,2020-10-21 12:35:16,2020-10-21 12:46:30
32,59,209,2020-10-21 12:35:19,2020-10-21 12:35:35
143,112,313,2020-10-21 12:35:20,2020-10-21 12:35:20
143,112,162,2020-10-21 12:35:20,2020-10-21 14:57:57
8,0,401,2020-10-21 12:35:27,2020-10-21 12:35:37
100,0,170,2020-10-21 12:35:28,2020-10-21 12:37:09
31,83,315,2020-10-21 12:35:34,2020-10-21 12:35:58
32,59,405,2020-10-21 12:35:35,2020-10-21 12:36:06
153,0,0,2020-10-21 12:35:35,2020-10-21 12:45:45
8,0,301,2020-10-21 12:35:37,2020-10-21 12:39:08
37,0,0,2020-10-21 12:35:37,2020-10-21 12:44:24
95,0,0,2020-10-21 12:35:46,2020-10-21 12:47:41
135,0,0,2020-10-21 12:35:46,2020-10-21 12:44:15
75,0,0,2020-10-21 12:35:47,2020-10-21 12:43:50
31,83,314,2020-10-21 12:35:58,2020-10-21 12:36:12
76,0,0,2020-10-21 12:35:59,2020-10-21 12:44:14
38,0,0,2020-10-21 12:36:04,2020-10-21 12:45:17
73,0,0,2020-10-21 12:36:04,2020-10-21 12:47:47
32,59,404,2020-10-21 12:36:06,2020-10-21 12:36:55
59,0,111,2020-10-21 12:36:06,2020-10-21 12:36:20
31,83,103,2020-10-21 12:36:12,2020-10-21 16:11:12
107,0,0,2020-10-21 12:36:17,2020-10-21 12:45:56
59,0,314,2020-10-21 12:36:20,2020-10-21 12:36:50
124,122,0,2020-10-21 12:36:46,2020-10-21 12:39:55
59,0,315,2020-10-21 12:36:50,2020-10-21 12:38:17
32,59,403,2020-10-21 12:36:55,2020-10-21 12:37:20
152,0,0,2020-10-21 12:37:04,2020-10-21 12:47:36
130,95,0,2020-10-21 12:37:08,2020-10-21 12:37:45
100,0,323,2020-10-21 12:37:09,2020-10-21 12:37:29
156,132,176,2020-10-21 12:37:13,2020-10-21 12:38:18
70,0,0,2020-10-21 12:37:14,2020-10-21 12:49:34
109,105,0,2020-10-21 12:37:20,2020-10-21 12:38:22
32,59,402,2020-10-21 12:37:20,2020-10-21 12:37:31
100,0,322,2020-10-21 12:37:29,2020-10-21 12:38:22
32,59,401,2020-10-21 12:37:31,2020-10-21 12:37:39
78,0,0,2020-10-21 12:37:34,2020-10-21 12:46:31
32,59,301,2020-10-21 12:37:39,2020-10-21 12:37:55
51,0,0,2020-10-21 12:37:43,2020-10-21 12:48:21
130,95,326,2020-10-21 12:37:45,2020-10-21 12:38:10
32,59,120,2020-10-21 12:37:55,2020-10-21 14:43:20
83,0,0,2020-10-21 12:38:09,2020-10-21 12:49:49
130,95,102,2020-10-21 12:38:10,2020-10-21 12:39:32
149,0,245,2020-10-21 12:38:13,2020-10-21 12:38:36
59,0,320,2020-10-21 12:38:17,2020-10-21 12:38:38
156,132,324,2020-10-21 12:38:18,2020-10-21 12:39:23
109,105,326,2020-10-21 12:38:22,2020-10-21 12:39:04
100,0,325,2020-10-21 12:38:22,2020-10-21 12:44:23
36,67,0,2020-10-21 12:38:31,2020-10-21 12:41:20
125,0,0,2020-10-21 12:38:36,2020-10-21 12:49:07
149,0,414,2020-10-21 12:38:36,2020-10-21 12:39:09
59,0,326,2020-10-21 12:38:38,2020-10-21 12:39:22
132,0,111,2020-10-21 12:38:57,2020-10-21 12:39:11
20,0,224,2020-10-21 12:38:58,2020-10-21 12:39:36
109,105,102,2020-10-21 12:39:04,2020-10-21 12:40:18
8,0,0,2020-10-21 12:39:08,2020-10-21 12:43:50
149,0,415,2020-10-21 12:39:09,2020-10-21 12:40:46
132,0,314,2020-10-21 12:39:11,2020-10-21 12:39:41
140,122,0,2020-10-21 12:39:13,2020-10-21 12:41:17
59,0,0,2020-10-21 12:39:22,2020-10-21 12:44:27
156,132,323,2020-10-21 12:39:23,2020-10-21 12:39:42
44,0,0,2020-10-21 12:39:27,2020-10-21 12:48:42
130,95,321,2020-10-21 12:39:32,2020-10-21 12:41:43
20,0,404,2020-10-21 12:39:36,2020-10-21 12:40:07
132,0,315,2020-10-21 12:39:41,2020-10-21 12:41:08
156,132,322,2020-10-21 12:39:42,2020-10-21 12:40:39
34,36,0,2020-10-21 12:39:49,2020-10-21 12:46:02
124,122,301,2020-10-21 12:39:55,2020-10-21 12:40:03
114,126,0,2020-10-21 12:39:59,2020-10-21 12:47:27
41,0,0,2020-10-21 12:40:00,2020-10-21 12:50:21
124,122,401,2020-10-21 12:40:03,2020-10-21 12:40:19
20,0,403,2020-10-21 12:40:07,2020-10-21 12:40:32
109,105,321,2020-10-21 12:40:18,2020-10-21 12:41:15
124,122,402,2020-10-21 12:40:19,2020-10-21 12:40:38
39,37,0,2020-10-21 12:40:23,2020-10-21 12:41:01
72,0,0,2020-10-21 12:40:30,2020-10-21 12:42:56
20,0,402,2020-10-21 12:40:32,2020-10-21 12:40:44
60,0,0,2020-10-21 12:40:33,2020-10-21 12:50:34
124,122,403,2020-10-21 12:40:38,2020-10-21 12:42:14
156,132,319,2020-10-21 12:40:39,2020-10-21 12:41:20
20,0,401,2020-10-21 12:40:44,2020-10-21 12:40:54
6,68,0,2020-10-21 12:40:45,2020-10-21 12:41:34
149,0,412,2020-10-21 12:40:46,2020-10-21 12:42:19
106,112,142,2020-10-21 12:40:53,2020-10-21 12:41:26
20,0,301,2020-10-21 12:40:54,2020-10-21 12:43:20
39,37,326,2020-10-21 12:41:01,2020-10-21 12:41:23
132,0,320,2020-10-21 12:41:08,2020-10-21 12:41:29
46,0,105,2020-10-21 12:41:11,2020-10-21 12:41:40
109,105,178,2020-10-21 12:41:15,2020-10-21 15:15:53
116,0,0,2020-10-21 12:41:16,2020-10-21 12:51:26
140,122,301,2020-10-21 12:41:17,2020-10-21 12:41:28
15,0,209,2020-10-21 12:41:19,2020-10-21 12:41:34
156,132,318,2020-10-21 12:41:20,2020-10-21 12:42:09
36,67,301,2020-10-21 12:41:20,2020-10-21 12:41:29
39,37,320,2020-10-21 12:41:23,2020-10-21 12:41:48
106,112,320,2020-10-21 12:41:26,2020-10-21 12:42:26
140,122,401,2020-10-21 12:41:28,2020-10-21 12:41:45
132,0,326,2020-10-21 12:41:29,2020-10-21 12:42:13
36,67,401,2020-10-21 12:41:29,2020-10-21 12:41:44
15,0,405,2020-10-21 12:41:34,2020-10-21 12:42:10
6,68,326,2020-10-21 12:41:34,2020-10-21 12:41:54
133,0,0,2020-10-21 12:41:37,2020-10-21 12:52:26
82,0,0,2020-10-21 12:41:39,2020-10-21 12:50:16
46,0,315,2020-10-21 12:41:40,2020-10-21 12:42:52
130,95,322,2020-10-21 12:41:43,2020-10-21 12:42:14
36,67,402,2020-10-21 12:41:44,2020-10-21 12:42:04
140,122,402,2020-10-21 12:41:45,2020-10-21 12:42:12
49,0,127,2020-10-21 12:41:46,2020-10-21 12:42:16
39,37,142,2020-10-21 12:41:48,2020-10-21 14:13:39
6,68,320,2020-10-21 12:41:54,2020-10-21 12:43:07
152,0,232,2020-10-21 12:42:01,2020-10-21 12:42:36
36,67,403,2020-10-21 12:42:04,2020-10-21 12:43:26
65,72,0,2020-10-21 12:42:06,2020-10-21 12:42:50
156,132,308,2020-10-21 12:42:09,2020-10-21 12:43:03
15,0,404,2020-10-21 12:42:10,2020-10-21 12:42:41
140,122,403,2020-10-21 12:42:12,2020-10-21 12:42:45
132,0,0,2020-10-21 12:42:13,2020-10-21 12:48:25
130,95,323,2020-10-21 12:42:14,2020-10-21 12:43:02
124,122,412,2020-10-21 12:42:14,2020-10-21 12:43:41
49,0,305,2020-10-21 12:42:16,2020-10-21 12:42:43
149,0,403,2020-10-21 12:42:19,2020-10-21 12:42:42
77,0,0,2020-10-21 12:42:21,2020-10-21 12:52:46
35,0,0,2020-10-21 12:42:23,2020-10-21 12:51:43
106,112,315,2020-10-21 12:42:26,2020-10-21 12:43:37
2,0,0,2020-10-21 12:42:28,2020-10-21 12:52:24
108,0,0,2020-10-21 12:42:35,2020-10-21 12:53:05
152,0,412,2020-10-21 12:42:36,2020-10-21 12:43:24
15,0,403,2020-10-21 12:42:41,2020-10-21 12:43:11
149,0,402,2020-10-21 12:42:42,2020-10-21 12:43:00
49,0,304,2020-10-21 12:42:43,2020-10-21 12:43:17
140,122,221,2020-10-21 12:42:45,2020-10-21 15:50:44
2,0,0,2020-10-21 12:42:49,2020-10-21 12:52:20
65,72,326,2020-10-21 12:42:50,2020-10-21 12:43:37
46,0,320,2020-10-21 12:42:52,2020-10-21 12:43:20
72,0,0,2020-10-21 12:42:56,2020-10-21 12:52:07
149,0,401,2020-10-21 12:43:00,2020-10-21 12:43:10
130,95,169,2020-10-21 12:43:02,2020-10-21 14:59:56
113,0,0,2020-10-21 12:43:03,2020-10-21 12:52:08
156,132,307,2020-10-21 12:43:03,2020-10-21 12:44:00
119,0,0,2020-10-21 12:43:07,2020-10-21 12:53:43
6,68,315,2020-10-21 12:43:07,2020-10-21 12:43:39
149,0,301,2020-10-21 12:43:10,2020-10-21 12:45:43
160,0,0,2020-10-21 12:43:11,2020-10-21 12:53:24
15,0,402,2020-10-21 12:43:11,2020-10-21 12:43:26
57,0,0,2020-10-21 12:43:13,2020-10-21 12:52:21
49,0,303,2020-10-21 12:43:17,2020-10-21 12:43:33
121,0,0,2020-10-21 12:43:19,2020-10-21 12:53:40
20,0,0,2020-10-21 12:43:20,2020-10-21 12:47:26
46,0,326,2020-10-21 12:43:20,2020-10-21 12:44:06
152,0,403,2020-10-21 12:43:24,2020-10-21 12:43:47
15,0,401,2020-10-21 12:43:26,2020-10-21 12:43:34
36,67,412,2020-10-21 12:43:26,2020-10-21 12:45:05
49,0,302,2020-10-21 12:43:33,2020-10-21 12:44:01
15,0,301,2020-10-21 12:43:34,2020-10-21 12:46:56
65,72,102,2020-10-21 12:43:37,2020-10-21 12:45:09
106,112,303,2020-10-21 12:43:37,2020-10-21 12:43:59
6,68,104,2020-10-21 12:43:39,2020-10-21 15:06:40
110,0,170,2020-10-21 12:43:39,2020-10-21 12:45:20
124,122,415,2020-10-21 12:43:41,2020-10-21 12:44:25
152,0,402,2020-10-21 12:43:47,2020-10-21 12:44:04
75,0,0,2020-10-21 12:43:50,2020-10-21 12:52:52
8,46,0,2020-10-21 12:43:50,2020-10-21 12:44:40
25,0,0,2020-10-21 12:43:52,2020-10-21 12:53:31
33,0,0,2020-10-21 12:43:53,2020-10-21 12:54:42
106,112,304,2020-10-21 12:43:59,2020-10-21 12:44:37
156,132,306,2020-10-21 12:44:00,2020-10-21 12:44:32
49,0,301,2020-10-21 12:44:01,2020-10-21 12:46:46
155,0,0,2020-10-21 12:44:03,2020-10-21 12:54:10
152,0,401,2020-10-21 12:44:04,2020-10-21 12:44:12
100,0,0,2020-10-21 12:44:05,2020-10-21 12:53:23
46,0,0,2020-10-21 12:44:06,2020-10-21 12:51:24
126,104,0,2020-10-21 12:44:07,2020-10-21 12:44:51
122,0,0,2020-10-21 12:44:08,2020-10-21 12:54:26
152,0,301,2020-10-21 12:44:12,2020-10-21 12:46:14
76,0,0,2020-10-21 12:44:14,2020-10-21 12:53:55
135,0,0,2020-10-21 12:44:15,2020-10-21 12:54:24
100,0,0,2020-10-21 12:44:23,2020-10-21 12:44:05
37,0,0,2020-10-21 12:44:24,2020-10-21 12:54:58
124,122,416,2020-10-21 12:44:25,2020-10-21 12:44:50
59,0,0,2020-10-21 12:44:27,2020-10-21 12:55:26
156,132,128,2020-10-21 12:44:32,2020-10-21 14:03:43
106,112,305,2020-10-21 12:44:37,2020-10-21 12:45:03
8,46,326,2020-10-21 12:44:40,2020-10-21 12:45:41
124,122,243,2020-10-21 12:44:50,2020-10-21 15:15:58
81,0,0,2020-10-21 12:44:51,2020-10-21 12:53:35
126,104,326,2020-10-21 12:44:51,2020-10-21 12:45:38
106,112,138,2020-10-21 12:45:03,2020-10-21 16:00:30
36,67,415,2020-10-21 12:45:05,2020-10-21 12:45:30
65,72,321,2020-10-21 12:45:09,2020-10-21 12:47:49
38,0,0,2020-10-21 12:45:17,2020-10-21 12:56:20
110,0,323,2020-10-21 12:45:20,2020-10-21 12:45:40
36,67,414,2020-10-21 12:45:30,2020-10-21 12:45:42
126,104,102,2020-10-21 12:45:38,2020-10-21 12:47:10
110,0,322,2020-10-21 12:45:40,2020-10-21 12:46:33
8,46,102,2020-10-21 12:45:41,2020-10-21 12:46:58
36,67,246,2020-10-21 12:45:42,2020-10-21 15:00:51
149,0,0,2020-10-21 12:45:43,2020-10-21 12:48:03
153,0,0,2020-10-21 12:45:45,2020-10-21 12:54:54
107,0,0,2020-10-21 12:45:56,2020-10-21 12:55:05
34,36,306,2020-10-21 12:46:02,2020-10-21 12:46:35
54,0,0,2020-10-21 12:46:09,2020-10-21 12:55:21
152,0,0,2020-10-21 12:46:14,2020-10-21 12:50:39
114,0,0,2020-10-21 12:46:30,2020-10-21 12:56:30
78,0,0,2020-10-21 12:46:31,2020-10-21 12:56:25
110,0,325,2020-10-21 12:46:33,2020-10-21 12:52:34
34,36,139,2020-10-21 12:46:35,2020-10-21 14:12:51
49,0,0,2020-10-21 12:46:46,2020-10-21 12:49:12
15,0,0,2020-10-21 12:46:56,2020-10-21 12:51:57
8,46,321,2020-10-21 12:46:58,2020-10-21 12:50:22
126,104,321,2020-10-21 12:47:10,2020-10-21 12:49:50
20,0,0,2020-10-21 12:47:26,2020-10-21 12:55:20
114,126,312,2020-10-21 12:47:27,2020-10-21 12:48:15
152,0,0,2020-10-21 12:47:36,2020-10-21 12:59:19
95,71,0,2020-10-21 12:47:41,2020-10-21 12:48:26
73,0,0,2020-10-21 12:47:47,2020-10-21 12:57:40
65,72,322,2020-10-21 12:47:49,2020-10-21 12:48:17
149,0,0,2020-10-21 12:48:03,2020-10-21 12:58:13
114,126,308,2020-10-21 12:48:15,2020-10-21 12:48:37
65,72,323,2020-10-21 12:48:17,2020-10-21 12:49:22
51,0,0,2020-10-21 12:48:21,2020-10-21 12:58:21
132,0,0,2020-10-21 12:48:25,2020-10-21 12:57:44
95,71,326,2020-10-21 12:48:26,2020-10-21 12:48:46
58,0,169,2020-10-21 12:48:30,2020-10-21 12:48:59
80,0,236,2020-10-21 12:48:32,2020-10-21 12:48:49
114,126,149,2020-10-21 12:48:37,2020-10-21 15:10:47
44,0,0,2020-10-21 12:48:42,2020-10-21 12:58:43
95,71,320,2020-10-21 12:48:46,2020-10-21 12:49:58
80,0,412,2020-10-21 12:48:49,2020-10-21 12:50:03
58,0,323,2020-10-21 12:48:59,2020-10-21 12:49:21
125,0,0,2020-10-21 12:49:07,2020-10-21 12:59:18
49,0,0,2020-10-21 12:49:12,2020-10-21 12:58:06
58,0,322,2020-10-21 12:49:21,2020-10-21 12:50:11
65,72,170,2020-10-21 12:49:22,2020-10-21 15:39:39
70,0,0,2020-10-21 12:49:34,2020-10-21 12:59:00
83,0,0,2020-10-21 12:49:49,2020-10-21 13:00:00
126,104,322,2020-10-21 12:49:50,2020-10-21 12:50:18
95,71,315,2020-10-21 12:49:58,2020-10-21 12:50:34
80,0,403,2020-10-21 12:50:03,2020-10-21 12:50:31
58,0,325,2020-10-21 12:50:11,2020-10-21 12:54:21
82,0,0,2020-10-21 12:50:16,2020-10-21 13:01:25
126,104,323,2020-10-21 12:50:18,2020-10-21 12:51:23
41,0,0,2020-10-21 12:50:21,2020-10-21 12:59:27
8,46,322,2020-10-21 12:50:22,2020-10-21 12:50:37
80,0,402,2020-10-21 12:50:31,2020-10-21 12:50:46
60,0,0,2020-10-21 12:50:34,2020-10-21 12:59:45
95,71,316,2020-10-21 12:50:34,2020-10-21 12:51:04
8,46,171,2020-10-21 12:50:37,2020-10-21 13:36:37
152,0,0,2020-10-21 12:50:39,2020-10-21 12:58:14
151,0,112,2020-10-21 12:50:43,2020-10-21 12:51:12
80,0,401,2020-10-21 12:50:46,2020-10-21 12:50:54
80,0,301,2020-10-21 12:50:54,2020-10-21 12:53:35
11,0,103,2020-10-21 12:50:57,2020-10-21 12:51:07
95,71,317,2020-10-21 12:51:04,2020-10-21 12:51:22
11,0,314,2020-10-21 12:51:07,2020-10-21 12:51:32
151,0,315,2020-10-21 12:51:12,2020-10-21 12:52:25
95,71,119,2020-10-21 12:51:22,2020-10-21 14:21:33
126,104,170,2020-10-21 12:51:23,2020-10-21 15:09:20
46,0,0,2020-10-21 12:51:24,2020-10-21 13:01:13
116,0,0,2020-10-21 12:51:26,2020-10-21 13:02:05
11,0,315,2020-10-21 12:51:32,2020-10-21 12:52:42
35,0,0,2020-10-21 12:51:43,2020-10-21 13:01:30
15,0,0,2020-10-21 12:51:57,2020-10-21 13:00:20
72,39,0,2020-10-21 12:52:07,2020-10-21 12:52:50
113,105,0,2020-10-21 12:52:08,2020-10-21 12:54:45
2,0,0,2020-10-21 12:52:20,2020-10-21 13:04:09
57,0,0,2020-10-21 12:52:21,2020-10-21 13:02:25
2,38,0,2020-10-21 12:52:24,2020-10-21 12:56:31
28,0,231,2020-10-21 12:52:24,2020-10-21 12:52:47
151,0,320,2020-10-21 12:52:25,2020-10-21 12:52:46
133,0,0,2020-10-21 12:52:26,2020-10-21 13:00:24
110,0,0,2020-10-21 12:52:34,2020-10-21 12:54:03
24,0,106,2020-10-21 12:52:39,2020-10-21 12:52:59
11,0,320,2020-10-21 12:52:42,2020-10-21 12:53:03
77,0,0,2020-10-21 12:52:46,2020-10-21 13:03:03
151,0,326,2020-10-21 12:52:46,2020-10-21 12:53:08
28,0,412,2020-10-21 12:52:47,2020-10-21 12:53:51
72,39,326,2020-10-21 12:52:50,2020-10-21 12:53:10
75,0,0,2020-10-21 12:52:52,2020-10-21 13:03:46
24,0,316,2020-10-21 12:52:59,2020-10-21 12:53:35
11,0,326,2020-10-21 12:53:03,2020-10-21 12:53:48
108,97,0,2020-10-21 12:53:05,2020-10-21 12:53:50
151,0,0,2020-10-21 12:53:08,2020-10-21 13:00:50
72,39,320,2020-10-21 12:53:10,2020-10-21 12:54:00
100,0,0,2020-10-21 12:53:23,2020-10-21 13:04:00
160,0,0,2020-10-21 12:53:24,2020-10-21 13:01:59
25,0,0,2020-10-21 12:53:31,2020-10-21 13:03:58
81,0,0,2020-10-21 12:53:35,2020-10-21 13:03:19
24,0,315,2020-10-21 12:53:35,2020-10-21 12:55:14
80,0,0,2020-10-21 12:53:35,2020-10-21 12:59:01
121,0,0,2020-10-21 12:53:40,2020-10-21 13:04:25
119,129,0,2020-10-21 12:53:43,2020-10-21 12:54:28
11,0,0,2020-10-21 12:53:48,2020-10-21 13:01:09
108,97,326,2020-10-21 12:53:50,2020-10-21 12:54:10
28,0,403,2020-10-21 12:53:51,2020-10-21 12:54:15
76,0,0,2020-10-21 12:53:55,2020-10-21 13:02:27
72,39,315,2020-10-21 12:54:00,2020-10-21 12:54:36
110,0,0,2020-10-21 12:54:03,2020-10-21 13:05:06
155,0,0,2020-10-21 12:54:10,2020-10-21 13:04:45
108,97,320,2020-10-21 12:54:10,2020-10-21 12:55:32
28,0,402,2020-10-21 12:54:15,2020-10-21 12:54:28
58,0,0,2020-10-21 12:54:21,2020-10-21 13:00:00
135,0,0,2020-10-21 12:54:24,2020-10-21 13:04:14
122,0,0,2020-10-21 12:54:26,2020-10-21 13:04:46
119,129,326,2020-10-21 12:54:28,2020-10-21 12:54:47
28,0,401,2020-10-21 12:54:28,2020-10-21 12:54:38
72,39,316,2020-10-21 12:54:36,2020-10-21 12:55:00
28,0,301,2020-10-21 12:54:38,2020-10-21 12:58:09
33,0,0,2020-10-21 12:54:42,2020-10-21 13:05:58
113,105,301,2020-10-21 12:54:45,2020-10-21 12:54:56
119,129,320,2020-10-21 12:54:47,2020-10-21 12:55:59
153,137,0,2020-10-21 12:54:54,2020-10-21 12:55:30
113,105,401,2020-10-21 12:54:56,2020-10-21 12:55:12
37,0,0,2020-10-21 12:54:58,2020-10-21 13:03:02
72,39,317,2020-10-21 12:55:00,2020-10-21 12:56:45
107,0,0,2020-10-21 12:55:05,2020-10-21 13:04:28
113,105,402,2020-10-21 12:55:12,2020-10-21 12:55:33
24,0,320,2020-10-21 12:55:14,2020-10-21 12:55:31
20,142,0,2020-10-21 12:55:20,2020-10-21 13:05:58
54,0,0,2020-10-21 12:55:21,2020-10-21 13:05:11
59,0,0,2020-10-21 12:55:26,2020-10-21 13:05:03
153,137,326,2020-10-21 12:55:30,2020-10-21 12:55:50
24,0,326,2020-10-21 12:55:31,2020-10-21 12:56:21
108,97,315,2020-10-21 12:55:32,2020-10-21 12:56:04
113,105,403,2020-10-21 12:55:33,2020-10-21 12:56:24
153,137,320,2020-10-21 12:55:50,2020-10-21 12:57:34
119,129,315,2020-10-21 12:55:59,2020-10-21 12:56:29
108,97,316,2020-10-21 12:56:04,2020-10-21 12:56:28
38,0,0,2020-10-21 12:56:20,2020-10-21 13:07:56
24,0,0,2020-10-21 12:56:21,2020-10-21 13:04:25
113,105,404,2020-10-21 12:56:24,2020-10-21 12:56:58
78,66,0,2020-10-21 12:56:25,2020-10-21 12:59:57
108,97,107,2020-10-21 12:56:28,2020-10-21 15:02:13
119,129,316,2020-10-21 12:56:29,2020-10-21 12:57:00
114,0,0,2020-10-21 12:56:30,2020-10-21 13:04:43
2,38,301,2020-10-21 12:56:31,2020-10-21 12:56:43
2,38,401,2020-10-21 12:56:43,2020-10-21 12:57:00
72,39,319,2020-10-21 12:56:45,2020-10-21 12:57:15
113,105,405,2020-10-21 12:56:58,2020-10-21 12:57:31
119,129,317,2020-10-21 12:57:00,2020-10-21 12:59:04
2,38,402,2020-10-21 12:57:00,2020-10-21 12:57:16
72,39,166,2020-10-21 12:57:15,2020-10-21 16:03:34
2,38,403,2020-10-21 12:57:16,2020-10-21 12:58:18
113,105,406,2020-10-21 12:57:31,2020-10-21 12:57:47
153,137,145,2020-10-21 12:57:34,2020-10-21 15:07:55
73,0,0,2020-10-21 12:57:40,2020-10-21 13:07:40
132,0,0,2020-10-21 12:57:44,2020-10-21 13:09:16
113,105,228,2020-10-21 12:57:47,2020-10-21 14:38:54
150,0,224,2020-10-21 12:58:05,2020-10-21 12:58:43
49,44,0,2020-10-21 12:58:06,2020-10-21 13:00:31
28,0,0,2020-10-21 12:58:09,2020-10-21 13:04:30
149,0,0,2020-10-21 12:58:13,2020-10-21 13:08:09
152,0,0,2020-10-21 12:58:14,2020-10-21 13:07:40
2,38,412,2020-10-21 12:58:18,2020-10-21 12:58:48
51,0,0,2020-10-21 12:58:21,2020-10-21 13:06:47
44,0,0,2020-10-21 12:58:43,2020-10-21 13:05:50
150,0,404,2020-10-21 12:58:43,2020-10-21 12:59:14
2,38,411,2020-10-21 12:58:48,2020-10-21 12:59:10
70,0,0,2020-10-21 12:59:00,2020-10-21 13:09:45
80,0,0,2020-10-21 12:59:01,2020-10-21 13:09:18
119,129,319,2020-10-21 12:59:04,2020-10-21 13:00:12
2,38,234,2020-10-21 12:59:10,2020-10-21 12:14:20
150,0,403,2020-10-21 12:59:14,2020-10-21 12:59:39
125,0,0,2020-10-21 12:59:18,2020-10-21 13:10:20
152,0,0,2020-10-21 12:59:19,2020-10-21 13:09:49
41,0,0,2020-10-21 12:59:27,2020-10-21 13:09:09
150,0,402,2020-10-21 12:59:39,2020-10-21 12:59:51
60,17,0,2020-10-21 12:59:45,2020-10-21 13:03:49
150,0,401,2020-10-21 12:59:51,2020-10-21 13:00:01
78,66,306,2020-10-21 12:59:57,2020-10-21 13:00:30
58,0,0,2020-10-21 13:00:00,2020-10-21 13:08:53
83,0,0,2020-10-21 13:00:00,2020-10-21 13:10:27
150,0,301,2020-10-21 13:00:01,2020-10-21 13:02:27
119,129,318,2020-10-21 13:00:12,2020-10-21 13:00:29
15,0,0,2020-10-21 13:00:20,2020-10-21 13:12:50
133,0,0,2020-10-21 13:00:24,2020-10-21 13:08:38
119,129,155,2020-10-21 13:00:29,2020-10-21 13:13:15
78,66,128,2020-10-21 13:00:30,2020-10-21 15:08:56
49,44,325,2020-10-21 13:00:31,2020-10-21 13:02:01
151,0,0,2020-10-21 13:00:50,2020-10-21 13:11:21
11,72,0,2020-10-21 13:01:09,2020-10-21 13:01:56
46,0,0,2020-10-21 13:01:13,2020-10-21 13:10:39
82,0,0,2020-10-21 13:01:25,2020-10-21 13:13:30
35,0,0,2020-10-21 13:01:30,2020-10-21 13:08:59
11,72,326,2020-10-21 13:01:56,2020-10-21 13:02:18
160,0,0,2020-10-21 13:01:59,2020-10-21 13:12:46
49,44,421,2020-10-21 13:02:01,2020-10-21 13:02:24
90,0,130,2020-10-21 13:02:02,2020-10-21 13:02:25
116,0,0,2020-10-21 13:02:05,2020-10-21 13:12:07
11,72,320,2020-10-21 13:02:18,2020-10-21 13:03:33
49,44,419,2020-10-21 13:02:24,2020-10-21 13:02:31
90,0,306,2020-10-21 13:02:25,2020-10-21 13:07:34
57,0,0,2020-10-21 13:02:25,2020-10-21 13:12:10
150,0,0,2020-10-21 13:02:27,2020-10-21 13:08:20
76,0,0,2020-10-21 13:02:27,2020-10-21 13:11:01
49,44,418,2020-10-21 13:02:31,2020-10-21 13:03:06
37,54,0,2020-10-21 13:03:02,2020-10-21 13:03:47
77,4,0,2020-10-21 13:03:03,2020-10-21 13:06:48
49,44,254,2020-10-21 13:03:06,2020-10-21 14:20:04
63,0,121,2020-10-21 13:03:15,2020-10-21 13:03:33
81,7,0,2020-10-21 13:03:19,2020-10-21 13:06:22
11,72,315,2020-10-21 13:03:33,2020-10-21 13:03:49
63,0,302,2020-10-21 13:03:33,2020-10-21 13:03:58
75,0,0,2020-10-21 13:03:46,2020-10-21 13:12:13
37,54,326,2020-10-21 13:03:47,2020-10-21 13:04:06
60,17,301,2020-10-21 13:03:49,2020-10-21 13:04:03
11,72,314,2020-10-21 13:03:49,2020-10-21 13:04:04
79,0,176,2020-10-21 13:03:53,2020-10-21 13:05:00
63,0,301,2020-10-21 13:03:58,2020-10-21 13:07:05
25,37,0,2020-10-21 13:03:58,2020-10-21 13:07:23
100,0,0,2020-10-21 13:04:00,2020-10-21 13:13:32
60,17,120,2020-10-21 13:04:03,2020-10-21 13:31:47
11,72,103,2020-10-21 13:04:04,2020-10-21 13:19:43
37,54,320,2020-10-21 13:04:06,2020-10-21 13:05:18
2,5,0,2020-10-21 13:04:09,2020-10-21 13:04:52
135,0,0,2020-10-21 13:04:14,2020-10-21 13:14:10
121,125,0,2020-10-21 13:04:25,2020-10-21 13:05:04
24,0,0,2020-10-21 13:04:25,2020-10-21 13:14:46
107,0,0,2020-10-21 13:04:28,2020-10-21 13:12:34
28,0,0,2020-10-21 13:04:30,2020-10-21 13:14:10
114,0,0,2020-10-21 13:04:43,2020-10-21 13:14:02
155,0,0,2020-10-21 13:04:45,2020-10-21 13:14:27
122,0,0,2020-10-21 13:04:46,2020-10-21 13:14:09
2,5,326,2020-10-21 13:04:52,2020-10-21 13:05:09
79,0,324,2020-10-21 13:05:00,2020-10-21 13:11:20
59,41,0,2020-10-21 13:05:03,2020-10-21 13:05:40
121,125,326,2020-10-21 13:05:04,2020-10-21 13:05:26
110,0,0,2020-10-21 13:05:06,2020-10-21 13:13:42
2,5,320,2020-10-21 13:05:09,2020-10-21 13:06:14
84,0,222,2020-10-21 13:05:10,2020-10-21 13:05:40
54,0,0,2020-10-21 13:05:11,2020-10-21 13:16:13
37,54,315,2020-10-21 13:05:18,2020-10-21 13:05:48
121,125,320,2020-10-21 13:05:26,2020-10-21 13:06:48
59,41,326,2020-10-21 13:05:40,2020-10-21 13:06:05
84,0,404,2020-10-21 13:05:40,2020-10-21 13:06:07
37,54,316,2020-10-21 13:05:48,2020-10-21 13:06:19
44,0,0,2020-10-21 13:05:50,2020-10-21 13:15:03
20,142,313,2020-10-21 13:05:58,2020-10-21 13:07:02
127,0,140,2020-10-21 13:05:58,2020-10-21 13:06:08
33,0,0,2020-10-21 13:05:58,2020-10-21 13:13:46
59,41,102,2020-10-21 13:06:05,2020-10-21 13:07:27
84,0,403,2020-10-21 13:06:07,2020-10-21 13:06:27
127,0,306,2020-10-21 13:06:08,2020-10-21 13:06:39
2,5,315,2020-10-21 13:06:14,2020-10-21 13:07:12
37,54,317,2020-10-21 13:06:19,2020-10-21 13:08:23
81,7,301,2020-10-21 13:06:22,2020-10-21 13:06:31
84,0,402,2020-10-21 13:06:27,2020-10-21 13:06:44
81,7,401,2020-10-21 13:06:31,2020-10-21 13:06:40
127,0,305,2020-10-21 13:06:39,2020-10-21 13:07:10
81,7,402,2020-10-21 13:06:40,2020-10-21 13:07:01
84,0,401,2020-10-21 13:06:44,2020-10-21 13:06:57
51,0,0,2020-10-21 13:06:47,2020-10-21 13:17:11
121,125,315,2020-10-21 13:06:48,2020-10-21 13:08:11
77,4,301,2020-10-21 13:06:48,2020-10-21 13:07:00
84,0,301,2020-10-21 13:06:57,2020-10-21 13:09:12
77,4,401,2020-10-21 13:07:00,2020-10-21 13:07:18
81,7,403,2020-10-21 13:07:01,2020-10-21 13:08:25
20,142,163,2020-10-21 13:07:02,2020-10-21 14:30:49
63,0,0,2020-10-21 13:07:05,2020-10-21 13:14:29
127,0,304,2020-10-21 13:07:10,2020-10-21 13:07:41
2,5,303,2020-10-21 13:07:12,2020-10-21 13:07:30
120,0,148,2020-10-21 13:07:16,2020-10-21 13:07:43
148,0,149,2020-10-21 13:07:18,2020-10-21 13:07:41
77,4,402,2020-10-21 13:07:18,2020-10-21 13:07:39
25,37,301,2020-10-21 13:07:23,2020-10-21 13:07:35
59,41,321,2020-10-21 13:07:27,2020-10-21 13:09:38
2,5,134,2020-10-21 13:07:30,2020-10-21 16:18:40
90,0,0,2020-10-21 13:07:34,2020-10-21 13:11:51
25,37,131,2020-10-21 13:07:35,2020-10-21 15:04:27
77,4,403,2020-10-21 13:07:39,2020-10-21 13:08:16
152,0,0,2020-10-21 13:07:40,2020-10-21 13:19:36
73,0,0,2020-10-21 13:07:40,2020-10-21 13:19:29
127,0,303,2020-10-21 13:07:41,2020-10-21 13:09:13
148,0,308,2020-10-21 13:07:41,2020-10-21 13:08:26
120,0,308,2020-10-21 13:07:43,2020-10-21 13:08:30
38,87,0,2020-10-21 13:07:56,2020-10-21 13:10:59
149,0,0,2020-10-21 13:08:09,2020-10-21 13:17:51
121,125,303,2020-10-21 13:08:11,2020-10-21 13:08:38
77,4,404,2020-10-21 13:08:16,2020-10-21 13:08:40
150,0,0,2020-10-21 13:08:20,2020-10-21 13:19:02
37,54,319,2020-10-21 13:08:23,2020-10-21 13:09:31
81,7,412,2020-10-21 13:08:25,2020-10-21 13:09:48
148,0,307,2020-10-21 13:08:26,2020-10-21 13:14:21
120,0,307,2020-10-21 13:08:30,2020-10-21 13:15:47
121,125,304,2020-10-21 13:08:38,2020-10-21 13:08:57
133,116,0,2020-10-21 13:08:38,2020-10-21 13:09:23
77,4,405,2020-10-21 13:08:40,2020-10-21 13:09:05
121,0,126,2020-10-21 13:08:45,2020-10-21 13:09:02
58,0,0,2020-10-21 13:08:53,2020-10-21 13:17:50
121,125,305,2020-10-21 13:08:57,2020-10-21 13:09:14
35,0,0,2020-10-21 13:08:59,2020-10-21 13:19:39
121,0,305,2020-10-21 13:09:02,2020-10-21 13:09:30
77,4,210,2020-10-21 13:09:05,2020-10-21 15:04:11
74,0,140,2020-10-21 13:09:07,2020-10-21 13:09:17
41,0,0,2020-10-21 13:09:09,2020-10-21 13:20:13
84,0,0,2020-10-21 13:09:12,2020-10-21 13:13:53
127,0,315,2020-10-21 13:09:13,2020-10-21 13:10:49
121,125,126,2020-10-21 13:09:14,2020-10-21 13:08:45
132,0,0,2020-10-21 13:09:16,2020-10-21 13:19:01
74,0,306,2020-10-21 13:09:17,2020-10-21 13:09:48
80,0,0,2020-10-21 13:09:18,2020-10-21 13:21:27
133,116,326,2020-10-21 13:09:23,2020-10-21 13:10:14
121,0,304,2020-10-21 13:09:30,2020-10-21 13:10:01
37,54,318,2020-10-21 13:09:31,2020-10-21 13:09:48
59,41,322,2020-10-21 13:09:38,2020-10-21 13:10:09
70,0,0,2020-10-21 13:09:45,2020-10-21 13:19:13
74,0,305,2020-10-21 13:09:48,2020-10-21 13:10:19
37,54,155,2020-10-21 13:09:48,2020-10-21 16:10:13
81,7,415,2020-10-21 13:09:48,2020-10-21 13:10:07
152,0,0,2020-10-21 13:09:49,2020-10-21 13:18:36
121,0,303,2020-10-21 13:10:01,2020-10-21 13:10:18
81,7,414,2020-10-21 13:10:07,2020-10-21 13:10:28
59,41,323,2020-10-21 13:10:09,2020-10-21 13:10:57
133,116,102,2020-10-21 13:10:14,2020-10-21 15:31:12
121,0,302,2020-10-21 13:10:18,2020-10-21 13:10:47
74,0,304,2020-10-21 13:10:19,2020-10-21 13:10:50
125,0,0,2020-10-21 13:10:20,2020-10-21 13:20:21
83,0,0,2020-10-21 13:10:27,2020-10-21 13:19:48
81,7,245,2020-10-21 13:10:28,2020-10-21 16:34:23
46,0,0,2020-10-21 13:10:39,2020-10-21 13:22:21
121,0,301,2020-10-21 13:10:47,2020-10-21 13:13:32
127,0,320,2020-10-21 13:10:49,2020-10-21 13:11:06
74,0,303,2020-10-21 13:10:50,2020-10-21 13:12:22
59,41,169,2020-10-21 13:10:57,2020-10-21 14:24:55
38,87,301,2020-10-21 13:10:59,2020-10-21 13:11:08
76,0,0,2020-10-21 13:11:01,2020-10-21 13:21:23
127,0,326,2020-10-21 13:11:06,2020-10-21 13:12:11
38,87,401,2020-10-21 13:11:08,2020-10-21 13:11:17
38,87,402,2020-10-21 13:11:17,2020-10-21 13:11:38
79,0,0,2020-10-21 13:11:20,2020-10-21 13:14:47
151,0,0,2020-10-21 13:11:21,2020-10-21 13:21:17
44,0,255,2020-10-21 13:11:29,2020-10-21 13:12:06
38,87,403,2020-10-21 13:11:38,2020-10-21 13:13:02
90,0,0,2020-10-21 13:11:51,2020-10-21 13:21:48
44,0,418,2020-10-21 13:12:06,2020-10-21 13:12:15
116,0,0,2020-10-21 13:12:07,2020-10-21 13:21:00
57,0,0,2020-10-21 13:12:10,2020-10-21 13:22:48
157,131,215,2020-10-21 13:12:11,2020-10-21 13:12:37
127,0,0,2020-10-21 13:12:11,2020-10-21 13:15:47
75,0,0,2020-10-21 13:12:13,2020-10-21 13:19:11
44,0,419,2020-10-21 13:12:15,2020-10-21 13:12:46
74,0,315,2020-10-21 13:12:22,2020-10-21 13:13:58
97,0,253,2020-10-21 13:12:24,2020-10-21 13:13:03
107,0,0,2020-10-21 13:12:34,2020-10-21 13:22:41
157,131,410,2020-10-21 13:12:37,2020-10-21 13:12:46
160,0,0,2020-10-21 13:12:46,2020-10-21 13:19:54
157,131,313,2020-10-21 13:12:46,2020-10-21 13:13:13
44,0,421,2020-10-21 13:12:46,2020-10-21 13:14:25
15,0,0,2020-10-21 13:12:50,2020-10-21 13:22:12
38,87,412,2020-10-21 13:13:02,2020-10-21 13:14:25
97,0,419,2020-10-21 13:13:03,2020-10-21 13:13:28
157,131,311,2020-10-21 13:13:13,2020-10-21 13:14:10
119,0,155,2020-10-21 13:13:15,2020-10-21 13:13:46
158,0,135,2020-10-21 13:13:24,2020-10-21 13:13:44
97,0,421,2020-10-21 13:13:28,2020-10-21 13:15:28
82,0,0,2020-10-21 13:13:30,2020-10-21 13:23:40
100,0,0,2020-10-21 13:13:32,2020-10-21 13:23:17
121,0,0,2020-10-21 13:13:32,2020-10-21 13:18:49
110,0,0,2020-10-21 13:13:42,2020-10-21 13:21:40
158,0,304,2020-10-21 13:13:44,2020-10-21 13:14:08
33,0,0,2020-10-21 13:13:46,2020-10-21 13:25:33
119,0,318,2020-10-21 13:13:46,2020-10-21 13:14:25
9,0,119,2020-10-21 13:13:47,2020-10-21 13:14:02
84,0,0,2020-10-21 13:13:53,2020-10-21 13:22:59
74,0,320,2020-10-21 13:13:58,2020-10-21 13:14:15
114,0,0,2020-10-21 13:14:02,2020-10-21 13:22:54
9,0,317,2020-10-21 13:14:02,2020-10-21 13:14:52
158,0,303,2020-10-21 13:14:08,2020-10-21 13:14:27
122,0,0,2020-10-21 13:14:09,2020-10-21 13:25:50
135,107,0,2020-10-21 13:14:10,2020-10-21 13:14:51
157,131,310,2020-10-21 13:14:10,2020-10-21 13:14:21
28,0,0,2020-10-21 13:14:10,2020-10-21 13:23:55
74,0,326,2020-10-21 13:14:15,2020-10-21 13:15:20
148,0,0,2020-10-21 13:14:21,2020-10-21 13:17:30
157,131,309,2020-10-21 13:14:21,2020-10-21 13:14:44
44,0,325,2020-10-21 13:14:25,2020-10-21 13:19:29
119,0,319,2020-10-21 13:14:25,2020-10-21 13:16:22
38,87,415,2020-10-21 13:14:25,2020-10-21 13:14:44
158,0,302,2020-10-21 13:14:27,2020-10-21 13:14:49
155,0,0,2020-10-21 13:14:27,2020-10-21 13:24:25
63,72,0,2020-10-21 13:14:29,2020-10-21 13:17:40
157,131,308,2020-10-21 13:14:44,2020-10-21 13:15:28
38,87,414,2020-10-21 13:14:44,2020-10-21 13:15:05
24,0,0,2020-10-21 13:14:46,2020-10-21 13:24:55
79,81,0,2020-10-21 13:14:47,2020-10-21 13:15:24
158,0,301,2020-10-21 13:14:49,2020-10-21 13:17:54
135,107,326,2020-10-21 13:14:51,2020-10-21 13:15:09
9,0,316,2020-10-21 13:14:52,2020-10-21 13:15:37
44,42,0,2020-10-21 13:15:03,2020-10-21 13:21:09
38,87,245,2020-10-21 13:15:05,2020-10-21 17:20:44
135,107,320,2020-10-21 13:15:09,2020-10-21 13:16:29
74,0,0,2020-10-21 13:15:20,2020-10-21 13:20:33
79,81,326,2020-10-21 13:15:24,2020-10-21 13:15:49
157,131,307,2020-10-21 13:15:28,2020-10-21 13:16:08
97,0,325,2020-10-21 13:15:28,2020-10-21 13:21:28
9,0,315,2020-10-21 13:15:37,2020-10-21 13:16:39
120,0,0,2020-10-21 13:15:47,2020-10-21 13:17:04
127,0,0,2020-10-21 13:15:47,2020-10-21 13:26:20
79,81,102,2020-10-21 13:15:49,2020-10-21 13:17:11
93,0,251,2020-10-21 13:15:59,2020-10-21 13:16:10
157,131,306,2020-10-21 13:16:08,2020-10-21 13:16:44
93,0,417,2020-10-21 13:16:10,2020-10-21 13:17:30
54,74,0,2020-10-21 13:16:13,2020-10-21 13:19:07
119,0,317,2020-10-21 13:16:22,2020-10-21 13:16:54
135,107,315,2020-10-21 13:16:29,2020-10-21 13:18:21
9,0,320,2020-10-21 13:16:39,2020-10-21 13:17:00
157,131,305,2020-10-21 13:16:44,2020-10-21 13:17:17
119,0,316,2020-10-21 13:16:54,2020-10-21 13:17:34
9,0,326,2020-10-21 13:17:00,2020-10-21 13:17:40
120,0,0,2020-10-21 13:17:04,2020-10-21 13:27:25
79,81,321,2020-10-21 13:17:11,2020-10-21 13:19:22
51,0,0,2020-10-21 13:17:11,2020-10-21 13:27:45
157,131,304,2020-10-21 13:17:17,2020-10-21 13:17:41
148,142,0,2020-10-21 13:17:30,2020-10-21 13:17:56
93,0,421,2020-10-21 13:17:30,2020-10-21 13:19:11
119,0,315,2020-10-21 13:17:34,2020-10-21 13:19:02
9,0,0,2020-10-21 13:17:40,2020-10-21 13:24:35
63,72,301,2020-10-21 13:17:40,2020-10-21 13:17:50
157,131,303,2020-10-21 13:17:41,2020-10-21 13:18:55
63,72,401,2020-10-21 13:17:50,2020-10-21 13:18:06
58,0,0,2020-10-21 13:17:50,2020-10-21 13:28:01
149,140,0,2020-10-21 13:17:51,2020-10-21 13:25:20
158,0,0,2020-10-21 13:17:54,2020-10-21 13:24:05
148,142,326,2020-10-21 13:17:56,2020-10-21 13:18:43
63,72,402,2020-10-21 13:18:06,2020-10-21 13:18:27
135,107,303,2020-10-21 13:18:21,2020-10-21 13:18:50
63,72,403,2020-10-21 13:18:27,2020-10-21 13:18:55
152,132,0,2020-10-21 13:18:36,2020-10-21 13:22:39
148,142,102,2020-10-21 13:18:43,2020-10-21 13:19:47
121,0,0,2020-10-21 13:18:49,2020-10-21 13:29:10
135,107,304,2020-10-21 13:18:50,2020-10-21 13:19:08
157,131,315,2020-10-21 13:18:55,2020-10-21 13:19:18
63,72,404,2020-10-21 13:18:55,2020-10-21 13:19:21
132,0,0,2020-10-21 13:19:01,2020-10-21 13:28:46
119,0,320,2020-10-21 13:19:02,2020-10-21 13:19:24
150,0,0,2020-10-21 13:19:02,2020-10-21 13:29:22
54,74,301,2020-10-21 13:19:07,2020-10-21 13:19:18
135,107,136,2020-10-21 13:19:08,2020-10-21 15:15:22
93,0,325,2020-10-21 13:19:11,2020-10-21 13:26:01
75,0,0,2020-10-21 13:19:11,2020-10-21 13:27:40
70,0,0,2020-10-21 13:19:13,2020-10-21 13:29:33
157,131,314,2020-10-21 13:19:18,2020-10-21 13:19:33
54,74,401,2020-10-21 13:19:18,2020-10-21 13:19:37
63,72,405,2020-10-21 13:19:21,2020-10-21 13:19:53
79,81,322,2020-10-21 13:19:22,2020-10-21 13:19:53
119,0,326,2020-10-21 13:19:24,2020-10-21 13:20:01
73,0,0,2020-10-21 13:19:29,2020-10-21 13:30:00
44,0,0,2020-10-21 13:19:29,2020-10-21 13:22:09
157,131,103,2020-10-21 13:19:33,2020-10-21 15:45:02
152,0,0,2020-10-21 13:19:36,2020-10-21 13:28:42
54,74,402,2020-10-21 13:19:37,2020-10-21 13:20:07
35,0,0,2020-10-21 13:19:39,2020-10-21 13:28:39
11,0,103,2020-10-21 13:19:43,2020-10-21 13:19:53
148,142,321,2020-10-21 13:19:47,2020-10-21 13:22:05
83,0,0,2020-10-21 13:19:48,2020-10-21 13:28:45
79,81,323,2020-10-21 13:19:53,2020-10-21 13:20:41
11,0,314,2020-10-21 13:19:53,2020-10-21 13:20:18
63,72,406,2020-10-21 13:19:53,2020-10-21 13:20:25
160,138,0,2020-10-21 13:19:54,2020-10-21 13:26:07
119,0,0,2020-10-21 13:20:01,2020-10-21 13:23:22
54,74,403,2020-10-21 13:20:07,2020-10-21 13:20:51
41,40,0,2020-10-21 13:20:13,2020-10-21 13:20:55
11,0,315,2020-10-21 13:20:18,2020-10-21 13:21:28
125,0,0,2020-10-21 13:20:21,2020-10-21 13:29:56
63,72,407,2020-10-21 13:20:25,2020-10-21 13:21:08
74,58,0,2020-10-21 13:20:33,2020-10-21 13:22:16
79,81,169,2020-10-21 13:20:41,2020-10-21 16:02:44
54,74,404,2020-10-21 13:20:51,2020-10-21 13:21:22
41,40,326,2020-10-21 13:20:55,2020-10-21 13:21:15
116,124,0,2020-10-21 13:21:00,2020-10-21 13:28:56
63,72,216,2020-10-21 13:21:08,2020-10-21 15:59:43
44,42,325,2020-10-21 13:21:09,2020-10-21 13:22:20
41,40,320,2020-10-21 13:21:15,2020-10-21 13:22:24
151,136,0,2020-10-21 13:21:17,2020-10-21 13:26:01
97,0,0,2020-10-21 13:21:19,2020-10-21 13:32:25
54,74,208,2020-10-21 13:21:22,2020-10-21 16:34:36
76,0,0,2020-10-21 13:21:23,2020-10-21 13:32:16
80,29,0,2020-10-21 13:21:27,2020-10-21 13:23:34
11,0,320,2020-10-21 13:21:28,2020-10-21 13:21:49
97,0,0,2020-10-21 13:21:28,2020-10-21 13:21:19
110,0,0,2020-10-21 13:21:40,2020-10-21 13:31:35
90,0,0,2020-10-21 13:21:48,2020-10-21 13:31:40
11,0,326,2020-10-21 13:21:49,2020-10-21 13:22:34
148,142,322,2020-10-21 13:22:05,2020-10-21 13:22:22
44,0,0,2020-10-21 13:22:09,2020-10-21 13:33:27
15,66,0,2020-10-21 13:22:12,2020-10-21 13:25:12
74,58,301,2020-10-21 13:22:16,2020-10-21 13:22:26
44,42,421,2020-10-21 13:22:20,2020-10-21 13:22:51
46,0,0,2020-10-21 13:22:21,2020-10-21 13:32:38
148,142,323,2020-10-21 13:22:22,2020-10-21 13:23:12
41,40,143,2020-10-21 13:22:24,2020-10-21 16:11:30
74,58,401,2020-10-21 13:22:26,2020-10-21 13:22:47
11,0,0,2020-10-21 13:22:34,2020-10-21 13:30:26
152,132,301,2020-10-21 13:22:39,2020-10-21 13:22:47
107,0,0,2020-10-21 13:22:41,2020-10-21 13:32:19
74,58,402,2020-10-21 13:22:47,2020-10-21 13:23:15
152,132,401,2020-10-21 13:22:47,2020-10-21 13:23:01
57,0,0,2020-10-21 13:22:48,2020-10-21 13:32:17
44,42,419,2020-10-21 13:22:51,2020-10-21 13:23:01
114,105,0,2020-10-21 13:22:54,2020-10-21 13:23:37
84,0,0,2020-10-21 13:22:59,2020-10-21 13:31:54
152,132,402,2020-10-21 13:23:01,2020-10-21 13:23:32
44,42,418,2020-10-21 13:23:01,2020-10-21 13:23:39
148,142,173,2020-10-21 13:23:12,2020-10-21 14:06:40
74,58,403,2020-10-21 13:23:15,2020-10-21 13:24:09
100,0,0,2020-10-21 13:23:17,2020-10-21 13:32:06
119,0,0,2020-10-21 13:23:22,2020-10-21 13:33:37
152,132,403,2020-10-21 13:23:32,2020-10-21 13:24:58
80,29,301,2020-10-21 13:23:34,2020-10-21 13:23:47
114,105,326,2020-10-21 13:23:37,2020-10-21 13:23:54
44,42,255,2020-10-21 13:23:39,2020-10-21 13:11:29
82,0,0,2020-10-21 13:23:40,2020-10-21 13:33:24
17,0,207,2020-10-21 13:23:42,2020-10-21 13:23:56
80,29,401,2020-10-21 13:23:47,2020-10-21 13:24:02
114,105,320,2020-10-21 13:23:54,2020-10-21 13:24:59
28,0,0,2020-10-21 13:23:55,2020-10-21 13:34:29
17,0,404,2020-10-21 13:23:56,2020-10-21 13:24:34
80,29,402,2020-10-21 13:24:02,2020-10-21 13:24:22
158,0,0,2020-10-21 13:24:05,2020-10-21 13:33:29
74,58,404,2020-10-21 13:24:09,2020-10-21 13:24:27
80,29,403,2020-10-21 13:24:22,2020-10-21 13:25:20
155,0,0,2020-10-21 13:24:25,2020-10-21 13:34:35
74,58,223,2020-10-21 13:24:27,2020-10-21 14:12:36
17,0,403,2020-10-21 13:24:34,2020-10-21 13:24:53
9,58,0,2020-10-21 13:24:35,2020-10-21 13:28:25
17,0,402,2020-10-21 13:24:53,2020-10-21 13:25:06
24,0,0,2020-10-21 13:24:55,2020-10-21 13:35:29
152,132,412,2020-10-21 13:24:58,2020-10-21 13:25:48
114,105,315,2020-10-21 13:24:59,2020-10-21 13:25:57
17,0,401,2020-10-21 13:25:06,2020-10-21 13:25:17
15,66,301,2020-10-21 13:25:12,2020-10-21 13:25:41
17,0,301,2020-10-21 13:25:17,2020-10-21 13:28:16
149,140,324,2020-10-21 13:25:20,2020-10-21 13:26:26
80,29,404,2020-10-21 13:25:20,2020-10-21 13:25:35
33,90,0,2020-10-21 13:25:33,2020-10-21 13:26:18
80,29,207,2020-10-21 13:25:35,2020-10-21 15:47:32
15,66,302,2020-10-21 13:25:41,2020-10-21 13:25:55
147,0,157,2020-10-21 13:25:45,2020-10-21 13:26:28
152,132,232,2020-10-21 13:25:48,2020-10-21 12:42:01
122,0,0,2020-10-21 13:25:50,2020-10-21 13:37:08
15,66,132,2020-10-21 13:25:55,2020-10-21 15:04:20
114,105,303,2020-10-21 13:25:57,2020-10-21 13:26:15
93,0,0,2020-10-21 13:25:59,2020-10-21 13:35:55
93,0,0,2020-10-21 13:26:01,2020-10-21 13:25:59
151,136,325,2020-10-21 13:26:01,2020-10-21 13:27:14
160,138,306,2020-10-21 13:26:07,2020-10-21 13:26:40
114,105,134,2020-10-21 13:26:15,2020-10-21 12:08:06
33,90,326,2020-10-21 13:26:18,2020-10-21 13:26:38
127,0,0,2020-10-21 13:26:20,2020-10-21 13:38:02
149,140,176,2020-10-21 13:26:26,2020-10-21 15:16:43
147,0,308,2020-10-21 13:26:28,2020-10-21 13:27:14
33,90,320,2020-10-21 13:26:38,2020-10-21 13:28:00
160,138,139,2020-10-21 13:26:40,2020-10-21 14:00:41
62,0,153,2020-10-21 13:27:00,2020-10-21 13:27:28
147,0,307,2020-10-21 13:27:14,2020-10-21 13:34:42
151,136,421,2020-10-21 13:27:14,2020-10-21 13:27:37
120,0,0,2020-10-21 13:27:25,2020-10-21 13:37:44
62,0,313,2020-10-21 13:27:28,2020-10-21 13:35:02
151,136,419,2020-10-21 13:27:37,2020-10-21 13:28:21
75,0,0,2020-10-21 13:27:40,2020-10-21 13:37:25
51,0,0,2020-10-21 13:27:45,2020-10-21 13:35:38
33,90,315,2020-10-21 13:28:00,2020-10-21 13:28:32
58,0,0,2020-10-21 13:28:01,2020-10-21 13:37:29
17,0,0,2020-10-21 13:28:16,2020-10-21 13:35:45
151,136,253,2020-10-21 13:28:21,2020-10-21 16:52:39
9,58,301,2020-10-21 13:28:25,2020-10-21 13:28:36
33,90,316,2020-10-21 13:28:32,2020-10-21 13:28:56
9,58,401,2020-10-21 13:28:36,2020-10-21 13:28:54
35,0,0,2020-10-21 13:28:39,2020-10-21 13:39:05
152,133,0,2020-10-21 13:28:42,2020-10-21 13:29:39
83,0,0,2020-10-21 13:28:45,2020-10-21 13:39:18
132,124,0,2020-10-21 13:28:46,2020-10-21 13:34:12
9,58,402,2020-10-21 13:28:54,2020-10-21 13:29:16
33,90,107,2020-10-21 13:28:56,2020-10-21 16:01:49
116,124,312,2020-10-21 13:28:56,2020-10-21 13:29:54
121,117,0,2020-10-21 13:29:10,2020-10-21 13:30:11
9,58,403,2020-10-21 13:29:16,2020-10-21 13:29:56
150,0,0,2020-10-21 13:29:22,2020-10-21 13:39:47
70,0,0,2020-10-21 13:29:33,2020-10-21 13:40:14
152,133,326,2020-10-21 13:29:39,2020-10-21 13:29:58
116,124,308,2020-10-21 13:29:54,2020-10-21 13:30:19
9,58,404,2020-10-21 13:29:56,2020-10-21 13:30:29
125,113,0,2020-10-21 13:29:56,2020-10-21 13:31:42
152,133,320,2020-10-21 13:29:58,2020-10-21 13:31:04
73,0,0,2020-10-21 13:30:00,2020-10-21 13:40:57
121,117,326,2020-10-21 13:30:11,2020-10-21 13:30:34
116,124,309,2020-10-21 13:30:19,2020-10-21 13:30:25
116,124,310,2020-10-21 13:30:25,2020-10-21 13:31:32
11,46,0,2020-10-21 13:30:26,2020-10-21 13:35:52
9,58,405,2020-10-21 13:30:29,2020-10-21 13:31:08
121,117,320,2020-10-21 13:30:34,2020-10-21 13:31:51
152,133,315,2020-10-21 13:31:04,2020-10-21 13:32:29
9,58,406,2020-10-21 13:31:08,2020-10-21 13:31:33
116,124,311,2020-10-21 13:31:32,2020-10-21 13:31:55
9,58,213,2020-10-21 13:31:33,2020-10-21 16:50:43
110,0,0,2020-10-21 13:31:35,2020-10-21 13:41:03
90,0,0,2020-10-21 13:31:40,2020-10-21 13:41:30
125,113,301,2020-10-21 13:31:42,2020-10-21 13:31:51
129,0,208,2020-10-21 13:31:43,2020-10-21 13:32:20
60,0,120,2020-10-21 13:31:47,2020-10-21 13:32:04
125,113,401,2020-10-21 13:31:51,2020-10-21 13:32:08
121,117,315,2020-10-21 13:31:51,2020-10-21 13:32:23
84,0,0,2020-10-21 13:31:54,2020-10-21 13:40:09
116,124,153,2020-10-21 13:31:55,2020-10-21 14:11:09
60,0,301,2020-10-21 13:32:04,2020-10-21 13:34:58
100,129,0,2020-10-21 13:32:06,2020-10-21 13:33:52
125,113,402,2020-10-21 13:32:08,2020-10-21 13:32:35
96,0,169,2020-10-21 13:32:12,2020-10-21 13:32:41
76,0,0,2020-10-21 13:32:16,2020-10-21 13:44:15
57,0,0,2020-10-21 13:32:17,2020-10-21 13:44:36
107,0,0,2020-10-21 13:32:19,2020-10-21 13:41:31
129,0,404,2020-10-21 13:32:20,2020-10-21 13:32:56
121,117,316,2020-10-21 13:32:23,2020-10-21 13:32:40
97,0,0,2020-10-21 13:32:25,2020-10-21 13:42:32
152,133,303,2020-10-21 13:32:29,2020-10-21 13:32:56
125,113,403,2020-10-21 13:32:35,2020-10-21 13:33:39
46,0,0,2020-10-21 13:32:38,2020-10-21 13:43:11
121,117,118,2020-10-21 13:32:40,2020-10-21 15:35:24
96,0,323,2020-10-21 13:32:41,2020-10-21 13:33:03
129,0,403,2020-10-21 13:32:56,2020-10-21 13:33:17
152,133,304,2020-10-21 13:32:56,2020-10-21 13:33:19
96,0,322,2020-10-21 13:33:03,2020-10-21 13:33:53
129,0,402,2020-10-21 13:33:17,2020-10-21 13:33:34
152,133,305,2020-10-21 13:33:19,2020-10-21 13:33:38
82,0,0,2020-10-21 13:33:24,2020-10-21 13:41:38
44,5,0,2020-10-21 13:33:27,2020-10-21 13:37:30
158,0,0,2020-10-21 13:33:29,2020-10-21 13:41:38
48,0,167,2020-10-21 13:33:30,2020-10-21 13:35:05
129,0,401,2020-10-21 13:33:34,2020-10-21 13:33:46
119,129,0,2020-10-21 13:33:37,2020-10-21 13:36:46
152,133,138,2020-10-21 13:33:38,2020-10-21 16:49:07
125,113,412,2020-10-21 13:33:39,2020-10-21 13:34:55
129,0,301,2020-10-21 13:33:46,2020-10-21 13:36:21
26,0,148,2020-10-21 13:33:49,2020-10-21 13:34:16
100,129,301,2020-10-21 13:33:52,2020-10-21 13:34:02
96,0,325,2020-10-21 13:33:53,2020-10-21 13:38:03
100,129,401,2020-10-21 13:34:02,2020-10-21 13:34:14
132,124,325,2020-10-21 13:34:12,2020-10-21 13:36:12
100,129,402,2020-10-21 13:34:14,2020-10-21 13:34:40
26,0,308,2020-10-21 13:34:16,2020-10-21 13:35:03
28,0,0,2020-10-21 13:34:29,2020-10-21 13:45:35
155,0,0,2020-10-21 13:34:35,2020-10-21 13:44:50
100,129,403,2020-10-21 13:34:40,2020-10-21 13:36:10
147,0,0,2020-10-21 13:34:42,2020-10-21 13:37:20
125,113,415,2020-10-21 13:34:55,2020-10-21 13:35:30
60,0,0,2020-10-21 13:34:58,2020-10-21 13:41:47
62,0,0,2020-10-21 13:35:02,2020-10-21 13:37:44
26,0,307,2020-10-21 13:35:03,2020-10-21 13:42:20
48,0,317,2020-10-21 13:35:05,2020-10-21 13:35:33
24,8,0,2020-10-21 13:35:29,2020-10-21 13:36:25
125,113,414,2020-10-21 13:35:30,2020-10-21 13:35:45
48,0,316,2020-10-21 13:35:33,2020-10-21 13:36:09
51,0,0,2020-10-21 13:35:38,2020-10-21 13:44:41
12,44,138,2020-10-21 13:35:41,2020-10-21 13:36:35
17,0,0,2020-10-21 13:35:45,2020-10-21 13:46:26
125,113,238,2020-10-21 13:35:45,2020-10-21 15:51:54
11,46,312,2020-10-21 13:35:52,2020-10-21 13:36:37
93,0,0,2020-10-21 13:35:55,2020-10-21 13:45:40
146,0,217,2020-10-21 13:36:02,2020-10-21 13:37:28
48,0,315,2020-10-21 13:36:09,2020-10-21 13:37:28
100,129,412,2020-10-21 13:36:10,2020-10-21 13:37:11
132,124,421,2020-10-21 13:36:12,2020-10-21 13:37:09
129,0,0,2020-10-21 13:36:21,2020-10-21 13:43:59
24,8,326,2020-10-21 13:36:25,2020-10-21 13:36:39
12,44,306,2020-10-21 13:36:35,2020-10-21 13:37:12
11,46,308,2020-10-21 13:36:37,2020-10-21 13:36:57
8,0,171,2020-10-21 13:36:37,2020-10-21 13:36:53
24,8,320,2020-10-21 13:36:39,2020-10-21 13:37:49
119,129,301,2020-10-21 13:36:46,2020-10-21 13:36:54
8,0,322,2020-10-21 13:36:53,2020-10-21 13:37:52
119,129,401,2020-10-21 13:36:54,2020-10-21 13:37:10
11,46,148,2020-10-21 13:36:57,2020-10-21 14:35:15
122,0,0,2020-10-21 13:37:08,2020-10-21 13:45:54
132,124,417,2020-10-21 13:37:09,2020-10-21 13:37:19
119,129,402,2020-10-21 13:37:10,2020-10-21 13:37:29
100,129,415,2020-10-21 13:37:11,2020-10-21 13:37:34
12,44,307,2020-10-21 13:37:12,2020-10-21 13:37:49
132,124,251,2020-10-21 13:37:19,2020-10-21 16:17:08
147,0,0,2020-10-21 13:37:20,2020-10-21 13:46:40
75,0,0,2020-10-21 13:37:25,2020-10-21 13:47:49
64,0,151,2020-10-21 13:37:28,2020-10-21 13:38:10
48,0,320,2020-10-21 13:37:28,2020-10-21 13:37:46
146,0,410,2020-10-21 13:37:28,2020-10-21 13:37:35
119,129,403,2020-10-21 13:37:29,2020-10-21 13:39:05
58,0,0,2020-10-21 13:37:29,2020-10-21 13:47:07
44,5,301,2020-10-21 13:37:30,2020-10-21 13:37:38
100,129,239,2020-10-21 13:37:34,2020-10-21 14:30:56
146,0,313,2020-10-21 13:37:35,2020-10-21 13:47:48
44,5,401,2020-10-21 13:37:38,2020-10-21 13:37:52
28,21,117,2020-10-21 13:37:41,2020-10-21 13:38:12
62,0,0,2020-10-21 13:37:44,2020-10-21 13:47:51
120,102,0,2020-10-21 13:37:44,2020-10-21 13:40:21
48,0,326,2020-10-21 13:37:46,2020-10-21 13:38:39
24,8,144,2020-10-21 13:37:49,2020-10-21 15:55:23
12,44,308,2020-10-21 13:37:49,2020-10-21 13:38:14
8,0,325,2020-10-21 13:37:52,2020-10-21 13:43:01
44,5,402,2020-10-21 13:37:52,2020-10-21 13:38:23
127,0,0,2020-10-21 13:38:02,2020-10-21 13:49:33
96,0,0,2020-10-21 13:38:03,2020-10-21 13:42:12
64,0,309,2020-10-21 13:38:10,2020-10-21 13:38:31
28,21,315,2020-10-21 13:38:12,2020-10-21 13:39:28
12,44,309,2020-10-21 13:38:14,2020-10-21 13:38:24
44,5,403,2020-10-21 13:38:23,2020-10-21 13:39:49
12,44,310,2020-10-21 13:38:24,2020-10-21 13:39:16
64,0,308,2020-10-21 13:38:31,2020-10-21 13:39:12
94,0,104,2020-10-21 13:38:32,2020-10-21 13:38:59
48,0,0,2020-10-21 13:38:39,2020-10-21 13:43:03
94,0,315,2020-10-21 13:38:59,2020-10-21 13:40:21
119,129,412,2020-10-21 13:39:05,2020-10-21 13:40:32
35,0,0,2020-10-21 13:39:05,2020-10-21 13:50:51
64,0,307,2020-10-21 13:39:12,2020-10-21 13:43:46
12,44,160,2020-10-21 13:39:16,2020-10-21 13:53:18
83,55,0,2020-10-21 13:39:18,2020-10-21 13:43:25
89,0,159,2020-10-21 13:39:21,2020-10-21 13:40:04
28,21,303,2020-10-21 13:39:28,2020-10-21 13:39:56
118,0,0,2020-10-21 13:39:35,2020-10-21 13:50:03
21,0,226,2020-10-21 13:39:46,2020-10-21 13:40:18
150,0,0,2020-10-21 13:39:47,2020-10-21 13:49:20
44,5,412,2020-10-21 13:39:49,2020-10-21 13:40:39
28,21,304,2020-10-21 13:39:56,2020-10-21 13:40:29
89,0,309,2020-10-21 13:40:04,2020-10-21 13:40:19
84,0,0,2020-10-21 13:40:09,2020-10-21 13:49:20
70,0,0,2020-10-21 13:40:14,2020-10-21 13:50:00
21,0,405,2020-10-21 13:40:18,2020-10-21 13:40:50
89,0,308,2020-10-21 13:40:19,2020-10-21 13:40:48
120,102,301,2020-10-21 13:40:21,2020-10-21 13:40:32
94,0,320,2020-10-21 13:40:21,2020-10-21 13:40:52
55,20,204,2020-10-21 13:40:27,2020-10-21 13:40:38
28,21,305,2020-10-21 13:40:29,2020-10-21 13:40:59
119,129,415,2020-10-21 13:40:32,2020-10-21 13:41:16
120,102,401,2020-10-21 13:40:32,2020-10-21 13:40:48
55,20,403,2020-10-21 13:40:38,2020-10-21 13:41:46
44,5,232,2020-10-21 13:40:39,2020-10-21 14:49:37
120,102,402,2020-10-21 13:40:48,2020-10-21 13:41:09
89,0,307,2020-10-21 13:40:48,2020-10-21 13:48:17
21,0,404,2020-10-21 13:40:50,2020-10-21 13:41:33
94,0,326,2020-10-21 13:40:52,2020-10-21 13:41:32
73,78,0,2020-10-21 13:40:57,2020-10-21 13:43:24
16,55,152,2020-10-21 13:40:58,2020-10-21 13:41:14
28,21,306,2020-10-21 13:40:59,2020-10-21 13:41:35
110,0,0,2020-10-21 13:41:03,2020-10-21 13:50:23
120,102,403,2020-10-21 13:41:09,2020-10-21 13:42:00
16,55,311,2020-10-21 13:41:14,2020-10-21 13:41:43
119,129,416,2020-10-21 13:41:16,2020-10-21 13:41:41
90,0,0,2020-10-21 13:41:30,2020-10-21 13:50:40
107,0,0,2020-10-21 13:41:31,2020-10-21 13:52:12
94,0,0,2020-10-21 13:41:32,2020-10-21 13:47:51
21,0,403,2020-10-21 13:41:33,2020-10-21 13:42:13
28,21,307,2020-10-21 13:41:35,2020-10-21 13:41:53
82,0,0,2020-10-21 13:41:38,2020-10-21 13:50:40
158,135,0,2020-10-21 13:41:38,2020-10-21 13:44:20
119,129,243,2020-10-21 13:41:41,2020-10-21 15:40:11
16,55,313,2020-10-21 13:41:43,2020-10-21 13:43:45
55,20,412,2020-10-21 13:41:46,2020-10-21 13:42:43
60,0,0,2020-10-21 13:41:47,2020-10-21 13:51:43
28,21,312,2020-10-21 13:41:53,2020-10-21 13:42:03
120,102,404,2020-10-21 13:42:00,2020-10-21 13:42:34
28,21,409,2020-10-21 13:42:03,2020-10-21 13:42:21
96,87,0,2020-10-21 13:42:12,2020-10-21 13:42:57
21,0,402,2020-10-21 13:42:13,2020-10-21 13:42:28
26,0,0,2020-10-21 13:42:20,2020-10-21 13:42:42
28,21,407,2020-10-21 13:42:21,2020-10-21 13:42:38
21,0,401,2020-10-21 13:42:28,2020-10-21 13:42:38
97,0,0,2020-10-21 13:42:32,2020-10-21 13:52:15
120,102,405,2020-10-21 13:42:34,2020-10-21 13:43:07
21,0,301,2020-10-21 13:42:38,2020-10-21 13:45:28
28,21,228,2020-10-21 13:42:38,2020-10-21 15:02:54
26,0,0,2020-10-21 13:42:42,2020-10-21 13:52:30
55,20,415,2020-10-21 13:42:43,2020-10-21 13:43:32
96,87,326,2020-10-21 13:42:57,2020-10-21 13:43:16
8,0,0,2020-10-21 13:43:01,2020-10-21 13:46:06
48,0,0,2020-10-21 13:43:03,2020-10-21 13:52:00
120,102,406,2020-10-21 13:43:07,2020-10-21 13:43:23
46,0,0,2020-10-21 13:43:11,2020-10-21 13:51:22
96,87,320,2020-10-21 13:43:16,2020-10-21 13:44:31
120,102,228,2020-10-21 13:43:23,2020-10-21 16:40:12
73,78,301,2020-10-21 13:43:24,2020-10-21 13:43:31
83,55,301,2020-10-21 13:43:25,2020-10-21 13:43:37
73,78,401,2020-10-21 13:43:31,2020-10-21 13:43:47
55,20,241,2020-10-21 13:43:32,2020-10-21 14:18:27
83,55,401,2020-10-21 13:43:37,2020-10-21 13:43:54
16,55,324,2020-10-21 13:43:45,2020-10-21 13:44:51
64,0,0,2020-10-21 13:43:46,2020-10-21 13:46:37
73,78,402,2020-10-21 13:43:47,2020-10-21 13:44:12
83,55,402,2020-10-21 13:43:54,2020-10-21 13:44:10
129,0,0,2020-10-21 13:43:59,2020-10-21 13:53:18
83,55,403,2020-10-21 13:44:10,2020-10-21 13:45:12
73,78,403,2020-10-21 13:44:12,2020-10-21 13:45:10
76,0,0,2020-10-21 13:44:15,2020-10-21 13:54:55
158,135,301,2020-10-21 13:44:20,2020-10-21 13:44:30
158,135,401,2020-10-21 13:44:30,2020-10-21 13:44:47
96,87,315,2020-10-21 13:44:31,2020-10-21 13:45:07
57,0,0,2020-10-21 13:44:36,2020-10-21 13:53:12
51,0,0,2020-10-21 13:44:41,2020-10-21 13:55:55
158,135,402,2020-10-21 13:44:47,2020-10-21 13:45:12
155,0,0,2020-10-21 13:44:50,2020-10-21 13:55:02
16,55,323,2020-10-21 13:44:51,2020-10-21 13:45:20
96,87,117,2020-10-21 13:45:07,2020-10-21 15:45:04
73,78,412,2020-10-21 13:45:10,2020-10-21 13:46:19
83,55,412,2020-10-21 13:45:12,2020-10-21 13:45:42
158,135,403,2020-10-21 13:45:12,2020-10-21 13:46:06
16,55,169,2020-10-21 13:45:20,2020-10-21 16:21:50
146,0,0,2020-10-21 13:45:24,2020-10-21 13:55:06
21,0,0,2020-10-21 13:45:28,2020-10-21 13:50:18
28,24,0,2020-10-21 13:45:35,2020-10-21 13:46:20
93,49,0,2020-10-21 13:45:40,2020-10-21 13:46:21
83,55,411,2020-10-21 13:45:42,2020-10-21 13:46:04
122,0,0,2020-10-21 13:45:54,2020-10-21 13:56:04
83,55,234,2020-10-21 13:46:04,2020-10-21 16:41:31
158,135,412,2020-10-21 13:46:06,2020-10-21 13:47:11
8,0,0,2020-10-21 13:46:06,2020-10-21 13:56:13
66,0,252,2020-10-21 13:46:17,2020-10-21 13:46:59
73,78,415,2020-10-21 13:46:19,2020-10-21 13:46:58
28,24,326,2020-10-21 13:46:20,2020-10-21 13:46:39
93,49,326,2020-10-21 13:46:21,2020-10-21 13:46:39
17,0,0,2020-10-21 13:46:26,2020-10-21 13:56:31
64,0,0,2020-10-21 13:46:37,2020-10-21 13:57:52
28,24,320,2020-10-21 13:46:39,2020-10-21 13:47:54
93,49,320,2020-10-21 13:46:39,2020-10-21 13:47:59
147,0,0,2020-10-21 13:46:40,2020-10-21 13:56:26
73,78,416,2020-10-21 13:46:58,2020-10-21 13:47:13
66,0,421,2020-10-21 13:46:59,2020-10-21 13:48:23
58,0,0,2020-10-21 13:47:07,2020-10-21 13:56:10
158,135,415,2020-10-21 13:47:11,2020-10-21 13:47:42
73,78,242,2020-10-21 13:47:13,2020-10-21 13:52:30
131,93,136,2020-10-21 13:47:28,2020-10-21 13:47:51
158,135,240,2020-10-21 13:47:42,2020-10-21 14:43:08
146,0,0,2020-10-21 13:47:48,2020-10-21 13:45:24
75,64,0,2020-10-21 13:47:49,2020-10-21 13:52:33
94,0,0,2020-10-21 13:47:51,2020-10-21 13:58:33
62,0,0,2020-10-21 13:47:51,2020-10-21 13:58:22
131,93,304,2020-10-21 13:47:51,2020-10-21 13:48:22
28,24,315,2020-10-21 13:47:54,2020-10-21 13:48:30
4,49,252,2020-10-21 13:47:56,2020-10-21 13:48:30
93,49,315,2020-10-21 13:47:59,2020-10-21 13:49:51
89,0,0,2020-10-21 13:48:17,2020-10-21 13:50:49
131,93,303,2020-10-21 13:48:22,2020-10-21 13:50:04
66,0,325,2020-10-21 13:48:23,2020-10-21 13:54:03
4,49,419,2020-10-21 13:48:30,2020-10-21 13:48:43
28,24,117,2020-10-21 13:48:30,2020-10-21 13:37:41
4,49,418,2020-10-21 13:48:43,2020-10-21 13:50:59
150,0,0,2020-10-21 13:49:20,2020-10-21 14:00:58
84,0,0,2020-10-21 13:49:20,2020-10-21 13:58:47
127,0,0,2020-10-21 13:49:33,2020-10-21 13:58:10
93,49,303,2020-10-21 13:49:51,2020-10-21 13:50:20
70,7,0,2020-10-21 13:50:00,2020-10-21 13:53:00
118,0,0,2020-10-21 13:50:03,2020-10-21 13:59:32
131,93,315,2020-10-21 13:50:04,2020-10-21 13:51:08
23,0,128,2020-10-21 13:50:14,2020-10-21 13:50:43
21,0,0,2020-10-21 13:50:18,2020-10-21 14:02:48
93,49,304,2020-10-21 13:50:20,2020-10-21 13:50:38
110,0,0,2020-10-21 13:50:23,2020-10-21 14:00:56
93,49,136,2020-10-21 13:50:38,2020-10-21 15:54:58
82,0,0,2020-10-21 13:50:40,2020-10-21 13:59:26
90,69,0,2020-10-21 13:50:40,2020-10-21 13:51:21
23,0,306,2020-10-21 13:50:43,2020-10-21 13:55:51
89,0,0,2020-10-21 13:50:49,2020-10-21 14:00:51
35,0,0,2020-10-21 13:50:51,2020-10-21 14:03:05
4,49,409,2020-10-21 13:50:59,2020-10-21 13:51:09
131,93,320,2020-10-21 13:51:08,2020-10-21 13:51:43
4,49,312,2020-10-21 13:51:09,2020-10-21 13:51:59
90,69,326,2020-10-21 13:51:21,2020-10-21 13:51:39
46,0,0,2020-10-21 13:51:22,2020-10-21 14:00:51
90,69,320,2020-10-21 13:51:39,2020-10-21 13:52:59
131,93,142,2020-10-21 13:51:43,2020-10-21 16:10:02
60,0,0,2020-10-21 13:51:43,2020-10-21 14:01:26
4,49,308,2020-10-21 13:51:59,2020-10-21 13:52:29
48,0,0,2020-10-21 13:52:00,2020-10-21 14:01:19
107,0,0,2020-10-21 13:52:12,2020-10-21 14:00:51
71,85,239,2020-10-21 13:52:13,2020-10-21 13:52:35
97,0,0,2020-10-21 13:52:15,2020-10-21 14:02:45
4,49,309,2020-10-21 13:52:29,2020-10-21 13:52:39
26,0,0,2020-10-21 13:52:30,2020-10-21 14:02:16
73,0,242,2020-10-21 13:52:30,2020-10-21 13:52:46
75,64,325,2020-10-21 13:52:33,2020-10-21 13:53:46
71,85,415,2020-10-21 13:52:35,2020-10-21 13:53:56
4,49,310,2020-10-21 13:52:39,2020-10-21 13:53:17
73,0,416,2020-10-21 13:52:46,2020-10-21 13:53:18
90,69,315,2020-10-21 13:52:59,2020-10-21 13:54:51
70,7,301,2020-10-21 13:53:00,2020-10-21 13:53:29
57,0,0,2020-10-21 13:53:12,2020-10-21 14:04:27
4,49,160,2020-10-21 13:53:17,2020-10-21 14:32:03
12,0,160,2020-10-21 13:53:18,2020-10-21 13:53:47
73,0,415,2020-10-21 13:53:18,2020-10-21 13:54:42
129,0,0,2020-10-21 13:53:18,2020-10-21 14:03:33
70,7,302,2020-10-21 13:53:29,2020-10-21 13:53:43
70,7,132,2020-10-21 13:53:43,2020-10-21 15:48:55
75,64,421,2020-10-21 13:53:46,2020-10-21 13:54:09
12,0,310,2020-10-21 13:53:47,2020-10-21 13:53:54
12,0,309,2020-10-21 13:53:54,2020-10-21 13:54:15
142,0,123,2020-10-21 13:53:56,2020-10-21 13:54:15
137,0,145,2020-10-21 13:53:56,2020-10-21 13:55:00
71,85,412,2020-10-21 13:53:56,2020-10-21 13:55:29
66,0,0,2020-10-21 13:54:03,2020-10-21 13:58:03
75,64,419,2020-10-21 13:54:09,2020-10-21 13:54:53
142,0,303,2020-10-21 13:54:15,2020-10-21 13:55:34
12,0,308,2020-10-21 13:54:15,2020-10-21 13:55:01
73,0,412,2020-10-21 13:54:42,2020-10-21 13:55:59
90,69,303,2020-10-21 13:54:51,2020-10-21 13:55:20
75,64,253,2020-10-21 13:54:53,2020-10-21 14:17:59
76,0,0,2020-10-21 13:54:55,2020-10-21 14:03:41
137,0,320,2020-10-21 13:55:00,2020-10-21 13:55:23
12,0,307,2020-10-21 13:55:01,2020-10-21 14:01:27
155,0,0,2020-10-21 13:55:02,2020-10-21 14:05:36
146,0,0,2020-10-21 13:55:06,2020-10-21 14:06:42
90,69,304,2020-10-21 13:55:20,2020-10-21 13:55:38
137,0,326,2020-10-21 13:55:23,2020-10-21 13:56:11
71,85,403,2020-10-21 13:55:29,2020-10-21 13:56:04
142,0,315,2020-10-21 13:55:34,2020-10-21 13:57:06
90,69,136,2020-10-21 13:55:38,2020-10-21 15:03:29
92,0,151,2020-10-21 13:55:47,2020-10-21 13:56:29
23,0,0,2020-10-21 13:55:51,2020-10-21 13:59:25
51,0,0,2020-10-21 13:55:55,2020-10-21 14:05:17
73,0,403,2020-10-21 13:55:59,2020-10-21 13:56:24
122,0,0,2020-10-21 13:56:04,2020-10-21 14:06:30
71,85,402,2020-10-21 13:56:04,2020-10-21 13:56:19
58,0,0,2020-10-21 13:56:10,2020-10-21 14:06:14
137,0,0,2020-10-21 13:56:11,2020-10-21 14:03:54
8,0,0,2020-10-21 13:56:13,2020-10-21 14:08:28
71,85,401,2020-10-21 13:56:19,2020-10-21 13:56:28
73,0,402,2020-10-21 13:56:24,2020-10-21 13:56:38
147,0,0,2020-10-21 13:56:26,2020-10-21 14:07:35
71,85,301,2020-10-21 13:56:28,2020-10-21 13:56:57
92,0,309,2020-10-21 13:56:29,2020-10-21 13:56:50
17,0,0,2020-10-21 13:56:31,2020-10-21 14:06:52
73,0,401,2020-10-21 13:56:38,2020-10-21 13:56:47
73,0,301,2020-10-21 13:56:47,2020-10-21 14:01:14
92,0,308,2020-10-21 13:56:50,2020-10-21 13:57:31
71,85,302,2020-10-21 13:56:57,2020-10-21 13:57:17
142,0,320,2020-10-21 13:57:06,2020-10-21 13:57:27
71,85,303,2020-10-21 13:57:17,2020-10-21 13:57:47
142,0,326,2020-10-21 13:57:27,2020-10-21 13:58:13
92,0,307,2020-10-21 13:57:31,2020-10-21 14:02:05
71,85,304,2020-10-21 13:57:47,2020-10-21 13:58:19
64,0,0,2020-10-21 13:57:52,2020-10-21 14:08:12
66,0,0,2020-10-21 13:58:03,2020-10-21 14:07:34
127,0,0,2020-10-21 13:58:10,2020-10-21 14:08:47
142,0,0,2020-10-21 13:58:13,2020-10-21 14:03:12
71,85,305,2020-10-21 13:58:19,2020-10-21 13:58:54
62,0,0,2020-10-21 13:58:22,2020-10-21 14:06:47
94,0,0,2020-10-21 13:58:33,2020-10-21 14:08:51
84,143,0,2020-10-21 13:58:47,2020-10-21 13:59:13
71,85,306,2020-10-21 13:58:54,2020-10-21 13:59:09
71,85,129,2020-10-21 13:59:09,2020-10-21 15:43:02
84,143,326,2020-10-21 13:59:13,2020-10-21 14:00:00
19,0,203,2020-10-21 13:59:20,2020-10-21 13:59:46
23,0,0,2020-10-21 13:59:25,2020-10-21 14:09:36
82,0,0,2020-10-21 13:59:26,2020-10-21 14:10:05
118,0,0,2020-10-21 13:59:32,2020-10-21 14:09:04
19,0,402,2020-10-21 13:59:46,2020-10-21 13:59:58
19,0,401,2020-10-21 13:59:58,2020-10-21 14:00:09
84,143,102,2020-10-21 14:00:00,2020-10-21 14:01:04
19,0,301,2020-10-21 14:00:09,2020-10-21 14:02:26
145,135,202,2020-10-21 14:00:38,2020-10-21 14:00:53
160,0,139,2020-10-21 14:00:41,2020-10-21 14:01:10
89,0,0,2020-10-21 14:00:51,2020-10-21 14:11:47
107,0,0,2020-10-21 14:00:51,2020-10-21 14:10:41
46,0,0,2020-10-21 14:00:51,2020-10-21 14:09:05
145,135,402,2020-10-21 14:00:53,2020-10-21 14:01:26
110,100,0,2020-10-21 14:00:56,2020-10-21 14:01:43
150,135,0,2020-10-21 14:00:58,2020-10-21 14:04:22
84,143,321,2020-10-21 14:01:04,2020-10-21 14:03:22
160,0,306,2020-10-21 14:01:10,2020-10-21 14:05:34
73,0,0,2020-10-21 14:01:14,2020-10-21 14:04:01
48,0,0,2020-10-21 14:01:19,2020-10-21 14:13:16
60,0,0,2020-10-21 14:01:26,2020-10-21 14:14:12
145,135,403,2020-10-21 14:01:26,2020-10-21 14:03:05
12,0,0,2020-10-21 14:01:27,2020-10-21 14:03:28
110,100,326,2020-10-21 14:01:43,2020-10-21 14:02:31
102,0,133,2020-10-21 14:01:45,2020-10-21 14:02:02
50,0,110,2020-10-21 14:01:57,2020-10-21 14:02:19
102,0,302,2020-10-21 14:02:02,2020-10-21 14:02:32
92,0,0,2020-10-21 14:02:05,2020-10-21 14:08:35
26,0,0,2020-10-21 14:02:16,2020-10-21 14:11:44
50,0,317,2020-10-21 14:02:19,2020-10-21 14:02:52
19,0,0,2020-10-21 14:02:26,2020-10-21 14:08:43
110,100,102,2020-10-21 14:02:31,2020-10-21 14:03:55
102,0,301,2020-10-21 14:02:32,2020-10-21 14:04:57
97,0,0,2020-10-21 14:02:45,2020-10-21 14:11:05
10,74,133,2020-10-21 14:02:47,2020-10-21 14:03:08
21,0,0,2020-10-21 14:02:48,2020-10-21 14:12:45
50,0,316,2020-10-21 14:02:52,2020-10-21 14:03:34
35,0,0,2020-10-21 14:03:05,2020-10-21 14:12:44
145,135,412,2020-10-21 14:03:05,2020-10-21 14:03:58
10,74,302,2020-10-21 14:03:08,2020-10-21 14:03:25
142,0,0,2020-10-21 14:03:12,2020-10-21 14:13:02
103,0,226,2020-10-21 14:03:12,2020-10-21 14:03:44
84,143,322,2020-10-21 14:03:22,2020-10-21 14:03:39
10,74,301,2020-10-21 14:03:25,2020-10-21 14:03:33
12,0,0,2020-10-21 14:03:28,2020-10-21 14:13:03
10,74,401,2020-10-21 14:03:33,2020-10-21 14:03:48
129,0,0,2020-10-21 14:03:33,2020-10-21 14:12:23
50,0,315,2020-10-21 14:03:34,2020-10-21 14:04:14
84,143,323,2020-10-21 14:03:39,2020-10-21 14:04:29
76,0,0,2020-10-21 14:03:41,2020-10-21 14:13:27
156,0,128,2020-10-21 14:03:43,2020-10-21 14:04:12
103,0,405,2020-10-21 14:03:44,2020-10-21 14:04:16
10,74,402,2020-10-21 14:03:48,2020-10-21 14:04:19
137,0,0,2020-10-21 14:03:54,2020-10-21 14:14:00
110,100,321,2020-10-21 14:03:55,2020-10-21 14:06:20
145,135,415,2020-10-21 14:03:58,2020-10-21 14:04:40
73,0,0,2020-10-21 14:04:01,2020-10-21 14:11:55
156,0,306,2020-10-21 14:04:12,2020-10-21 14:09:20
50,0,320,2020-10-21 14:04:14,2020-10-21 14:04:29
103,0,404,2020-10-21 14:04:16,2020-10-21 14:04:59
10,74,403,2020-10-21 14:04:19,2020-10-21 14:04:45
150,135,301,2020-10-21 14:04:22,2020-10-21 14:04:34
57,50,0,2020-10-21 14:04:27,2020-10-21 14:07:30
84,143,173,2020-10-21 14:04:29,2020-10-21 14:35:02
50,0,326,2020-10-21 14:04:29,2020-10-21 14:05:10
150,135,401,2020-10-21 14:04:34,2020-10-21 14:04:47
145,135,416,2020-10-21 14:04:40,2020-10-21 14:05:12
10,74,404,2020-10-21 14:04:45,2020-10-21 14:05:04
150,135,402,2020-10-21 14:04:47,2020-10-21 14:05:11
102,0,0,2020-10-21 14:04:57,2020-10-21 14:10:22
103,0,403,2020-10-21 14:04:59,2020-10-21 14:05:39
10,74,405,2020-10-21 14:05:04,2020-10-21 14:05:49
50,0,0,2020-10-21 14:05:10,2020-10-21 14:13:06
150,135,403,2020-10-21 14:05:11,2020-10-21 14:06:31
145,135,243,2020-10-21 14:05:12,2020-10-21 15:13:33
51,0,0,2020-10-21 14:05:17,2020-10-21 14:14:55
160,0,0,2020-10-21 14:05:34,2020-10-21 14:12:40
155,0,0,2020-10-21 14:05:36,2020-10-21 14:17:47
103,0,402,2020-10-21 14:05:39,2020-10-21 14:05:54
10,74,406,2020-10-21 14:05:49,2020-10-21 14:06:05
103,0,401,2020-10-21 14:05:54,2020-10-21 14:06:04
103,0,301,2020-10-21 14:06:04,2020-10-21 14:08:54
10,74,228,2020-10-21 14:06:05,2020-10-21 15:02:33
58,40,0,2020-10-21 14:06:14,2020-10-21 14:09:12
110,100,322,2020-10-21 14:06:20,2020-10-21 14:06:40
122,0,0,2020-10-21 14:06:30,2020-10-21 14:16:34
150,135,412,2020-10-21 14:06:31,2020-10-21 14:07:55
148,138,173,2020-10-21 14:06:40,2020-10-21 14:07:42
110,100,323,2020-10-21 14:06:40,2020-10-21 14:07:11
146,130,0,2020-10-21 14:06:42,2020-10-21 14:09:45
62,0,0,2020-10-21 14:06:47,2020-10-21 14:16:07
17,0,0,2020-10-21 14:06:52,2020-10-21 14:16:49
110,100,172,2020-10-21 14:07:11,2020-10-21 15:07:34
57,50,301,2020-10-21 14:07:30,2020-10-21 14:07:39
66,0,0,2020-10-21 14:07:34,2020-10-21 14:17:58
147,133,0,2020-10-21 14:07:35,2020-10-21 14:10:33
57,50,401,2020-10-21 14:07:39,2020-10-21 14:07:48
148,138,323,2020-10-21 14:07:42,2020-10-21 14:08:01
57,50,402,2020-10-21 14:07:48,2020-10-21 14:08:09
150,135,415,2020-10-21 14:07:55,2020-10-21 14:08:29
148,138,322,2020-10-21 14:08:01,2020-10-21 14:08:51
57,50,403,2020-10-21 14:08:09,2020-10-21 14:09:33
64,74,0,2020-10-21 14:08:12,2020-10-21 14:11:03
86,0,204,2020-10-21 14:08:18,2020-10-21 14:08:33
134,0,161,2020-10-21 14:08:18,2020-10-21 14:09:06
8,0,0,2020-10-21 14:08:28,2020-10-21 14:16:50
150,135,241,2020-10-21 14:08:29,2020-10-21 14:49:21
86,0,403,2020-10-21 14:08:33,2020-10-21 14:09:09
92,44,0,2020-10-21 14:08:35,2020-10-21 14:11:37
19,11,0,2020-10-21 14:08:43,2020-10-21 14:10:47
127,0,0,2020-10-21 14:08:47,2020-10-21 14:19:20
148,138,319,2020-10-21 14:08:51,2020-10-21 14:09:37
94,0,0,2020-10-21 14:08:51,2020-10-21 14:20:36
103,0,0,2020-10-21 14:08:54,2020-10-21 14:12:41
118,0,0,2020-10-21 14:09:04,2020-10-21 14:17:48
46,47,0,2020-10-21 14:09:05,2020-10-21 14:15:04
134,0,310,2020-10-21 14:09:06,2020-10-21 14:09:11
86,0,402,2020-10-21 14:09:09,2020-10-21 14:09:23
134,0,309,2020-10-21 14:09:11,2020-10-21 14:09:45
58,40,301,2020-10-21 14:09:12,2020-10-21 14:09:21
156,0,0,2020-10-21 14:09:20,2020-10-21 14:13:58
58,40,401,2020-10-21 14:09:21,2020-10-21 14:09:36
86,0,401,2020-10-21 14:09:23,2020-10-21 14:09:33
99,0,145,2020-10-21 14:09:26,2020-10-21 14:10:30
57,50,412,2020-10-21 14:09:33,2020-10-21 14:10:56
86,0,301,2020-10-21 14:09:33,2020-10-21 14:11:40
58,40,402,2020-10-21 14:09:36,2020-10-21 14:10:00
23,0,0,2020-10-21 14:09:36,2020-10-21 14:18:59
148,138,318,2020-10-21 14:09:37,2020-10-21 14:10:07
146,130,301,2020-10-21 14:09:45,2020-10-21 14:09:54
134,0,308,2020-10-21 14:09:45,2020-10-21 14:10:15
146,130,401,2020-10-21 14:09:54,2020-10-21 14:10:03
58,40,403,2020-10-21 14:10:00,2020-10-21 14:10:42
146,130,402,2020-10-21 14:10:03,2020-10-21 14:10:24
82,0,0,2020-10-21 14:10:05,2020-10-21 14:20:19
148,138,308,2020-10-21 14:10:07,2020-10-21 14:11:00
134,0,307,2020-10-21 14:10:15,2020-10-21 14:16:42
102,0,0,2020-10-21 14:10:22,2020-10-21 14:20:23
146,130,403,2020-10-21 14:10:24,2020-10-21 14:11:48
99,0,320,2020-10-21 14:10:30,2020-10-21 14:10:53
53,0,104,2020-10-21 14:10:30,2020-10-21 14:10:57
147,133,301,2020-10-21 14:10:33,2020-10-21 14:10:42
107,0,0,2020-10-21 14:10:41,2020-10-21 14:20:55
147,133,401,2020-10-21 14:10:42,2020-10-21 14:10:57
58,40,404,2020-10-21 14:10:42,2020-10-21 14:11:06
19,11,301,2020-10-21 14:10:47,2020-10-21 14:10:58
99,0,326,2020-10-21 14:10:53,2020-10-21 14:11:41
57,50,415,2020-10-21 14:10:56,2020-10-21 14:11:15
53,0,315,2020-10-21 14:10:57,2020-10-21 14:12:19
147,133,402,2020-10-21 14:10:57,2020-10-21 14:11:21
19,11,401,2020-10-21 14:10:58,2020-10-21 14:11:15
148,138,307,2020-10-21 14:11:00,2020-10-21 14:11:56
64,74,301,2020-10-21 14:11:03,2020-10-21 14:11:13
97,0,0,2020-10-21 14:11:05,2020-10-21 14:20:48
58,40,405,2020-10-21 14:11:06,2020-10-21 14:11:23
116,0,153,2020-10-21 14:11:09,2020-10-21 14:11:37
64,74,401,2020-10-21 14:11:13,2020-10-21 14:11:32
19,11,402,2020-10-21 14:11:15,2020-10-21 14:11:42
57,50,414,2020-10-21 14:11:15,2020-10-21 14:11:36
147,133,403,2020-10-21 14:11:21,2020-10-21 14:12:03
58,40,225,2020-10-21 14:11:23,2020-10-21 17:10:33
64,74,402,2020-10-21 14:11:32,2020-10-21 14:12:01
57,50,245,2020-10-21 14:11:36,2020-10-21 15:25:27
92,44,301,2020-10-21 14:11:37,2020-10-21 14:11:46
116,0,313,2020-10-21 14:11:37,2020-10-21 14:19:11
86,0,0,2020-10-21 14:11:40,2020-10-21 14:17:55
99,0,0,2020-10-21 14:11:41,2020-10-21 14:19:26
19,11,403,2020-10-21 14:11:42,2020-10-21 14:12:15
26,0,0,2020-10-21 14:11:44,2020-10-21 14:22:13
92,44,401,2020-10-21 14:11:46,2020-10-21 14:11:57
89,0,0,2020-10-21 14:11:47,2020-10-21 14:21:32
146,130,412,2020-10-21 14:11:48,2020-10-21 14:13:11
73,0,0,2020-10-21 14:11:55,2020-10-21 14:21:50
148,138,140,2020-10-21 14:11:56,2020-10-21 15:44:04
92,44,402,2020-10-21 14:11:57,2020-10-21 14:12:29
64,74,403,2020-10-21 14:12:01,2020-10-21 14:12:11
147,133,404,2020-10-21 14:12:03,2020-10-21 14:12:27
64,74,204,2020-10-21 14:12:11,2020-10-21 16:52:40
19,11,221,2020-10-21 14:12:15,2020-10-21 18:19:03
53,0,320,2020-10-21 14:12:19,2020-10-21 14:12:50
129,0,0,2020-10-21 14:12:23,2020-10-21 14:21:33
147,133,405,2020-10-21 14:12:27,2020-10-21 14:12:44
92,44,403,2020-10-21 14:12:29,2020-10-21 14:14:00
74,0,223,2020-10-21 14:12:36,2020-10-21 14:12:48
160,0,0,2020-10-21 14:12:40,2020-10-21 14:22:25
103,113,0,2020-10-21 14:12:41,2020-10-21 14:13:43
35,0,0,2020-10-21 14:12:44,2020-10-21 14:23:01
147,133,225,2020-10-21 14:12:44,2020-10-21 16:26:38
21,19,0,2020-10-21 14:12:45,2020-10-21 14:13:30
74,0,404,2020-10-21 14:12:48,2020-10-21 14:13:34
53,0,326,2020-10-21 14:12:50,2020-10-21 14:13:30
34,0,139,2020-10-21 14:12:51,2020-10-21 14:13:20
142,91,0,2020-10-21 14:13:02,2020-10-21 14:13:58
12,0,0,2020-10-21 14:13:03,2020-10-21 14:22:49
50,0,0,2020-10-21 14:13:06,2020-10-21 14:25:07
146,130,415,2020-10-21 14:13:11,2020-10-21 14:13:30
48,0,0,2020-10-21 14:13:16,2020-10-21 14:24:10
34,0,306,2020-10-21 14:13:20,2020-10-21 14:17:44
76,0,0,2020-10-21 14:13:27,2020-10-21 14:21:31
146,130,414,2020-10-21 14:13:30,2020-10-21 14:13:51
53,0,0,2020-10-21 14:13:30,2020-10-21 14:18:27
21,19,326,2020-10-21 14:13:30,2020-10-21 14:13:49
74,0,403,2020-10-21 14:13:34,2020-10-21 14:14:01
67,0,127,2020-10-21 14:13:35,2020-10-21 14:14:05
39,85,142,2020-10-21 14:13:39,2020-10-21 14:14:15
103,113,326,2020-10-21 14:13:43,2020-10-21 14:14:25
21,19,320,2020-10-21 14:13:49,2020-10-21 14:15:01
146,130,245,2020-10-21 14:13:51,2020-10-21 15:07:52
156,0,0,2020-10-21 14:13:58,2020-10-21 14:23:01
142,91,326,2020-10-21 14:13:58,2020-10-21 14:14:16
92,44,412,2020-10-21 14:14:00,2020-10-21 14:15:41
137,0,0,2020-10-21 14:14:00,2020-10-21 14:23:44
74,0,402,2020-10-21 14:14:01,2020-10-21 14:14:11
67,0,305,2020-10-21 14:14:05,2020-10-21 14:14:32
74,0,401,2020-10-21 14:14:11,2020-10-21 14:14:20
60,0,0,2020-10-21 14:14:12,2020-10-21 14:23:34
39,85,320,2020-10-21 14:14:15,2020-10-21 14:14:52
142,91,320,2020-10-21 14:14:16,2020-10-21 14:15:53
74,0,301,2020-10-21 14:14:20,2020-10-21 14:16:55
103,113,102,2020-10-21 14:14:25,2020-10-21 14:15:39
67,0,304,2020-10-21 14:14:32,2020-10-21 14:15:06
39,85,102,2020-10-21 14:14:52,2020-10-21 16:21:47
51,39,0,2020-10-21 14:14:55,2020-10-21 14:15:41
21,19,315,2020-10-21 14:15:01,2020-10-21 14:15:31
46,47,312,2020-10-21 14:15:04,2020-10-21 14:15:54
67,0,303,2020-10-21 14:15:06,2020-10-21 14:15:22
67,0,302,2020-10-21 14:15:22,2020-10-21 14:15:50
21,19,316,2020-10-21 14:15:31,2020-10-21 14:16:02
103,113,321,2020-10-21 14:15:39,2020-10-21 14:16:36
51,39,326,2020-10-21 14:15:41,2020-10-21 14:15:59
92,44,415,2020-10-21 14:15:41,2020-10-21 14:16:14
67,0,301,2020-10-21 14:15:50,2020-10-21 14:18:35
142,91,315,2020-10-21 14:15:53,2020-10-21 14:16:26
46,47,308,2020-10-21 14:15:54,2020-10-21 14:16:23
51,39,320,2020-10-21 14:15:59,2020-10-21 14:16:49
21,19,317,2020-10-21 14:16:02,2020-10-21 14:18:06
62,0,0,2020-10-21 14:16:07,2020-10-21 14:25:47
92,44,249,2020-10-21 14:16:14,2020-10-21 16:31:40
138,0,133,2020-10-21 14:16:19,2020-10-21 14:16:36
46,47,309,2020-10-21 14:16:23,2020-10-21 14:16:36
142,91,316,2020-10-21 14:16:26,2020-10-21 14:17:03
122,0,0,2020-10-21 14:16:34,2020-10-21 14:25:31
46,47,150,2020-10-21 14:16:36,2020-10-21 17:05:26
138,0,302,2020-10-21 14:16:36,2020-10-21 14:17:06
103,113,178,2020-10-21 14:16:36,2020-10-21 15:19:16
123,91,118,2020-10-21 14:16:42,2020-10-21 14:17:01
134,0,0,2020-10-21 14:16:42,2020-10-21 14:17:59
17,140,0,2020-10-21 14:16:49,2020-10-21 14:23:41
51,39,315,2020-10-21 14:16:49,2020-10-21 14:17:27
8,0,0,2020-10-21 14:16:50,2020-10-21 14:26:25
74,0,0,2020-10-21 14:16:55,2020-10-21 14:21:32
123,91,316,2020-10-21 14:17:01,2020-10-21 14:17:25
142,91,317,2020-10-21 14:17:03,2020-10-21 14:18:59
138,0,301,2020-10-21 14:17:06,2020-10-21 14:19:31
69,0,172,2020-10-21 14:17:14,2020-10-21 14:17:42
123,91,315,2020-10-21 14:17:25,2020-10-21 14:18:49
51,39,316,2020-10-21 14:17:27,2020-10-21 14:18:07
141,0,119,2020-10-21 14:17:34,2020-10-21 14:17:49
69,0,323,2020-10-21 14:17:42,2020-10-21 14:18:02
34,0,0,2020-10-21 14:17:44,2020-10-21 14:24:10
155,0,0,2020-10-21 14:17:47,2020-10-21 14:28:43
118,0,0,2020-10-21 14:17:48,2020-10-21 14:27:03
141,0,317,2020-10-21 14:17:49,2020-10-21 14:18:39
86,0,0,2020-10-21 14:17:55,2020-10-21 14:27:55
66,0,0,2020-10-21 14:17:58,2020-10-21 14:26:34
75,0,253,2020-10-21 14:17:59,2020-10-21 14:18:38
134,0,0,2020-10-21 14:17:59,2020-10-21 14:28:56
69,0,322,2020-10-21 14:18:02,2020-10-21 14:18:42
21,19,319,2020-10-21 14:18:06,2020-10-21 14:19:14
51,39,317,2020-10-21 14:18:07,2020-10-21 14:18:33
53,86,0,2020-10-21 14:18:27,2020-10-21 14:21:43
55,0,241,2020-10-21 14:18:27,2020-10-21 14:19:25
51,39,110,2020-10-21 14:18:33,2020-10-21 16:55:08
67,0,0,2020-10-21 14:18:35,2020-10-21 14:23:00
75,0,419,2020-10-21 14:18:38,2020-10-21 14:19:03
141,0,316,2020-10-21 14:18:39,2020-10-21 14:19:24
69,0,325,2020-10-21 14:18:42,2020-10-21 14:23:05
101,0,149,2020-10-21 14:18:44,2020-10-21 14:19:07
123,91,303,2020-10-21 14:18:49,2020-10-21 14:19:13
23,0,0,2020-10-21 14:18:59,2020-10-21 14:29:12
142,91,319,2020-10-21 14:18:59,2020-10-21 14:19:36
75,0,421,2020-10-21 14:19:03,2020-10-21 14:21:03
101,0,308,2020-10-21 14:19:07,2020-10-21 14:19:52
116,0,0,2020-10-21 14:19:11,2020-10-21 14:21:25
123,91,302,2020-10-21 14:19:13,2020-10-21 14:19:24
21,19,318,2020-10-21 14:19:14,2020-10-21 14:19:31
127,0,0,2020-10-21 14:19:20,2020-10-21 14:28:49
123,91,132,2020-10-21 14:19:24,2020-10-21 17:24:02
141,0,315,2020-10-21 14:19:24,2020-10-21 14:20:26
55,0,415,2020-10-21 14:19:25,2020-10-21 14:20:42
99,102,0,2020-10-21 14:19:26,2020-10-21 14:20:09
138,0,0,2020-10-21 14:19:31,2020-10-21 14:26:51
21,19,155,2020-10-21 14:19:31,2020-10-21 18:06:45
142,91,318,2020-10-21 14:19:36,2020-10-21 14:19:51
88,0,153,2020-10-21 14:19:49,2020-10-21 14:20:17
142,91,156,2020-10-21 14:19:51,2020-10-21 16:08:05
101,0,307,2020-10-21 14:19:52,2020-10-21 14:25:47
49,0,254,2020-10-21 14:20:04,2020-10-21 14:20:38
68,32,246,2020-10-21 14:20:05,2020-10-21 14:20:17
99,102,326,2020-10-21 14:20:09,2020-10-21 14:20:29
88,0,313,2020-10-21 14:20:17,2020-10-21 14:27:51
68,32,414,2020-10-21 14:20:17,2020-10-21 14:20:38
82,0,0,2020-10-21 14:20:19,2020-10-21 14:29:51
102,0,0,2020-10-21 14:20:23,2020-10-21 14:30:55
141,0,320,2020-10-21 14:20:26,2020-10-21 14:20:47
99,102,320,2020-10-21 14:20:29,2020-10-21 14:21:19
94,6,0,2020-10-21 14:20:36,2020-10-21 14:22:19
68,32,415,2020-10-21 14:20:38,2020-10-21 14:22:03
49,0,418,2020-10-21 14:20:38,2020-10-21 14:20:46
55,0,412,2020-10-21 14:20:42,2020-10-21 14:21:27
49,0,419,2020-10-21 14:20:46,2020-10-21 14:21:08
141,0,326,2020-10-21 14:20:47,2020-10-21 14:21:27
97,0,0,2020-10-21 14:20:48,2020-10-21 14:30:57
107,119,0,2020-10-21 14:20:55,2020-10-21 14:24:17
75,0,325,2020-10-21 14:21:03,2020-10-21 14:27:03
49,0,421,2020-10-21 14:21:08,2020-10-21 14:23:17
99,102,315,2020-10-21 14:21:19,2020-10-21 14:21:55
116,0,0,2020-10-21 14:21:25,2020-10-21 14:31:46
141,0,0,2020-10-21 14:21:27,2020-10-21 14:27:18
55,0,403,2020-10-21 14:21:27,2020-10-21 14:21:53
128,108,154,2020-10-21 14:21:27,2020-10-21 14:22:09
76,0,0,2020-10-21 14:21:31,2020-10-21 14:32:21
89,0,0,2020-10-21 14:21:32,2020-10-21 14:29:36
74,31,0,2020-10-21 14:21:32,2020-10-21 14:23:39
129,0,0,2020-10-21 14:21:33,2020-10-21 14:31:06
95,0,119,2020-10-21 14:21:33,2020-10-21 14:21:48
53,86,312,2020-10-21 14:21:43,2020-10-21 14:22:40
95,0,317,2020-10-21 14:21:48,2020-10-21 14:22:38
73,0,0,2020-10-21 14:21:50,2020-10-21 14:31:25
55,0,402,2020-10-21 14:21:53,2020-10-21 14:22:10
99,102,316,2020-10-21 14:21:55,2020-10-21 14:22:19
68,32,412,2020-10-21 14:22:03,2020-10-21 14:22:28
128,108,308,2020-10-21 14:22:09,2020-10-21 14:23:12
55,0,401,2020-10-21 14:22:10,2020-10-21 14:22:18
26,76,0,2020-10-21 14:22:13,2020-10-21 14:28:02
55,0,301,2020-10-21 14:22:18,2020-10-21 14:24:56
94,6,301,2020-10-21 14:22:19,2020-10-21 14:22:29
99,102,317,2020-10-21 14:22:19,2020-10-21 14:24:04
160,137,0,2020-10-21 14:22:25,2020-10-21 14:23:26
68,32,411,2020-10-21 14:22:28,2020-10-21 14:22:55
94,6,401,2020-10-21 14:22:29,2020-10-21 14:22:50
95,0,316,2020-10-21 14:22:38,2020-10-21 14:23:23
53,86,308,2020-10-21 14:22:40,2020-10-21 14:23:07
12,0,0,2020-10-21 14:22:49,2020-10-21 14:33:15
94,6,402,2020-10-21 14:22:50,2020-10-21 14:23:18
68,32,229,2020-10-21 14:22:55,2020-10-21 15:42:21
67,0,0,2020-10-21 14:23:00,2020-10-21 14:34:37
35,0,0,2020-10-21 14:23:01,2020-10-21 14:34:56
156,0,0,2020-10-21 14:23:01,2020-10-21 14:32:46
69,0,0,2020-10-21 14:23:05,2020-10-21 14:28:05
53,86,309,2020-10-21 14:23:07,2020-10-21 14:23:17
128,108,312,2020-10-21 14:23:12,2020-10-21 14:23:22
53,86,310,2020-10-21 14:23:17,2020-10-21 14:24:12
49,0,325,2020-10-21 14:23:17,2020-10-21 14:28:01
94,6,403,2020-10-21 14:23:18,2020-10-21 14:24:12
128,108,409,2020-10-21 14:23:22,2020-10-21 14:25:03
95,0,315,2020-10-21 14:23:23,2020-10-21 14:24:25
160,137,326,2020-10-21 14:23:26,2020-10-21 14:23:49
60,0,0,2020-10-21 14:23:34,2020-10-21 14:33:56
74,31,301,2020-10-21 14:23:39,2020-10-21 14:23:52
17,140,324,2020-10-21 14:23:41,2020-10-21 14:24:37
137,0,0,2020-10-21 14:23:44,2020-10-21 14:34:08
160,137,320,2020-10-21 14:23:49,2020-10-21 14:25:06
117,0,247,2020-10-21 14:23:50,2020-10-21 14:24:18
74,31,401,2020-10-21 14:23:52,2020-10-21 14:24:07
104,0,245,2020-10-21 14:23:54,2020-10-21 14:24:17
99,102,319,2020-10-21 14:24:04,2020-10-21 14:24:34
74,31,402,2020-10-21 14:24:07,2020-10-21 14:24:37
48,0,0,2020-10-21 14:24:10,2020-10-21 14:34:17
34,0,0,2020-10-21 14:24:10,2020-10-21 14:34:10
53,86,161,2020-10-21 14:24:12,2020-10-21 15:10:55
94,6,404,2020-10-21 14:24:12,2020-10-21 14:24:30
104,0,414,2020-10-21 14:24:17,2020-10-21 14:24:50
107,119,301,2020-10-21 14:24:17,2020-10-21 14:24:25
117,0,414,2020-10-21 14:24:18,2020-10-21 14:24:47
95,0,320,2020-10-21 14:24:25,2020-10-21 14:24:46
107,119,401,2020-10-21 14:24:25,2020-10-21 14:24:36
94,6,223,2020-10-21 14:24:30,2020-10-21 14:43:17
99,102,166,2020-10-21 14:24:34,2020-10-21 16:12:17
107,119,402,2020-10-21 14:24:36,2020-10-21 14:24:53
17,140,177,2020-10-21 14:24:37,2020-10-21 16:33:25
74,31,403,2020-10-21 14:24:37,2020-10-21 14:25:12
95,0,326,2020-10-21 14:24:46,2020-10-21 14:25:26
117,0,415,2020-10-21 14:24:47,2020-10-21 14:25:35
104,0,415,2020-10-21 14:24:50,2020-10-21 14:26:27
107,119,202,2020-10-21 14:24:53,2020-10-21 15:32:56
59,72,169,2020-10-21 14:24:55,2020-10-21 14:25:28
55,0,0,2020-10-21 14:24:56,2020-10-21 14:28:01
128,108,418,2020-10-21 14:25:03,2020-10-21 14:25:14
160,137,315,2020-10-21 14:25:06,2020-10-21 14:25:38
50,0,0,2020-10-21 14:25:07,2020-10-21 14:36:03
74,31,404,2020-10-21 14:25:12,2020-10-21 14:25:42
128,108,419,2020-10-21 14:25:14,2020-10-21 14:25:41
95,0,0,2020-10-21 14:25:26,2020-10-21 14:31:08
59,72,323,2020-10-21 14:25:28,2020-10-21 14:25:48
122,0,0,2020-10-21 14:25:31,2020-10-21 14:35:15
117,0,412,2020-10-21 14:25:35,2020-10-21 14:27:01
160,137,316,2020-10-21 14:25:38,2020-10-21 14:25:55
128,108,421,2020-10-21 14:25:41,2020-10-21 14:26:32
74,31,405,2020-10-21 14:25:42,2020-10-21 14:26:30
62,20,0,2020-10-21 14:25:47,2020-10-21 14:28:45
101,0,0,2020-10-21 14:25:47,2020-10-21 14:28:01
59,72,322,2020-10-21 14:25:48,2020-10-21 14:28:57
160,137,118,2020-10-21 14:25:55,2020-10-21 15:47:18
8,36,0,2020-10-21 14:26:25,2020-10-21 14:27:12
104,0,412,2020-10-21 14:26:27,2020-10-21 14:28:00
74,31,406,2020-10-21 14:26:30,2020-10-21 14:26:59
128,108,417,2020-10-21 14:26:32,2020-10-21 14:26:51
66,40,0,2020-10-21 14:26:34,2020-10-21 14:30:19
138,0,0,2020-10-21 14:26:51,2020-10-21 14:36:51
128,108,416,2020-10-21 14:26:51,2020-10-21 14:27:06
74,31,227,2020-10-21 14:26:59,2020-10-21 15:36:37
117,0,403,2020-10-21 14:27:01,2020-10-21 14:27:23
75,0,0,2020-10-21 14:27:03,2020-10-21 14:29:13
118,0,0,2020-10-21 14:27:03,2020-10-21 14:37:44
128,108,250,2020-10-21 14:27:06,2020-10-21 15:25:14
8,36,326,2020-10-21 14:27:12,2020-10-21 14:27:34
141,0,0,2020-10-21 14:27:18,2020-10-21 14:36:57
117,0,402,2020-10-21 14:27:23,2020-10-21 14:27:38
8,36,320,2020-10-21 14:27:34,2020-10-21 14:28:49
117,0,401,2020-10-21 14:27:38,2020-10-21 14:27:51
88,0,0,2020-10-21 14:27:51,2020-10-21 14:29:09
117,0,301,2020-10-21 14:27:51,2020-10-21 14:30:00
86,0,0,2020-10-21 14:27:55,2020-10-21 14:38:18
104,0,403,2020-10-21 14:28:00,2020-10-21 14:28:23
49,0,0,2020-10-21 14:28:01,2020-10-21 14:29:55
55,0,0,2020-10-21 14:28:01,2020-10-21 14:37:03
101,0,0,2020-10-21 14:28:01,2020-10-21 14:38:12
26,76,325,2020-10-21 14:28:02,2020-10-21 14:29:44
69,0,0,2020-10-21 14:28:05,2020-10-21 14:39:17
104,0,402,2020-10-21 14:28:23,2020-10-21 14:28:41
104,0,401,2020-10-21 14:28:41,2020-10-21 14:28:51
155,130,0,2020-10-21 14:28:43,2020-10-21 14:31:19
62,20,301,2020-10-21 14:28:45,2020-10-21 14:28:54
127,0,0,2020-10-21 14:28:49,2020-10-21 14:39:39
8,36,315,2020-10-21 14:28:49,2020-10-21 14:29:05
104,0,301,2020-10-21 14:28:51,2020-10-21 14:31:24
62,20,401,2020-10-21 14:28:54,2020-10-21 14:29:09
134,0,0,2020-10-21 14:28:56,2020-10-21 14:38:25
59,72,317,2020-10-21 14:28:57,2020-10-21 14:29:33
8,36,314,2020-10-21 14:29:05,2020-10-21 14:29:20
88,0,0,2020-10-21 14:29:09,2020-10-21 14:39:00
62,20,402,2020-10-21 14:29:09,2020-10-21 14:29:33
23,0,0,2020-10-21 14:29:12,2020-10-21 14:39:29
75,34,0,2020-10-21 14:29:13,2020-10-21 14:35:19
8,36,103,2020-10-21 14:29:20,2020-10-21 16:50:15
59,72,316,2020-10-21 14:29:33,2020-10-21 14:30:18
62,20,403,2020-10-21 14:29:33,2020-10-21 14:30:15
89,56,0,2020-10-21 14:29:36,2020-10-21 14:32:01
26,76,421,2020-10-21 14:29:44,2020-10-21 14:30:38
82,46,0,2020-10-21 14:29:51,2020-10-21 14:30:28
49,0,0,2020-10-21 14:29:55,2020-10-21 14:39:15
117,0,0,2020-10-21 14:30:00,2020-10-21 14:33:26
62,20,404,2020-10-21 14:30:15,2020-10-21 14:30:39
59,72,315,2020-10-21 14:30:18,2020-10-21 14:30:39
66,40,301,2020-10-21 14:30:19,2020-10-21 14:30:31
85,0,158,2020-10-21 14:30:23,2020-10-21 14:30:43
82,46,326,2020-10-21 14:30:28,2020-10-21 14:30:53
66,40,401,2020-10-21 14:30:31,2020-10-21 14:30:49
26,76,252,2020-10-21 14:30:38,2020-10-21 15:58:35
59,72,314,2020-10-21 14:30:39,2020-10-21 14:30:48
62,20,405,2020-10-21 14:30:39,2020-10-21 14:30:56
85,0,309,2020-10-21 14:30:43,2020-10-21 14:31:15
59,72,111,2020-10-21 14:30:48,2020-10-21 17:18:42
20,0,163,2020-10-21 14:30:49,2020-10-21 14:32:20
66,40,402,2020-10-21 14:30:49,2020-10-21 14:31:10
82,46,102,2020-10-21 14:30:53,2020-10-21 14:32:15
102,117,0,2020-10-21 14:30:55,2020-10-21 14:34:05
100,0,239,2020-10-21 14:30:56,2020-10-21 14:31:16
62,20,225,2020-10-21 14:30:56,2020-10-21 15:48:02
97,0,0,2020-10-21 14:30:57,2020-10-21 14:41:04
129,0,0,2020-10-21 14:31:06,2020-10-21 14:42:37
95,0,0,2020-10-21 14:31:08,2020-10-21 14:40:39
66,40,403,2020-10-21 14:31:10,2020-10-21 14:31:47
85,0,308,2020-10-21 14:31:15,2020-10-21 14:32:00
100,0,415,2020-10-21 14:31:16,2020-10-21 14:32:36
155,130,301,2020-10-21 14:31:19,2020-10-21 14:31:31
104,0,0,2020-10-21 14:31:24,2020-10-21 14:34:07
73,0,0,2020-10-21 14:31:25,2020-10-21 14:41:32
155,130,401,2020-10-21 14:31:31,2020-10-21 14:31:50
116,140,0,2020-10-21 14:31:46,2020-10-21 14:39:15
66,40,404,2020-10-21 14:31:47,2020-10-21 14:32:11
111,113,235,2020-10-21 14:31:48,2020-10-21 14:31:58
155,130,218,2020-10-21 14:31:50,2020-10-21 16:32:15
111,113,411,2020-10-21 14:31:58,2020-10-21 14:32:15
85,0,307,2020-10-21 14:32:00,2020-10-21 14:36:09
89,56,325,2020-10-21 14:32:01,2020-10-21 14:33:31
4,0,160,2020-10-21 14:32:03,2020-10-21 14:32:32
66,40,405,2020-10-21 14:32:11,2020-10-21 14:32:36
111,113,412,2020-10-21 14:32:15,2020-10-21 14:33:09
82,46,321,2020-10-21 14:32:15,2020-10-21 14:34:26
20,0,313,2020-10-21 14:32:20,2020-10-21 14:44:36
76,0,0,2020-10-21 14:32:21,2020-10-21 14:43:16
4,0,310,2020-10-21 14:32:32,2020-10-21 14:32:39
100,0,412,2020-10-21 14:32:36,2020-10-21 14:34:05
66,40,210,2020-10-21 14:32:36,2020-10-21 17:38:52
4,0,309,2020-10-21 14:32:39,2020-10-21 14:33:00
156,0,0,2020-10-21 14:32:46,2020-10-21 14:43:35
4,0,308,2020-10-21 14:33:00,2020-10-21 14:33:46
111,113,403,2020-10-21 14:33:09,2020-10-21 14:33:38
12,0,0,2020-10-21 14:33:15,2020-10-21 14:44:02
56,0,169,2020-10-21 14:33:20,2020-10-21 14:33:49
117,0,0,2020-10-21 14:33:26,2020-10-21 14:42:32
89,56,421,2020-10-21 14:33:31,2020-10-21 14:33:54
111,113,404,2020-10-21 14:33:38,2020-10-21 14:33:58
4,0,307,2020-10-21 14:33:46,2020-10-21 14:40:12
56,0,323,2020-10-21 14:33:49,2020-10-21 14:34:11
89,56,419,2020-10-21 14:33:54,2020-10-21 14:34:01
60,0,0,2020-10-21 14:33:56,2020-10-21 14:43:53
111,113,405,2020-10-21 14:33:58,2020-10-21 14:34:37
89,56,418,2020-10-21 14:34:01,2020-10-21 14:34:36
100,0,403,2020-10-21 14:34:05,2020-10-21 14:34:30
102,117,325,2020-10-21 14:34:05,2020-10-21 14:35:35
104,0,0,2020-10-21 14:34:07,2020-10-21 14:45:16
137,95,0,2020-10-21 14:34:08,2020-10-21 14:35:09
34,0,0,2020-10-21 14:34:10,2020-10-21 14:43:27
56,0,322,2020-10-21 14:34:11,2020-10-21 14:35:01
48,65,0,2020-10-21 14:34:17,2020-10-21 14:40:16
82,46,322,2020-10-21 14:34:26,2020-10-21 14:34:57
100,0,402,2020-10-21 14:34:30,2020-10-21 14:34:45
89,56,254,2020-10-21 14:34:36,2020-10-21 16:43:33
111,113,406,2020-10-21 14:34:37,2020-10-21 14:35:01
67,27,0,2020-10-21 14:34:37,2020-10-21 14:39:54
100,0,401,2020-10-21 14:34:45,2020-10-21 14:34:55
100,0,301,2020-10-21 14:34:55,2020-10-21 14:38:34
35,23,0,2020-10-21 14:34:56,2020-10-21 14:35:33
82,46,323,2020-10-21 14:34:57,2020-10-21 14:35:45
111,113,227,2020-10-21 14:35:01,2020-10-21 15:32:09
56,0,325,2020-10-21 14:35:01,2020-10-21 14:39:11
84,0,173,2020-10-21 14:35:02,2020-10-21 14:36:18
137,95,326,2020-10-21 14:35:09,2020-10-21 14:35:32
11,17,148,2020-10-21 14:35:15,2020-10-21 14:35:34
122,0,0,2020-10-21 14:35:15,2020-10-21 14:45:15
75,34,325,2020-10-21 14:35:19,2020-10-21 14:36:30
137,95,320,2020-10-21 14:35:32,2020-10-21 14:36:49
35,23,326,2020-10-21 14:35:33,2020-10-21 14:35:58
11,17,308,2020-10-21 14:35:34,2020-10-21 14:36:21
102,117,421,2020-10-21 14:35:35,2020-10-21 14:36:45
82,46,169,2020-10-21 14:35:45,2020-10-21 16:25:25
35,23,102,2020-10-21 14:35:58,2020-10-21 14:37:20
50,0,0,2020-10-21 14:36:03,2020-10-21 14:46:58
85,0,0,2020-10-21 14:36:09,2020-10-21 14:41:42
84,0,323,2020-10-21 14:36:18,2020-10-21 14:36:33
11,17,318,2020-10-21 14:36:21,2020-10-21 14:37:10
5,19,108,2020-10-21 14:36:22,2020-10-21 14:37:09
75,34,421,2020-10-21 14:36:30,2020-10-21 14:37:01
84,0,322,2020-10-21 14:36:33,2020-10-21 14:37:12
102,117,417,2020-10-21 14:36:45,2020-10-21 14:36:58
137,95,315,2020-10-21 14:36:49,2020-10-21 14:37:21
138,0,0,2020-10-21 14:36:51,2020-10-21 14:48:55
141,0,0,2020-10-21 14:36:57,2020-10-21 14:46:15
102,117,244,2020-10-21 14:36:58,2020-10-21 15:21:11
75,34,419,2020-10-21 14:37:01,2020-10-21 14:37:11
55,0,0,2020-10-21 14:37:03,2020-10-21 14:46:39
5,19,316,2020-10-21 14:37:09,2020-10-21 14:37:44
11,17,319,2020-10-21 14:37:10,2020-10-21 14:38:53
75,34,418,2020-10-21 14:37:11,2020-10-21 14:37:49
84,0,325,2020-10-21 14:37:12,2020-10-21 14:42:40
35,23,321,2020-10-21 14:37:20,2020-10-21 14:39:31
137,95,316,2020-10-21 14:37:21,2020-10-21 14:37:38
30,0,313,2020-10-21 14:37:32,2020-10-21 14:47:16
30,0,162,2020-10-21 14:37:32,2020-10-21 14:37:32
137,95,118,2020-10-21 14:37:38,2020-10-21 16:25:35
118,0,0,2020-10-21 14:37:44,2020-10-21 14:48:42
5,19,105,2020-10-21 14:37:44,2020-10-21 15:33:50
75,34,255,2020-10-21 14:37:49,2020-10-21 17:01:13
101,0,0,2020-10-21 14:38:12,2020-10-21 14:48:46
86,0,0,2020-10-21 14:38:18,2020-10-21 14:48:11
134,0,0,2020-10-21 14:38:25,2020-10-21 14:49:18
100,0,0,2020-10-21 14:38:34,2020-10-21 14:39:36
11,17,317,2020-10-21 14:38:53,2020-10-21 14:39:50
113,0,228,2020-10-21 14:38:54,2020-10-21 14:39:09
88,0,0,2020-10-21 14:39:00,2020-10-21 14:48:18
113,0,406,2020-10-21 14:39:09,2020-10-21 14:39:54
56,0,0,2020-10-21 14:39:11,2020-10-21 14:42:54
49,0,0,2020-10-21 14:39:15,2020-10-21 14:48:05
116,140,324,2020-10-21 14:39:15,2020-10-21 14:40:21
69,0,0,2020-10-21 14:39:17,2020-10-21 14:49:05
23,0,0,2020-10-21 14:39:29,2020-10-21 14:50:46
35,23,322,2020-10-21 14:39:31,2020-10-21 14:40:02
100,0,0,2020-10-21 14:39:36,2020-10-21 14:48:41
127,143,0,2020-10-21 14:39:39,2020-10-21 14:42:40
11,17,316,2020-10-21 14:39:50,2020-10-21 14:40:22
67,27,325,2020-10-21 14:39:54,2020-10-21 14:41:26
113,0,405,2020-10-21 14:39:54,2020-10-21 14:40:34
35,23,323,2020-10-21 14:40:02,2020-10-21 14:40:50
20,0,0,2020-10-21 14:40:12,2020-10-21 14:52:00
4,0,0,2020-10-21 14:40:12,2020-10-21 14:42:56
48,65,312,2020-10-21 14:40:16,2020-10-21 14:41:06
116,140,176,2020-10-21 14:40:21,2020-10-21 15:09:14
11,17,105,2020-10-21 14:40:22,2020-10-21 17:48:18
113,0,404,2020-10-21 14:40:34,2020-10-21 14:41:22
95,53,0,2020-10-21 14:40:39,2020-10-21 14:43:16
35,23,169,2020-10-21 14:40:50,2020-10-21 15:32:50
97,0,0,2020-10-21 14:41:04,2020-10-21 14:50:40
48,65,308,2020-10-21 14:41:06,2020-10-21 14:41:35
113,0,403,2020-10-21 14:41:22,2020-10-21 14:41:48
67,27,421,2020-10-21 14:41:26,2020-10-21 14:41:53
73,41,0,2020-10-21 14:41:32,2020-10-21 14:44:23
48,65,309,2020-10-21 14:41:35,2020-10-21 14:41:48
85,0,0,2020-10-21 14:41:42,2020-10-21 14:49:18
113,0,402,2020-10-21 14:41:48,2020-10-21 14:42:02
48,65,150,2020-10-21 14:41:48,2020-10-21 17:14:05
67,27,419,2020-10-21 14:41:53,2020-10-21 14:42:20
113,0,401,2020-10-21 14:42:02,2020-10-21 14:42:13
113,0,301,2020-10-21 14:42:13,2020-10-21 14:45:30
67,27,256,2020-10-21 14:42:20,2020-10-21 16:10:31
117,0,0,2020-10-21 14:42:32,2020-10-21 14:51:51
129,0,0,2020-10-21 14:42:37,2020-10-21 14:53:19
127,143,301,2020-10-21 14:42:40,2020-10-21 14:42:51
84,0,0,2020-10-21 14:42:40,2020-10-21 14:45:02
127,143,401,2020-10-21 14:42:51,2020-10-21 14:43:06
56,0,0,2020-10-21 14:42:54,2020-10-21 14:53:45
4,0,0,2020-10-21 14:42:56,2020-10-21 14:53:56
127,143,402,2020-10-21 14:43:06,2020-10-21 14:43:33
158,0,240,2020-10-21 14:43:08,2020-10-21 14:43:37
76,0,0,2020-10-21 14:43:16,2020-10-21 14:53:42
95,53,301,2020-10-21 14:43:16,2020-10-21 14:43:27
94,17,223,2020-10-21 14:43:17,2020-10-21 14:43:26
32,0,120,2020-10-21 14:43:20,2020-10-21 14:43:37
94,17,404,2020-10-21 14:43:26,2020-10-21 14:43:54
34,39,0,2020-10-21 14:43:27,2020-10-21 14:46:27
95,53,401,2020-10-21 14:43:27,2020-10-21 14:43:43
127,143,403,2020-10-21 14:43:33,2020-10-21 14:44:21
156,0,0,2020-10-21 14:43:35,2020-10-21 14:53:17
32,0,301,2020-10-21 14:43:37,2020-10-21 14:46:31
158,0,415,2020-10-21 14:43:37,2020-10-21 14:44:32
95,53,402,2020-10-21 14:43:43,2020-10-21 14:44:04
60,0,0,2020-10-21 14:43:53,2020-10-21 14:54:11
94,17,405,2020-10-21 14:43:54,2020-10-21 14:44:21
12,0,0,2020-10-21 14:44:02,2020-10-21 14:53:47
95,53,403,2020-10-21 14:44:04,2020-10-21 14:44:55
94,17,406,2020-10-21 14:44:21,2020-10-21 14:44:52
127,143,404,2020-10-21 14:44:21,2020-10-21 14:44:40
73,41,301,2020-10-21 14:44:23,2020-10-21 14:44:33
158,0,412,2020-10-21 14:44:32,2020-10-21 14:45:38
73,41,401,2020-10-21 14:44:33,2020-10-21 14:44:52
20,0,0,2020-10-21 14:44:36,2020-10-21 14:40:12
127,143,405,2020-10-21 14:44:40,2020-10-21 14:45:30
73,41,402,2020-10-21 14:44:52,2020-10-21 14:45:21
94,17,407,2020-10-21 14:44:52,2020-10-21 14:45:12
95,53,404,2020-10-21 14:44:55,2020-10-21 14:45:29
84,0,0,2020-10-21 14:45:02,2020-10-21 14:55:02
94,17,409,2020-10-21 14:45:12,2020-10-21 14:46:13
122,0,0,2020-10-21 14:45:15,2020-10-21 14:54:16
104,0,0,2020-10-21 14:45:16,2020-10-21 14:54:56
73,41,403,2020-10-21 14:45:21,2020-10-21 14:45:31
95,53,405,2020-10-21 14:45:29,2020-10-21 14:46:02
127,143,406,2020-10-21 14:45:30,2020-10-21 14:46:01
113,0,0,2020-10-21 14:45:30,2020-10-21 14:48:45
73,41,204,2020-10-21 14:45:31,2020-10-21 15:38:10
158,0,403,2020-10-21 14:45:38,2020-10-21 14:46:03
127,143,407,2020-10-21 14:46:01,2020-10-21 14:47:00
95,53,406,2020-10-21 14:46:02,2020-10-21 14:46:18
158,0,402,2020-10-21 14:46:03,2020-10-21 14:46:19
94,17,418,2020-10-21 14:46:13,2020-10-21 14:46:43
141,0,0,2020-10-21 14:46:15,2020-10-21 14:55:49
95,53,228,2020-10-21 14:46:18,2020-10-21 16:38:03
158,0,401,2020-10-21 14:46:19,2020-10-21 14:46:31
34,39,301,2020-10-21 14:46:27,2020-10-21 14:46:56
158,0,301,2020-10-21 14:46:31,2020-10-21 14:49:40
32,0,0,2020-10-21 14:46:31,2020-10-21 14:52:50
55,0,0,2020-10-21 14:46:39,2020-10-21 14:57:27
94,17,256,2020-10-21 14:46:43,2020-10-21 16:44:35
34,39,302,2020-10-21 14:46:56,2020-10-21 14:47:10
50,0,0,2020-10-21 14:46:58,2020-10-21 14:57:23
127,143,214,2020-10-21 14:47:00,2020-10-21 15:37:17
34,39,132,2020-10-21 14:47:10,2020-10-21 14:59:57
30,0,0,2020-10-21 14:47:16,2020-10-21 14:48:17
49,27,0,2020-10-21 14:48:05,2020-10-21 14:54:11
86,52,0,2020-10-21 14:48:11,2020-10-21 14:58:04
30,53,0,2020-10-21 14:48:17,2020-10-21 14:49:03
88,0,0,2020-10-21 14:48:18,2020-10-21 14:58:22
100,0,0,2020-10-21 14:48:41,2020-10-21 14:58:15
118,0,0,2020-10-21 14:48:42,2020-10-21 14:57:54
113,0,0,2020-10-21 14:48:45,2020-10-21 14:59:04
101,0,0,2020-10-21 14:48:46,2020-10-21 14:56:28
138,0,0,2020-10-21 14:48:55,2020-10-21 14:58:26
30,53,326,2020-10-21 14:49:03,2020-10-21 14:49:15
69,0,0,2020-10-21 14:49:05,2020-10-21 14:59:04
30,53,320,2020-10-21 14:49:15,2020-10-21 14:50:49
134,0,0,2020-10-21 14:49:18,2020-10-21 14:59:24
85,0,0,2020-10-21 14:49:18,2020-10-21 14:58:29
150,0,241,2020-10-21 14:49:21,2020-10-21 14:50:19
44,62,232,2020-10-21 14:49:37,2020-10-21 14:50:15
158,0,0,2020-10-21 14:49:40,2020-10-21 14:52:50
44,62,412,2020-10-21 14:50:15,2020-10-21 14:51:41
150,0,415,2020-10-21 14:50:19,2020-10-21 14:51:36
97,0,0,2020-10-21 14:50:40,2020-10-21 14:58:46
23,15,0,2020-10-21 14:50:46,2020-10-21 14:54:02
30,53,315,2020-10-21 14:50:49,2020-10-21 14:52:15
150,0,412,2020-10-21 14:51:36,2020-10-21 14:52:21
44,62,403,2020-10-21 14:51:41,2020-10-21 14:52:27
117,0,0,2020-10-21 14:51:51,2020-10-21 15:00:45
20,44,0,2020-10-21 14:52:00,2020-10-21 14:54:49
30,53,303,2020-10-21 14:52:15,2020-10-21 14:52:39
150,0,403,2020-10-21 14:52:21,2020-10-21 14:52:47
44,62,404,2020-10-21 14:52:27,2020-10-21 14:53:10
30,53,304,2020-10-21 14:52:39,2020-10-21 14:52:53
150,0,402,2020-10-21 14:52:47,2020-10-21 14:53:04
158,132,0,2020-10-21 14:52:50,2020-10-21 14:53:28
32,0,0,2020-10-21 14:52:50,2020-10-21 15:02:52
30,53,124,2020-10-21 14:52:53,2020-10-21 16:34:49
150,0,401,2020-10-21 14:53:04,2020-10-21 14:53:12
44,62,405,2020-10-21 14:53:10,2020-10-21 14:53:44
150,0,301,2020-10-21 14:53:12,2020-10-21 14:55:50
156,0,0,2020-10-21 14:53:17,2020-10-21 15:03:03
129,0,0,2020-10-21 14:53:19,2020-10-21 15:03:00
158,132,326,2020-10-21 14:53:28,2020-10-21 14:53:50
76,0,0,2020-10-21 14:53:42,2020-10-21 15:02:14
44,62,406,2020-10-21 14:53:44,2020-10-21 14:53:58
56,0,0,2020-10-21 14:53:45,2020-10-21 15:04:32
12,0,0,2020-10-21 14:53:47,2020-10-21 15:04:25
158,132,320,2020-10-21 14:53:50,2020-10-21 14:55:17
4,0,0,2020-10-21 14:53:56,2020-10-21 15:03:13
44,62,228,2020-10-21 14:53:58,2020-10-21 18:01:57
23,15,312,2020-10-21 14:54:02,2020-10-21 14:54:59
49,27,325,2020-10-21 14:54:11,2020-10-21 14:55:22
60,0,0,2020-10-21 14:54:11,2020-10-21 15:04:49
122,0,0,2020-10-21 14:54:16,2020-10-21 15:05:41
20,44,301,2020-10-21 14:54:49,2020-10-21 14:54:59
104,0,0,2020-10-21 14:54:56,2020-10-21 15:03:55
20,44,401,2020-10-21 14:54:59,2020-10-21 14:55:10
23,15,308,2020-10-21 14:54:59,2020-10-21 14:55:26
84,0,0,2020-10-21 14:55:02,2020-10-21 15:04:56
20,44,402,2020-10-21 14:55:10,2020-10-21 14:55:35
158,132,315,2020-10-21 14:55:17,2020-10-21 14:55:53
154,0,143,2020-10-21 14:55:19,2020-10-21 14:56:03
49,27,421,2020-10-21 14:55:22,2020-10-21 14:55:53
23,15,309,2020-10-21 14:55:26,2020-10-21 14:55:36
105,0,127,2020-10-21 14:55:30,2020-10-21 14:56:00
20,44,403,2020-10-21 14:55:35,2020-10-21 14:56:20
23,15,310,2020-10-21 14:55:36,2020-10-21 14:56:31
141,0,0,2020-10-21 14:55:49,2020-10-21 15:04:50
150,0,0,2020-10-21 14:55:50,2020-10-21 14:59:14
49,27,419,2020-10-21 14:55:53,2020-10-21 14:56:03
158,132,316,2020-10-21 14:55:53,2020-10-21 14:56:19
105,0,305,2020-10-21 14:56:00,2020-10-21 14:56:27
49,27,418,2020-10-21 14:56:03,2020-10-21 14:56:41
154,0,320,2020-10-21 14:56:03,2020-10-21 14:56:25
158,132,317,2020-10-21 14:56:19,2020-10-21 14:58:15
18,83,244,2020-10-21 14:56:20,2020-10-21 14:56:38
20,44,404,2020-10-21 14:56:20,2020-10-21 14:56:54
154,0,326,2020-10-21 14:56:25,2020-10-21 14:57:02
105,0,304,2020-10-21 14:56:27,2020-10-21 14:57:01
101,0,0,2020-10-21 14:56:28,2020-10-21 15:05:17
23,15,161,2020-10-21 14:56:31,2020-10-21 15:56:42
18,83,417,2020-10-21 14:56:38,2020-10-21 14:57:42
49,27,255,2020-10-21 14:56:41,2020-10-21 17:34:19
20,44,224,2020-10-21 14:56:54,2020-10-21 15:11:31
139,0,231,2020-10-21 14:57:01,2020-10-21 14:57:24
105,0,303,2020-10-21 14:57:01,2020-10-21 14:57:17
154,0,0,2020-10-21 14:57:02,2020-10-21 15:05:31
105,0,302,2020-10-21 14:57:17,2020-10-21 14:57:45
50,38,0,2020-10-21 14:57:23,2020-10-21 14:58:24
139,0,412,2020-10-21 14:57:24,2020-10-21 14:58:28
55,89,0,2020-10-21 14:57:27,2020-10-21 15:00:03
18,83,421,2020-10-21 14:57:42,2020-10-21 14:58:07
105,0,301,2020-10-21 14:57:45,2020-10-21 15:00:30
118,0,0,2020-10-21 14:57:54,2020-10-21 15:08:01
143,0,313,2020-10-21 14:57:57,2020-10-21 15:07:41
143,0,162,2020-10-21 14:57:57,2020-10-21 14:57:57
86,52,324,2020-10-21 14:58:04,2020-10-21 14:58:56
18,83,419,2020-10-21 14:58:07,2020-10-21 14:58:17
100,0,0,2020-10-21 14:58:15,2020-10-21 15:08:15
158,132,167,2020-10-21 14:58:15,2020-10-21 18:12:55
18,83,418,2020-10-21 14:58:17,2020-10-21 15:00:22
88,81,0,2020-10-21 14:58:22,2020-10-21 14:59:09
50,38,326,2020-10-21 14:58:24,2020-10-21 14:58:47
138,0,0,2020-10-21 14:58:26,2020-10-21 15:07:14
139,0,403,2020-10-21 14:58:28,2020-10-21 14:58:52
85,85,0,2020-10-21 14:58:29,2020-10-21 15:02:32
97,0,0,2020-10-21 14:58:46,2020-10-21 15:09:34
50,38,320,2020-10-21 14:58:47,2020-10-21 15:00:04
139,0,402,2020-10-21 14:58:52,2020-10-21 14:59:05
86,52,174,2020-10-21 14:58:56,2020-10-21 17:49:05
113,0,0,2020-10-21 14:59:04,2020-10-21 15:07:26
69,0,0,2020-10-21 14:59:04,2020-10-21 15:08:49
139,0,401,2020-10-21 14:59:05,2020-10-21 14:59:15
88,81,326,2020-10-21 14:59:09,2020-10-21 14:59:31
150,0,0,2020-10-21 14:59:14,2020-10-21 15:08:30
139,0,301,2020-10-21 14:59:15,2020-10-21 15:02:46
134,0,0,2020-10-21 14:59:24,2020-10-21 15:08:29
88,81,320,2020-10-21 14:59:31,2020-10-21 15:00:46
130,0,169,2020-10-21 14:59:56,2020-10-21 15:00:25
34,0,132,2020-10-21 14:59:57,2020-10-21 15:04:35
55,89,301,2020-10-21 15:00:03,2020-10-21 15:00:15
50,38,315,2020-10-21 15:00:04,2020-10-21 15:00:36
55,89,401,2020-10-21 15:00:15,2020-10-21 15:00:34
18,83,409,2020-10-21 15:00:22,2020-10-21 15:00:51
130,0,323,2020-10-21 15:00:25,2020-10-21 15:00:47
105,0,0,2020-10-21 15:00:30,2020-10-21 15:05:14
55,89,218,2020-10-21 15:00:34,2020-10-21 16:53:07
50,38,316,2020-10-21 15:00:36,2020-10-21 15:00:53
117,0,0,2020-10-21 15:00:45,2020-10-21 15:11:44
88,81,315,2020-10-21 15:00:46,2020-10-21 15:01:02
130,0,322,2020-10-21 15:00:47,2020-10-21 15:01:37
18,83,407,2020-10-21 15:00:51,2020-10-21 15:01:29
36,0,246,2020-10-21 15:00:51,2020-10-21 15:01:01
50,38,118,2020-10-21 15:00:53,2020-10-21 16:38:22
36,0,414,2020-10-21 15:01:01,2020-10-21 15:01:20
88,81,314,2020-10-21 15:01:02,2020-10-21 15:01:17
88,81,103,2020-10-21 15:01:17,2020-10-21 16:54:31
36,0,415,2020-10-21 15:01:20,2020-10-21 15:02:35
18,83,216,2020-10-21 15:01:29,2020-10-21 18:19:29
130,0,325,2020-10-21 15:01:37,2020-10-21 15:05:47
108,101,107,2020-10-21 15:02:13,2020-10-21 15:02:35
76,0,0,2020-10-21 15:02:14,2020-10-21 15:12:05
85,85,301,2020-10-21 15:02:32,2020-10-21 15:02:40
10,65,228,2020-10-21 15:02:33,2020-10-21 15:03:10
108,101,316,2020-10-21 15:02:35,2020-10-21 15:03:22
36,0,412,2020-10-21 15:02:35,2020-10-21 15:03:55
85,85,401,2020-10-21 15:02:40,2020-10-21 15:02:54
139,0,0,2020-10-21 15:02:46,2020-10-21 15:07:00
32,0,0,2020-10-21 15:02:52,2020-10-21 15:12:39
28,0,228,2020-10-21 15:02:54,2020-10-21 15:03:09
85,85,402,2020-10-21 15:02:54,2020-10-21 15:03:25
129,102,0,2020-10-21 15:03:00,2020-10-21 15:06:50
156,0,0,2020-10-21 15:03:03,2020-10-21 15:12:02
28,0,406,2020-10-21 15:03:09,2020-10-21 15:03:54
10,65,407,2020-10-21 15:03:10,2020-10-21 15:03:32
4,0,0,2020-10-21 15:03:13,2020-10-21 15:11:59
108,101,315,2020-10-21 15:03:22,2020-10-21 15:04:30
85,85,403,2020-10-21 15:03:25,2020-10-21 15:04:51
98,0,171,2020-10-21 15:03:26,2020-10-21 15:03:42
90,0,136,2020-10-21 15:03:29,2020-10-21 15:03:47
10,65,409,2020-10-21 15:03:32,2020-10-21 15:03:43
98,0,322,2020-10-21 15:03:42,2020-10-21 15:04:41
10,65,312,2020-10-21 15:03:43,2020-10-21 15:04:03
90,0,304,2020-10-21 15:03:47,2020-10-21 15:04:20
14,0,138,2020-10-21 15:03:48,2020-10-21 15:04:05
28,0,405,2020-10-21 15:03:54,2020-10-21 15:04:34
36,0,403,2020-10-21 15:03:55,2020-10-21 15:04:21
104,100,0,2020-10-21 15:03:55,2020-10-21 15:09:44
10,65,307,2020-10-21 15:04:03,2020-10-21 15:04:55
14,0,305,2020-10-21 15:04:05,2020-10-21 15:04:42
77,0,210,2020-10-21 15:04:11,2020-10-21 15:04:36
15,0,132,2020-10-21 15:04:20,2020-10-21 15:04:35
90,0,303,2020-10-21 15:04:20,2020-10-21 15:04:40
36,0,402,2020-10-21 15:04:21,2020-10-21 15:04:33
12,0,0,2020-10-21 15:04:25,2020-10-21 15:14:42
25,0,131,2020-10-21 15:04:27,2020-10-21 15:04:40
108,101,303,2020-10-21 15:04:30,2020-10-21 15:04:49
56,73,0,2020-10-21 15:04:32,2020-10-21 15:05:13
36,0,401,2020-10-21 15:04:33,2020-10-21 15:04:41
28,0,404,2020-10-21 15:04:34,2020-10-21 15:05:22
15,0,302,2020-10-21 15:04:35,2020-10-21 15:05:04
34,0,302,2020-10-21 15:04:35,2020-10-21 15:05:04
77,0,405,2020-10-21 15:04:36,2020-10-21 15:05:08
90,0,302,2020-10-21 15:04:40,2020-10-21 15:05:10
25,0,301,2020-10-21 15:04:40,2020-10-21 15:08:31
36,0,301,2020-10-21 15:04:41,2020-10-21 15:06:49
98,0,325,2020-10-21 15:04:41,2020-10-21 15:09:50
14,0,304,2020-10-21 15:04:42,2020-10-21 15:05:20
108,101,302,2020-10-21 15:04:49,2020-10-21 15:05:04
60,0,0,2020-10-21 15:04:49,2020-10-21 15:13:42
141,0,0,2020-10-21 15:04:50,2020-10-21 15:15:16
85,85,412,2020-10-21 15:04:51,2020-10-21 15:05:41
10,65,306,2020-10-21 15:04:55,2020-10-21 15:05:34
84,35,0,2020-10-21 15:04:56,2020-10-21 15:09:40
34,0,301,2020-10-21 15:05:04,2020-10-21 15:08:55
15,0,301,2020-10-21 15:05:04,2020-10-21 15:08:55
108,101,301,2020-10-21 15:05:04,2020-10-21 15:05:15
77,0,404,2020-10-21 15:05:08,2020-10-21 15:05:57
90,0,301,2020-10-21 15:05:10,2020-10-21 15:07:54
56,73,326,2020-10-21 15:05:13,2020-10-21 15:05:31
105,0,0,2020-10-21 15:05:14,2020-10-21 15:13:47
108,101,401,2020-10-21 15:05:15,2020-10-21 15:05:32
101,0,0,2020-10-21 15:05:17,2020-10-21 15:14:55
14,0,303,2020-10-21 15:05:20,2020-10-21 15:05:40
28,0,403,2020-10-21 15:05:22,2020-10-21 15:05:48
154,0,0,2020-10-21 15:05:31,2020-10-21 15:14:46
56,73,320,2020-10-21 15:05:31,2020-10-21 15:06:51
108,101,402,2020-10-21 15:05:32,2020-10-21 15:05:55
10,65,305,2020-10-21 15:05:34,2020-10-21 15:05:57
14,0,302,2020-10-21 15:05:40,2020-10-21 15:06:05
85,85,232,2020-10-21 15:05:41,2020-10-21 18:05:00
122,0,0,2020-10-21 15:05:41,2020-10-21 15:16:38
130,0,0,2020-10-21 15:05:47,2020-10-21 15:09:35
28,0,402,2020-10-21 15:05:48,2020-10-21 15:06:02
108,101,403,2020-10-21 15:05:55,2020-10-21 15:06:39
77,0,403,2020-10-21 15:05:57,2020-10-21 15:06:18
10,65,304,2020-10-21 15:05:57,2020-10-21 15:06:26
28,0,401,2020-10-21 15:06:02,2020-10-21 15:06:13
14,0,301,2020-10-21 15:06:05,2020-10-21 15:09:02
28,0,301,2020-10-21 15:06:13,2020-10-21 15:09:30
77,0,402,2020-10-21 15:06:18,2020-10-21 15:06:33
10,65,303,2020-10-21 15:06:26,2020-10-21 15:07:43
77,0,401,2020-10-21 15:06:33,2020-10-21 15:06:42
108,101,404,2020-10-21 15:06:39,2020-10-21 15:07:19
6,0,104,2020-10-21 15:06:40,2020-10-21 15:07:07
77,0,301,2020-10-21 15:06:42,2020-10-21 15:10:32
36,0,0,2020-10-21 15:06:49,2020-10-21 15:10:42
129,102,301,2020-10-21 15:06:50,2020-10-21 15:07:01
56,73,315,2020-10-21 15:06:51,2020-10-21 15:08:43
139,0,0,2020-10-21 15:07:00,2020-10-21 15:17:24
129,102,401,2020-10-21 15:07:01,2020-10-21 15:07:19
6,0,315,2020-10-21 15:07:07,2020-10-21 15:08:29
138,0,0,2020-10-21 15:07:14,2020-10-21 15:17:04
129,102,402,2020-10-21 15:07:19,2020-10-21 15:07:41
108,101,405,2020-10-21 15:07:19,2020-10-21 15:07:30
113,0,0,2020-10-21 15:07:26,2020-10-21 15:19:21
108,101,209,2020-10-21 15:07:30,2020-10-21 17:21:35
110,121,172,2020-10-21 15:07:34,2020-10-21 15:07:55
143,0,0,2020-10-21 15:07:41,2020-10-21 15:08:00
129,102,403,2020-10-21 15:07:41,2020-10-21 15:08:21
10,65,315,2020-10-21 15:07:43,2020-10-21 15:08:48
146,0,245,2020-10-21 15:07:52,2020-10-21 15:25:52
90,0,0,2020-10-21 15:07:54,2020-10-21 15:14:11
110,121,323,2020-10-21 15:07:55,2020-10-21 15:08:13
153,0,145,2020-10-21 15:07:55,2020-10-21 15:08:59
143,0,0,2020-10-21 15:08:00,2020-10-21 15:17:54
118,113,0,2020-10-21 15:08:01,2020-10-21 15:08:57
110,121,322,2020-10-21 15:08:13,2020-10-21 15:08:52
100,120,0,2020-10-21 15:08:15,2020-10-21 15:09:14
129,102,404,2020-10-21 15:08:21,2020-10-21 15:08:54
6,0,320,2020-10-21 15:08:29,2020-10-21 15:09:00
134,0,0,2020-10-21 15:08:29,2020-10-21 15:18:34
150,0,0,2020-10-21 15:08:30,2020-10-21 15:18:33
25,0,0,2020-10-21 15:08:31,2020-10-21 15:16:05
56,73,303,2020-10-21 15:08:43,2020-10-21 15:09:12
10,65,320,2020-10-21 15:08:48,2020-10-21 15:09:51
69,71,0,2020-10-21 15:08:49,2020-10-21 15:11:58
110,121,319,2020-10-21 15:08:52,2020-10-21 15:09:26
129,102,405,2020-10-21 15:08:54,2020-10-21 15:09:33
15,0,0,2020-10-21 15:08:55,2020-10-21 15:15:09
34,0,0,2020-10-21 15:08:55,2020-10-21 15:09:22
78,0,128,2020-10-21 15:08:56,2020-10-21 15:09:25
118,113,326,2020-10-21 15:08:57,2020-10-21 15:09:15
153,0,320,2020-10-21 15:08:59,2020-10-21 15:09:22
6,0,326,2020-10-21 15:09:00,2020-10-21 15:09:40
14,0,0,2020-10-21 15:09:02,2020-10-21 15:13:22
56,73,304,2020-10-21 15:09:12,2020-10-21 15:09:30
116,0,176,2020-10-21 15:09:14,2020-10-21 15:10:21
100,120,326,2020-10-21 15:09:14,2020-10-21 15:09:36
118,113,320,2020-10-21 15:09:15,2020-10-21 15:10:52
126,0,170,2020-10-21 15:09:20,2020-10-21 15:11:01
153,0,326,2020-10-21 15:09:22,2020-10-21 15:10:10
34,0,0,2020-10-21 15:09:22,2020-10-21 15:19:17
78,0,306,2020-10-21 15:09:25,2020-10-21 15:14:33
110,121,318,2020-10-21 15:09:26,2020-10-21 15:09:56
56,73,136,2020-10-21 15:09:30,2020-10-21 17:57:17
28,0,0,2020-10-21 15:09:30,2020-10-21 15:13:55
129,102,406,2020-10-21 15:09:33,2020-10-21 15:09:58
97,0,0,2020-10-21 15:09:34,2020-10-21 15:19:43
130,0,0,2020-10-21 15:09:35,2020-10-21 15:18:40
100,120,320,2020-10-21 15:09:36,2020-10-21 15:10:51
6,0,0,2020-10-21 15:09:40,2020-10-21 15:18:08
84,35,325,2020-10-21 15:09:40,2020-10-21 15:10:53
104,100,325,2020-10-21 15:09:44,2020-10-21 15:11:26
98,0,0,2020-10-21 15:09:50,2020-10-21 15:14:45
10,65,102,2020-10-21 15:09:51,2020-10-21 18:05:38
110,121,308,2020-10-21 15:09:56,2020-10-21 15:10:38
129,102,213,2020-10-21 15:09:58,2020-10-21 16:56:26
153,0,0,2020-10-21 15:10:10,2020-10-21 15:19:02
116,0,324,2020-10-21 15:10:21,2020-10-21 15:16:41
77,0,0,2020-10-21 15:10:32,2020-10-21 15:15:39
110,121,312,2020-10-21 15:10:38,2020-10-21 15:10:48
36,0,0,2020-10-21 15:10:42,2020-10-21 15:19:40
114,0,149,2020-10-21 15:10:47,2020-10-21 15:11:10
110,121,409,2020-10-21 15:10:48,2020-10-21 15:11:03
100,120,315,2020-10-21 15:10:51,2020-10-21 15:12:09
118,113,315,2020-10-21 15:10:52,2020-10-21 15:11:25
84,35,421,2020-10-21 15:10:53,2020-10-21 15:11:16
53,0,161,2020-10-21 15:10:55,2020-10-21 15:11:43
126,0,323,2020-10-21 15:11:01,2020-10-21 15:11:21
45,0,122,2020-10-21 15:11:02,2020-10-21 15:11:29
110,121,407,2020-10-21 15:11:03,2020-10-21 15:11:35
114,0,308,2020-10-21 15:11:10,2020-10-21 15:11:55
84,35,419,2020-10-21 15:11:16,2020-10-21 15:12:00
126,0,322,2020-10-21 15:11:21,2020-10-21 15:12:14
118,113,316,2020-10-21 15:11:25,2020-10-21 15:12:02
104,100,421,2020-10-21 15:11:26,2020-10-21 15:12:20
45,0,302,2020-10-21 15:11:29,2020-10-21 15:12:03
20,28,224,2020-10-21 15:11:31,2020-10-21 15:11:48
110,121,406,2020-10-21 15:11:35,2020-10-21 15:12:20
53,0,310,2020-10-21 15:11:43,2020-10-21 15:11:48
117,119,0,2020-10-21 15:11:44,2020-10-21 15:12:19
53,0,309,2020-10-21 15:11:48,2020-10-21 15:12:22
20,28,405,2020-10-21 15:11:48,2020-10-21 15:12:22
114,0,307,2020-10-21 15:11:55,2020-10-21 15:17:50
69,71,301,2020-10-21 15:11:58,2020-10-21 15:12:06
4,0,0,2020-10-21 15:11:59,2020-10-21 15:22:18
84,35,253,2020-10-21 15:12:00,2020-10-21 17:05:34
118,113,317,2020-10-21 15:12:02,2020-10-21 15:13:58
156,131,0,2020-10-21 15:12:02,2020-10-21 15:14:48
45,0,301,2020-10-21 15:12:03,2020-10-21 15:14:38
76,27,0,2020-10-21 15:12:05,2020-10-21 15:15:07
69,71,401,2020-10-21 15:12:06,2020-10-21 15:12:22
100,120,303,2020-10-21 15:12:09,2020-10-21 15:12:33
126,0,325,2020-10-21 15:12:14,2020-10-21 15:18:15
117,119,326,2020-10-21 15:12:19,2020-10-21 15:12:39
110,121,405,2020-10-21 15:12:20,2020-10-21 15:12:35
104,100,252,2020-10-21 15:12:20,2020-10-21 15:53:49
53,0,308,2020-10-21 15:12:22,2020-10-21 15:12:52
20,28,406,2020-10-21 15:12:22,2020-10-21 15:13:04
69,71,402,2020-10-21 15:12:22,2020-10-21 15:12:41
100,120,304,2020-10-21 15:12:33,2020-10-21 15:12:46
110,121,209,2020-10-21 15:12:35,2020-10-21 17:56:37
32,0,0,2020-10-21 15:12:39,2020-10-21 15:22:00
117,119,320,2020-10-21 15:12:39,2020-10-21 15:13:38
69,71,403,2020-10-21 15:12:41,2020-10-21 15:14:17
100,120,125,2020-10-21 15:12:46,2020-10-21 17:08:09
53,0,307,2020-10-21 15:12:52,2020-10-21 15:19:19
20,28,407,2020-10-21 15:13:04,2020-10-21 15:13:19
20,28,409,2020-10-21 15:13:19,2020-10-21 15:13:28
14,0,0,2020-10-21 15:13:22,2020-10-21 15:22:59
20,28,312,2020-10-21 15:13:28,2020-10-21 15:14:26
145,134,243,2020-10-21 15:13:33,2020-10-21 15:14:06
117,119,315,2020-10-21 15:13:38,2020-10-21 15:14:05
60,0,0,2020-10-21 15:13:42,2020-10-21 15:22:36
105,0,0,2020-10-21 15:13:47,2020-10-21 15:24:31
28,0,0,2020-10-21 15:13:55,2020-10-21 15:25:15
118,113,319,2020-10-21 15:13:58,2020-10-21 15:14:35
117,119,316,2020-10-21 15:14:05,2020-10-21 15:14:47
145,134,416,2020-10-21 15:14:06,2020-10-21 15:14:30
90,1,0,2020-10-21 15:14:11,2020-10-21 15:21:28
69,71,412,2020-10-21 15:14:17,2020-10-21 15:15:44
20,28,308,2020-10-21 15:14:26,2020-10-21 15:14:53
145,134,415,2020-10-21 15:14:30,2020-10-21 15:14:55
78,0,0,2020-10-21 15:14:33,2020-10-21 15:18:11
118,113,318,2020-10-21 15:14:35,2020-10-21 15:14:50
45,0,0,2020-10-21 15:14:38,2020-10-21 15:20:09
12,0,0,2020-10-21 15:14:42,2020-10-21 15:26:11
98,0,0,2020-10-21 15:14:45,2020-10-21 15:25:44
154,0,0,2020-10-21 15:14:46,2020-10-21 15:24:06
117,119,317,2020-10-21 15:14:47,2020-10-21 15:15:00
156,131,301,2020-10-21 15:14:48,2020-10-21 15:14:58
118,113,156,2020-10-21 15:14:50,2020-10-21 17:06:18
20,28,309,2020-10-21 15:14:53,2020-10-21 15:15:30
101,0,0,2020-10-21 15:14:55,2020-10-21 15:23:15
145,134,414,2020-10-21 15:14:55,2020-10-21 15:15:23
156,131,401,2020-10-21 15:14:58,2020-10-21 15:15:13
117,119,109,2020-10-21 15:15:00,2020-10-21 17:40:07
76,27,301,2020-10-21 15:15:07,2020-10-21 15:15:16
15,0,0,2020-10-21 15:15:09,2020-10-21 15:24:39
156,131,402,2020-10-21 15:15:13,2020-10-21 15:15:48
141,0,0,2020-10-21 15:15:16,2020-10-21 15:25:29
76,27,401,2020-10-21 15:15:16,2020-10-21 15:15:27
135,0,136,2020-10-21 15:15:22,2020-10-21 15:15:40
145,134,247,2020-10-21 15:15:23,2020-10-21 19:10:57
76,27,402,2020-10-21 15:15:27,2020-10-21 15:15:59
20,28,159,2020-10-21 15:15:30,2020-10-21 17:55:17
77,57,0,2020-10-21 15:15:39,2020-10-21 15:16:14
135,0,304,2020-10-21 15:15:40,2020-10-21 15:16:13
69,71,415,2020-10-21 15:15:44,2020-10-21 15:16:28
156,131,403,2020-10-21 15:15:48,2020-10-21 15:16:50
109,111,178,2020-10-21 15:15:53,2020-10-21 15:17:25
124,0,243,2020-10-21 15:15:58,2020-10-21 15:16:37
76,27,403,2020-10-21 15:15:59,2020-10-21 15:17:30
25,0,0,2020-10-21 15:16:05,2020-10-21 15:25:28
135,0,303,2020-10-21 15:16:13,2020-10-21 15:16:33
77,57,326,2020-10-21 15:16:14,2020-10-21 15:16:34
69,71,416,2020-10-21 15:16:28,2020-10-21 15:16:53
135,0,302,2020-10-21 15:16:33,2020-10-21 15:17:03
77,57,320,2020-10-21 15:16:34,2020-10-21 15:17:33
124,0,416,2020-10-21 15:16:37,2020-10-21 15:17:13
122,0,0,2020-10-21 15:16:38,2020-10-21 15:28:08
116,0,0,2020-10-21 15:16:41,2020-10-21 15:18:31
149,135,176,2020-10-21 15:16:43,2020-10-21 15:17:30
156,131,412,2020-10-21 15:16:50,2020-10-21 15:17:17
69,71,243,2020-10-21 15:16:53,2020-10-21 16:20:17
135,0,301,2020-10-21 15:17:03,2020-10-21 15:19:47
138,0,0,2020-10-21 15:17:04,2020-10-21 15:27:32
124,0,415,2020-10-21 15:17:13,2020-10-21 15:18:17
156,131,411,2020-10-21 15:17:17,2020-10-21 15:17:28
139,0,0,2020-10-21 15:17:24,2020-10-21 15:28:22
109,111,322,2020-10-21 15:17:25,2020-10-21 15:18:37
156,131,235,2020-10-21 15:17:28,2020-10-21 16:10:45
76,27,412,2020-10-21 15:17:30,2020-10-21 15:19:11
149,135,324,2020-10-21 15:17:30,2020-10-21 15:18:47
77,57,315,2020-10-21 15:17:33,2020-10-21 15:18:00
114,0,0,2020-10-21 15:17:50,2020-10-21 15:20:14
143,0,0,2020-10-21 15:17:54,2020-10-21 15:27:50
77,57,316,2020-10-21 15:18:00,2020-10-21 15:18:42
6,0,0,2020-10-21 15:18:08,2020-10-21 15:28:35
78,0,0,2020-10-21 15:18:11,2020-10-21 15:26:46
126,0,0,2020-10-21 15:18:15,2020-10-21 15:21:00
124,0,412,2020-10-21 15:18:17,2020-10-21 15:19:47
116,0,0,2020-10-21 15:18:31,2020-10-21 15:28:55
150,0,0,2020-10-21 15:18:33,2020-10-21 15:29:43
134,0,0,2020-10-21 15:18:34,2020-10-21 15:28:19
109,111,319,2020-10-21 15:18:37,2020-10-21 15:19:20
130,0,0,2020-10-21 15:18:40,2020-10-21 15:28:24
77,57,317,2020-10-21 15:18:42,2020-10-21 15:18:55
149,135,313,2020-10-21 15:18:47,2020-10-21 15:18:58
146,0,0,2020-10-21 15:18:54,2020-10-21 15:29:29
77,57,109,2020-10-21 15:18:55,2020-10-21 16:53:53
149,135,410,2020-10-21 15:18:58,2020-10-21 15:19:48
153,137,0,2020-10-21 15:19:02,2020-10-21 15:19:54
76,27,415,2020-10-21 15:19:11,2020-10-21 15:19:44
103,0,178,2020-10-21 15:19:16,2020-10-21 15:20:28
34,0,0,2020-10-21 15:19:17,2020-10-21 15:29:00
53,0,0,2020-10-21 15:19:19,2020-10-21 15:20:36
109,111,318,2020-10-21 15:19:20,2020-10-21 15:20:04
113,0,0,2020-10-21 15:19:21,2020-10-21 15:27:53
36,0,0,2020-10-21 15:19:40,2020-10-21 15:29:54
97,0,0,2020-10-21 15:19:43,2020-10-21 15:30:28
76,27,249,2020-10-21 15:19:44,2020-10-21 17:05:27
124,0,403,2020-10-21 15:19:47,2020-10-21 15:20:05
135,0,0,2020-10-21 15:19:47,2020-10-21 15:25:00
149,135,408,2020-10-21 15:19:48,2020-10-21 15:21:37
153,137,326,2020-10-21 15:19:54,2020-10-21 15:20:18
109,111,308,2020-10-21 15:20:04,2020-10-21 15:20:42
124,0,402,2020-10-21 15:20:05,2020-10-21 15:20:13
45,0,0,2020-10-21 15:20:09,2020-10-21 15:31:14
124,0,401,2020-10-21 15:20:13,2020-10-21 15:20:23
114,0,0,2020-10-21 15:20:14,2020-10-21 15:29:49
153,137,320,2020-10-21 15:20:18,2020-10-21 15:21:26
124,0,301,2020-10-21 15:20:23,2020-10-21 15:22:15
103,0,321,2020-10-21 15:20:28,2020-10-21 15:21:57
53,0,0,2020-10-21 15:20:36,2020-10-21 15:31:48
109,111,312,2020-10-21 15:20:42,2020-10-21 15:20:51
109,111,409,2020-10-21 15:20:51,2020-10-21 15:21:16
126,0,0,2020-10-21 15:21:00,2020-10-21 15:32:37
102,0,244,2020-10-21 15:21:11,2020-10-21 15:21:24
109,111,407,2020-10-21 15:21:16,2020-10-21 15:21:35
102,0,417,2020-10-21 15:21:24,2020-10-21 15:22:52
153,137,315,2020-10-21 15:21:26,2020-10-21 15:22:48
90,1,312,2020-10-21 15:21:28,2020-10-21 15:22:11
109,111,406,2020-10-21 15:21:35,2020-10-21 15:21:49
149,135,407,2020-10-21 15:21:37,2020-10-21 15:22:08
109,111,212,2020-10-21 15:21:49,2020-10-21 17:13:49
103,0,102,2020-10-21 15:21:57,2020-10-21 15:22:48
32,0,0,2020-10-21 15:22:00,2020-10-21 15:31:23
144,0,220,2020-10-21 15:22:05,2020-10-21 15:22:23
149,135,406,2020-10-21 15:22:08,2020-10-21 15:22:52
90,1,308,2020-10-21 15:22:11,2020-10-21 15:22:36
124,0,0,2020-10-21 15:22:15,2020-10-21 15:24:13
4,0,0,2020-10-21 15:22:18,2020-10-21 15:30:58
144,0,403,2020-10-21 15:22:23,2020-10-21 15:22:48
90,1,309,2020-10-21 15:22:36,2020-10-21 15:22:52
60,0,0,2020-10-21 15:22:36,2020-10-21 15:33:37
144,0,402,2020-10-21 15:22:48,2020-10-21 15:23:03
153,137,303,2020-10-21 15:22:48,2020-10-21 15:23:09
103,0,326,2020-10-21 15:22:48,2020-10-21 15:23:28
90,1,158,2020-10-21 15:22:52,2020-10-21 17:42:44
102,0,421,2020-10-21 15:22:52,2020-10-21 15:24:22
149,135,405,2020-10-21 15:22:52,2020-10-21 15:23:23
14,0,0,2020-10-21 15:22:59,2020-10-21 15:33:45
144,0,401,2020-10-21 15:23:03,2020-10-21 15:23:12
153,137,123,2020-10-21 15:23:09,2020-10-21 16:39:13
144,0,301,2020-10-21 15:23:12,2020-10-21 15:26:20
101,0,0,2020-10-21 15:23:15,2020-10-21 15:33:30
149,135,404,2020-10-21 15:23:23,2020-10-21 15:23:41
103,0,0,2020-10-21 15:23:28,2020-10-21 15:28:47
149,135,207,2020-10-21 15:23:41,2020-10-21 17:03:43
154,135,0,2020-10-21 15:24:06,2020-10-21 15:26:41
124,0,0,2020-10-21 15:24:13,2020-10-21 15:34:51
102,0,325,2020-10-21 15:24:22,2020-10-21 15:28:30
105,92,0,2020-10-21 15:24:31,2020-10-21 15:26:56
15,0,0,2020-10-21 15:24:39,2020-10-21 15:35:07
115,0,231,2020-10-21 15:24:56,2020-10-21 15:25:19
135,0,0,2020-10-21 15:25:00,2020-10-21 15:35:10
128,0,250,2020-10-21 15:25:14,2020-10-21 15:25:34
28,0,0,2020-10-21 15:25:15,2020-10-21 15:35:02
115,0,412,2020-10-21 15:25:19,2020-10-21 15:26:23
57,24,245,2020-10-21 15:25:27,2020-10-21 15:25:52
25,0,0,2020-10-21 15:25:28,2020-10-21 15:37:28
141,0,0,2020-10-21 15:25:29,2020-10-21 15:34:20
128,0,416,2020-10-21 15:25:34,2020-10-21 15:26:18
98,0,0,2020-10-21 15:25:44,2020-10-21 15:34:27
146,0,414,2020-10-21 15:25:52,2020-10-21 15:26:25
57,24,414,2020-10-21 15:25:52,2020-10-21 15:26:16
12,0,0,2020-10-21 15:26:11,2020-10-21 15:38:01
57,24,415,2020-10-21 15:26:16,2020-10-21 15:27:35
128,0,415,2020-10-21 15:26:18,2020-10-21 15:27:26
144,0,0,2020-10-21 15:26:20,2020-10-21 15:32:11
115,0,403,2020-10-21 15:26:23,2020-10-21 15:26:47
146,0,415,2020-10-21 15:26:25,2020-10-21 15:28:02
154,135,301,2020-10-21 15:26:41,2020-10-21 15:26:53
78,0,0,2020-10-21 15:26:46,2020-10-21 15:36:20
115,0,402,2020-10-21 15:26:47,2020-10-21 15:27:00
154,135,401,2020-10-21 15:26:53,2020-10-21 15:27:08
105,92,325,2020-10-21 15:26:56,2020-10-21 15:28:26
115,0,401,2020-10-21 15:27:00,2020-10-21 15:27:10
154,135,402,2020-10-21 15:27:08,2020-10-21 15:27:34
115,0,301,2020-10-21 15:27:10,2020-10-21 15:30:41
128,0,412,2020-10-21 15:27:26,2020-10-21 15:28:40
138,0,0,2020-10-21 15:27:32,2020-10-21 15:36:44
154,135,403,2020-10-21 15:27:34,2020-10-21 15:28:20
57,24,412,2020-10-21 15:27:35,2020-10-21 15:28:49
143,0,0,2020-10-21 15:27:50,2020-10-21 15:35:39
113,0,0,2020-10-21 15:27:53,2020-10-21 15:37:33
146,0,412,2020-10-21 15:28:02,2020-10-21 15:29:35
122,0,0,2020-10-21 15:28:08,2020-10-21 15:37:45
134,105,0,2020-10-21 15:28:19,2020-10-21 15:31:21
154,135,404,2020-10-21 15:28:20,2020-10-21 15:28:58
139,0,0,2020-10-21 15:28:22,2020-10-21 15:38:36
130,112,0,2020-10-21 15:28:24,2020-10-21 15:31:01
105,92,421,2020-10-21 15:28:26,2020-10-21 15:28:49
102,0,0,2020-10-21 15:28:30,2020-10-21 15:31:36
6,0,0,2020-10-21 15:28:35,2020-10-21 15:38:51
128,0,403,2020-10-21 15:28:40,2020-10-21 15:29:13
103,0,0,2020-10-21 15:28:47,2020-10-21 15:39:56
57,24,403,2020-10-21 15:28:49,2020-10-21 15:29:13
105,92,419,2020-10-21 15:28:49,2020-10-21 15:28:56
116,0,0,2020-10-21 15:28:55,2020-10-21 15:39:56
105,92,418,2020-10-21 15:28:56,2020-10-21 15:29:31
154,135,405,2020-10-21 15:28:58,2020-10-21 15:29:44
34,13,0,2020-10-21 15:29:00,2020-10-21 15:29:46
57,24,402,2020-10-21 15:29:13,2020-10-21 15:29:26
128,0,402,2020-10-21 15:29:13,2020-10-21 15:29:30
57,24,401,2020-10-21 15:29:26,2020-10-21 15:29:35
146,0,0,2020-10-21 15:29:29,2020-10-21 15:40:09
128,0,401,2020-10-21 15:29:30,2020-10-21 15:29:39
105,92,254,2020-10-21 15:29:31,2020-10-21 18:39:47
146,0,403,2020-10-21 15:29:35,2020-10-21 15:29:58
57,24,301,2020-10-21 15:29:35,2020-10-21 15:30:02
128,0,301,2020-10-21 15:29:39,2020-10-21 15:31:54
150,0,0,2020-10-21 15:29:43,2020-10-21 15:38:49
154,135,406,2020-10-21 15:29:44,2020-10-21 15:29:58
34,13,326,2020-10-21 15:29:46,2020-10-21 15:29:58
114,0,0,2020-10-21 15:29:49,2020-10-21 15:40:02
36,0,0,2020-10-21 15:29:54,2020-10-21 15:37:50
154,135,212,2020-10-21 15:29:58,2020-10-21 18:00:17
146,0,402,2020-10-21 15:29:58,2020-10-21 15:30:16
34,13,320,2020-10-21 15:29:58,2020-10-21 15:31:32
57,24,302,2020-10-21 15:30:02,2020-10-21 15:30:18
146,0,401,2020-10-21 15:30:16,2020-10-21 15:30:26
57,24,303,2020-10-21 15:30:18,2020-10-21 15:30:46
146,0,301,2020-10-21 15:30:26,2020-10-21 15:32:59
97,0,0,2020-10-21 15:30:28,2020-10-21 15:41:13
115,0,0,2020-10-21 15:30:41,2020-10-21 15:34:03
57,24,304,2020-10-21 15:30:46,2020-10-21 15:31:14
4,0,0,2020-10-21 15:30:58,2020-10-21 15:40:46
130,112,301,2020-10-21 15:31:01,2020-10-21 15:31:12
133,0,102,2020-10-21 15:31:12,2020-10-21 15:31:39
130,112,401,2020-10-21 15:31:12,2020-10-21 15:31:28
45,0,0,2020-10-21 15:31:14,2020-10-21 15:40:45
57,24,305,2020-10-21 15:31:14,2020-10-21 15:31:33
134,105,301,2020-10-21 15:31:21,2020-10-21 15:31:30
32,86,0,2020-10-21 15:31:23,2020-10-21 15:33:30
130,112,402,2020-10-21 15:31:28,2020-10-21 15:31:49
134,105,401,2020-10-21 15:31:30,2020-10-21 15:31:41
34,13,315,2020-10-21 15:31:32,2020-10-21 15:32:58
57,24,137,2020-10-21 15:31:33,2020-10-21 16:43:22
102,0,0,2020-10-21 15:31:36,2020-10-21 15:42:17
133,0,326,2020-10-21 15:31:39,2020-10-21 15:32:33
134,105,402,2020-10-21 15:31:41,2020-10-21 15:32:13
53,0,0,2020-10-21 15:31:48,2020-10-21 15:41:11
130,112,403,2020-10-21 15:31:49,2020-10-21 15:32:40
128,0,0,2020-10-21 15:31:54,2020-10-21 15:35:57
111,0,227,2020-10-21 15:32:09,2020-10-21 15:32:37
144,0,0,2020-10-21 15:32:11,2020-10-21 15:42:17
134,105,403,2020-10-21 15:32:13,2020-10-21 15:33:44
133,0,0,2020-10-21 15:32:33,2020-10-21 15:41:43
111,0,406,2020-10-21 15:32:37,2020-10-21 15:33:25
126,0,0,2020-10-21 15:32:37,2020-10-21 15:43:28
130,112,404,2020-10-21 15:32:40,2020-10-21 15:33:14
35,0,169,2020-10-21 15:32:50,2020-10-21 15:33:19
107,0,202,2020-10-21 15:32:56,2020-10-21 15:33:11
34,13,303,2020-10-21 15:32:58,2020-10-21 15:33:22
146,0,0,2020-10-21 15:32:59,2020-10-21 15:18:54
107,0,402,2020-10-21 15:33:11,2020-10-21 15:33:25
130,112,405,2020-10-21 15:33:14,2020-10-21 15:33:47
35,0,323,2020-10-21 15:33:19,2020-10-21 15:33:41
34,13,304,2020-10-21 15:33:22,2020-10-21 15:33:36
107,0,401,2020-10-21 15:33:25,2020-10-21 15:33:35
111,0,405,2020-10-21 15:33:25,2020-10-21 15:33:49
101,0,0,2020-10-21 15:33:30,2020-10-21 15:44:00
32,86,301,2020-10-21 15:33:30,2020-10-21 15:33:43
107,0,301,2020-10-21 15:33:35,2020-10-21 15:36:58
34,13,124,2020-10-21 15:33:36,2020-10-21 16:20:07
60,0,0,2020-10-21 15:33:37,2020-10-21 15:43:47
35,0,322,2020-10-21 15:33:41,2020-10-21 15:34:31
32,86,401,2020-10-21 15:33:43,2020-10-21 15:33:58
134,105,412,2020-10-21 15:33:44,2020-10-21 15:35:25
14,0,0,2020-10-21 15:33:45,2020-10-21 15:42:31
130,112,406,2020-10-21 15:33:47,2020-10-21 15:34:03
111,0,404,2020-10-21 15:33:49,2020-10-21 15:34:36
5,0,105,2020-10-21 15:33:50,2020-10-21 15:34:19
32,86,402,2020-10-21 15:33:58,2020-10-21 15:34:28
115,0,0,2020-10-21 15:34:03,2020-10-21 15:44:10
130,112,228,2020-10-21 15:34:03,2020-10-21 17:41:54
5,0,315,2020-10-21 15:34:19,2020-10-21 15:35:31
141,101,0,2020-10-21 15:34:20,2020-10-21 15:42:20
98,0,0,2020-10-21 15:34:27,2020-10-21 15:41:58
32,86,403,2020-10-21 15:34:28,2020-10-21 15:35:03
35,0,325,2020-10-21 15:34:31,2020-10-21 15:38:41
111,0,403,2020-10-21 15:34:36,2020-10-21 15:35:00
124,0,0,2020-10-21 15:34:51,2020-10-21 15:45:26
111,0,402,2020-10-21 15:35:00,2020-10-21 15:35:21
28,74,0,2020-10-21 15:35:02,2020-10-21 15:40:05
32,86,404,2020-10-21 15:35:03,2020-10-21 15:35:33
15,0,0,2020-10-21 15:35:07,2020-10-21 15:44:20
135,0,0,2020-10-21 15:35:10,2020-10-21 15:47:09
111,0,401,2020-10-21 15:35:21,2020-10-21 15:35:30
121,0,118,2020-10-21 15:35:24,2020-10-21 15:35:41
134,105,415,2020-10-21 15:35:25,2020-10-21 15:35:58
111,0,301,2020-10-21 15:35:30,2020-10-21 15:38:39
5,0,320,2020-10-21 15:35:31,2020-10-21 15:35:59
32,86,405,2020-10-21 15:35:33,2020-10-21 15:36:21
143,0,0,2020-10-21 15:35:39,2020-10-21 15:43:14
121,0,316,2020-10-21 15:35:41,2020-10-21 15:36:14
128,0,0,2020-10-21 15:35:57,2020-10-21 15:44:33
134,105,249,2020-10-21 15:35:58,2020-10-21 16:58:27
5,0,326,2020-10-21 15:35:59,2020-10-21 15:36:45
121,0,315,2020-10-21 15:36:14,2020-10-21 15:37:35
78,0,0,2020-10-21 15:36:20,2020-10-21 15:47:16
32,86,406,2020-10-21 15:36:21,2020-10-21 15:36:50
74,0,227,2020-10-21 15:36:37,2020-10-21 15:37:05
138,122,0,2020-10-21 15:36:44,2020-10-21 15:37:26
5,0,0,2020-10-21 15:36:45,2020-10-21 15:42:51
32,86,227,2020-10-21 15:36:50,2020-10-21 15:58:58
107,0,0,2020-10-21 15:36:58,2020-10-21 15:42:28
74,0,406,2020-10-21 15:37:05,2020-10-21 15:37:53
43,42,106,2020-10-21 15:37:17,2020-10-21 15:37:40
127,0,214,2020-10-21 15:37:17,2020-10-21 15:38:36
138,122,326,2020-10-21 15:37:26,2020-10-21 15:37:46
25,0,0,2020-10-21 15:37:28,2020-10-21 15:43:52
113,0,0,2020-10-21 15:37:33,2020-10-21 15:46:41
121,0,320,2020-10-21 15:37:35,2020-10-21 15:37:54
43,42,316,2020-10-21 15:37:40,2020-10-21 15:38:22
122,0,0,2020-10-21 15:37:45,2020-10-21 15:50:05
138,122,320,2020-10-21 15:37:46,2020-10-21 15:38:55
36,0,0,2020-10-21 15:37:50,2020-10-21 15:46:55
74,0,405,2020-10-21 15:37:53,2020-10-21 15:38:17
121,0,326,2020-10-21 15:37:54,2020-10-21 15:38:35
12,0,0,2020-10-21 15:38:01,2020-10-21 15:48:33
73,0,204,2020-10-21 15:38:10,2020-10-21 15:38:25
74,0,404,2020-10-21 15:38:17,2020-10-21 15:39:04
43,42,315,2020-10-21 15:38:22,2020-10-21 15:39:45
73,0,403,2020-10-21 15:38:25,2020-10-21 15:39:01
121,0,0,2020-10-21 15:38:35,2020-10-21 15:46:48
127,0,407,2020-10-21 15:38:36,2020-10-21 15:39:03
139,92,0,2020-10-21 15:38:36,2020-10-21 15:39:14
111,0,0,2020-10-21 15:38:39,2020-10-21 15:40:58
35,0,0,2020-10-21 15:38:41,2020-10-21 15:41:42
150,0,0,2020-10-21 15:38:49,2020-10-21 15:47:02
6,50,0,2020-10-21 15:38:51,2020-10-21 15:42:36
138,122,143,2020-10-21 15:38:55,2020-10-21 18:34:41
73,0,402,2020-10-21 15:39:01,2020-10-21 15:39:15
127,0,406,2020-10-21 15:39:03,2020-10-21 15:39:53
74,0,403,2020-10-21 15:39:04,2020-10-21 15:39:28
139,92,326,2020-10-21 15:39:14,2020-10-21 15:39:36
73,0,401,2020-10-21 15:39:15,2020-10-21 15:39:25
73,0,301,2020-10-21 15:39:25,2020-10-21 15:41:32
74,0,402,2020-10-21 15:39:28,2020-10-21 15:39:49
139,92,320,2020-10-21 15:39:36,2020-10-21 15:41:03
65,0,170,2020-10-21 15:39:39,2020-10-21 15:41:20
43,42,303,2020-10-21 15:39:45,2020-10-21 15:40:02
74,0,401,2020-10-21 15:39:49,2020-10-21 15:39:58
127,0,405,2020-10-21 15:39:53,2020-10-21 15:40:30
103,98,0,2020-10-21 15:39:56,2020-10-21 15:42:47
116,121,0,2020-10-21 15:39:56,2020-10-21 15:40:42
74,0,301,2020-10-21 15:39:58,2020-10-21 15:43:07
43,42,302,2020-10-21 15:40:02,2020-10-21 15:40:25
114,124,0,2020-10-21 15:40:02,2020-10-21 15:42:53
28,74,306,2020-10-21 15:40:05,2020-10-21 15:40:35
146,0,0,2020-10-21 15:40:09,2020-10-21 15:50:56
119,0,243,2020-10-21 15:40:11,2020-10-21 15:40:50
43,42,301,2020-10-21 15:40:25,2020-10-21 15:40:35
127,0,404,2020-10-21 15:40:30,2020-10-21 15:40:55
28,74,130,2020-10-21 15:40:35,2020-10-21 17:20:24
43,42,401,2020-10-21 15:40:35,2020-10-21 15:40:49
116,121,326,2020-10-21 15:40:42,2020-10-21 15:41:00
45,0,0,2020-10-21 15:40:45,2020-10-21 15:49:05
4,0,0,2020-10-21 15:40:46,2020-10-21 15:51:56
43,42,402,2020-10-21 15:40:49,2020-10-21 15:41:19
119,0,416,2020-10-21 15:40:50,2020-10-21 15:41:26
127,0,403,2020-10-21 15:40:55,2020-10-21 15:41:21
111,0,0,2020-10-21 15:40:58,2020-10-21 15:52:12
116,121,320,2020-10-21 15:41:00,2020-10-21 15:41:50
139,92,315,2020-10-21 15:41:03,2020-10-21 15:41:39
53,0,0,2020-10-21 15:41:11,2020-10-21 15:51:03
97,0,0,2020-10-21 15:41:13,2020-10-21 15:52:08
43,42,203,2020-10-21 15:41:19,2020-10-21 17:17:54
65,0,323,2020-10-21 15:41:20,2020-10-21 15:41:40
127,0,402,2020-10-21 15:41:21,2020-10-21 15:41:35
119,0,415,2020-10-21 15:41:26,2020-10-21 15:42:30
73,0,0,2020-10-21 15:41:32,2020-10-21 15:47:47
127,0,401,2020-10-21 15:41:35,2020-10-21 15:41:43
139,92,316,2020-10-21 15:41:39,2020-10-21 15:42:05
65,0,322,2020-10-21 15:41:40,2020-10-21 15:42:33
35,29,0,2020-10-21 15:41:42,2020-10-21 15:45:27
133,0,0,2020-10-21 15:41:43,2020-10-21 15:50:49
127,0,301,2020-10-21 15:41:43,2020-10-21 15:43:58
116,121,315,2020-10-21 15:41:50,2020-10-21 15:42:28
98,0,0,2020-10-21 15:41:58,2020-10-21 15:50:02
135,0,213,2020-10-21 15:42:03,2020-10-21 15:42:45
139,92,317,2020-10-21 15:42:05,2020-10-21 15:44:01
102,0,0,2020-10-21 15:42:17,2020-10-21 15:53:52
144,0,0,2020-10-21 15:42:17,2020-10-21 15:51:43
141,101,312,2020-10-21 15:42:20,2020-10-21 15:43:03
68,0,229,2020-10-21 15:42:21,2020-10-21 15:42:49
107,92,0,2020-10-21 15:42:28,2020-10-21 15:45:38
116,121,316,2020-10-21 15:42:28,2020-10-21 15:43:08
119,0,412,2020-10-21 15:42:30,2020-10-21 15:44:00
14,47,0,2020-10-21 15:42:31,2020-10-21 15:44:17
65,0,325,2020-10-21 15:42:33,2020-10-21 15:48:34
6,50,301,2020-10-21 15:42:36,2020-10-21 15:42:48
135,0,406,2020-10-21 15:42:45,2020-10-21 15:43:35
103,98,301,2020-10-21 15:42:47,2020-10-21 15:42:57
6,50,401,2020-10-21 15:42:48,2020-10-21 15:43:06
68,0,411,2020-10-21 15:42:49,2020-10-21 15:43:13
5,0,0,2020-10-21 15:42:51,2020-10-21 15:52:38
114,124,301,2020-10-21 15:42:53,2020-10-21 15:43:03
103,98,401,2020-10-21 15:42:57,2020-10-21 15:43:16
71,0,129,2020-10-21 15:43:02,2020-10-21 15:43:17
141,101,308,2020-10-21 15:43:03,2020-10-21 15:43:44
114,124,401,2020-10-21 15:43:03,2020-10-21 15:43:22
6,50,402,2020-10-21 15:43:06,2020-10-21 15:43:27
74,0,0,2020-10-21 15:43:07,2020-10-21 15:45:17
116,121,317,2020-10-21 15:43:08,2020-10-21 15:43:34
68,0,412,2020-10-21 15:43:13,2020-10-21 15:44:37
143,0,0,2020-10-21 15:43:14,2020-10-21 15:51:43
103,98,402,2020-10-21 15:43:16,2020-10-21 15:43:45
71,0,306,2020-10-21 15:43:17,2020-10-21 15:48:58
114,124,402,2020-10-21 15:43:22,2020-10-21 15:43:51
6,50,403,2020-10-21 15:43:27,2020-10-21 15:44:04
126,0,0,2020-10-21 15:43:28,2020-10-21 15:52:16
116,121,110,2020-10-21 15:43:34,2020-10-21 18:23:05
135,0,405,2020-10-21 15:43:35,2020-10-21 15:44:05
141,101,309,2020-10-21 15:43:44,2020-10-21 15:44:17
103,98,403,2020-10-21 15:43:45,2020-10-21 15:43:55
60,0,0,2020-10-21 15:43:47,2020-10-21 15:54:30
114,124,403,2020-10-21 15:43:51,2020-10-21 15:44:01
25,0,0,2020-10-21 15:43:52,2020-10-21 15:52:48
103,98,204,2020-10-21 15:43:55,2020-10-21 17:08:30
127,0,0,2020-10-21 15:43:58,2020-10-21 15:46:49
101,0,0,2020-10-21 15:44:00,2020-10-21 15:53:44
119,0,403,2020-10-21 15:44:00,2020-10-21 15:44:18
139,92,167,2020-10-21 15:44:01,2020-10-21 17:28:34
114,124,204,2020-10-21 15:44:01,2020-10-21 18:35:54
6,50,404,2020-10-21 15:44:04,2020-10-21 15:44:28
148,0,140,2020-10-21 15:44:04,2020-10-21 15:44:14
135,0,404,2020-10-21 15:44:05,2020-10-21 15:44:41
115,0,0,2020-10-21 15:44:10,2020-10-21 15:54:27
148,0,306,2020-10-21 15:44:14,2020-10-21 15:44:45
14,47,301,2020-10-21 15:44:17,2020-10-21 15:44:27
141,101,151,2020-10-21 15:44:17,2020-10-21 17:55:47
119,0,402,2020-10-21 15:44:18,2020-10-21 15:44:26
15,0,0,2020-10-21 15:44:20,2020-10-21 15:53:38
119,0,401,2020-10-21 15:44:26,2020-10-21 15:44:36
14,47,401,2020-10-21 15:44:27,2020-10-21 15:44:39
6,50,405,2020-10-21 15:44:28,2020-10-21 15:44:53
128,0,0,2020-10-21 15:44:33,2020-10-21 15:53:35
119,0,301,2020-10-21 15:44:36,2020-10-21 15:46:28
68,0,403,2020-10-21 15:44:37,2020-10-21 15:45:02
14,47,402,2020-10-21 15:44:39,2020-10-21 15:45:05
135,0,403,2020-10-21 15:44:41,2020-10-21 15:45:07
148,0,305,2020-10-21 15:44:45,2020-10-21 15:45:16
6,50,210,2020-10-21 15:44:53,2020-10-21 18:24:23
157,0,103,2020-10-21 15:45:02,2020-10-21 16:11:22
68,0,402,2020-10-21 15:45:02,2020-10-21 15:45:24
96,0,117,2020-10-21 15:45:04,2020-10-21 15:45:44
14,47,403,2020-10-21 15:45:05,2020-10-21 15:46:35
135,0,402,2020-10-21 15:45:07,2020-10-21 15:45:22
148,0,304,2020-10-21 15:45:16,2020-10-21 15:45:47
74,0,0,2020-10-21 15:45:17,2020-10-21 15:57:04
135,0,401,2020-10-21 15:45:22,2020-10-21 15:45:34
68,0,401,2020-10-21 15:45:24,2020-10-21 15:45:31
124,0,0,2020-10-21 15:45:26,2020-10-21 15:56:16
35,29,301,2020-10-21 15:45:27,2020-10-21 15:45:39
68,0,301,2020-10-21 15:45:31,2020-10-21 15:49:34
135,0,301,2020-10-21 15:45:34,2020-10-21 15:48:50
107,92,325,2020-10-21 15:45:38,2020-10-21 15:47:08
35,29,401,2020-10-21 15:45:39,2020-10-21 15:45:57
96,0,315,2020-10-21 15:45:44,2020-10-21 15:47:15
148,0,303,2020-10-21 15:45:47,2020-10-21 15:47:19
35,29,402,2020-10-21 15:45:57,2020-10-21 15:46:18
35,29,403,2020-10-21 15:46:18,2020-10-21 15:46:55
119,0,0,2020-10-21 15:46:28,2020-10-21 15:51:08
14,47,412,2020-10-21 15:46:35,2020-10-21 15:47:36
113,0,0,2020-10-21 15:46:41,2020-10-21 15:55:20
121,94,0,2020-10-21 15:46:48,2020-10-21 15:47:33
127,0,0,2020-10-21 15:46:49,2020-10-21 15:56:55
36,0,0,2020-10-21 15:46:55,2020-10-21 15:56:55
35,29,404,2020-10-21 15:46:55,2020-10-21 15:47:19
150,0,0,2020-10-21 15:47:02,2020-10-21 15:57:29
107,92,421,2020-10-21 15:47:08,2020-10-21 15:48:18
135,0,0,2020-10-21 15:47:09,2020-10-21 15:56:35
96,0,320,2020-10-21 15:47:15,2020-10-21 15:47:32
78,0,0,2020-10-21 15:47:16,2020-10-21 15:57:45
160,134,118,2020-10-21 15:47:18,2020-10-21 15:47:53
35,29,405,2020-10-21 15:47:19,2020-10-21 15:47:44
148,0,315,2020-10-21 15:47:19,2020-10-21 15:48:55
80,0,207,2020-10-21 15:47:32,2020-10-21 15:47:46
96,0,326,2020-10-21 15:47:32,2020-10-21 15:48:14
121,94,326,2020-10-21 15:47:33,2020-10-21 15:47:53
14,47,415,2020-10-21 15:47:36,2020-10-21 15:47:59
35,29,210,2020-10-21 15:47:44,2020-10-21 16:35:51
80,0,404,2020-10-21 15:47:46,2020-10-21 15:48:24
73,0,0,2020-10-21 15:47:47,2020-10-21 15:56:26
121,94,320,2020-10-21 15:47:53,2020-10-21 15:49:05
160,134,317,2020-10-21 15:47:53,2020-10-21 15:51:32
14,47,239,2020-10-21 15:47:59,2020-10-21 17:18:39
62,0,225,2020-10-21 15:48:02,2020-10-21 15:48:18
96,0,0,2020-10-21 15:48:14,2020-10-21 15:53:35
107,92,417,2020-10-21 15:48:18,2020-10-21 15:48:31
62,0,405,2020-10-21 15:48:18,2020-10-21 15:48:55
80,0,403,2020-10-21 15:48:24,2020-10-21 15:48:43
107,92,244,2020-10-21 15:48:31,2020-10-21 17:34:53
12,0,0,2020-10-21 15:48:33,2020-10-21 15:58:40
65,0,0,2020-10-21 15:48:34,2020-10-21 15:49:27
80,0,402,2020-10-21 15:48:43,2020-10-21 15:48:56
135,0,0,2020-10-21 15:48:50,2020-10-21 15:53:15
148,0,320,2020-10-21 15:48:55,2020-10-21 15:49:12
70,4,132,2020-10-21 15:48:55,2020-10-21 15:49:10
62,0,404,2020-10-21 15:48:55,2020-10-21 15:49:31
80,0,401,2020-10-21 15:48:56,2020-10-21 15:49:07
71,0,0,2020-10-21 15:48:58,2020-10-21 15:53:28
45,0,0,2020-10-21 15:49:05,2020-10-21 15:58:49
121,94,315,2020-10-21 15:49:05,2020-10-21 15:49:41
80,0,301,2020-10-21 15:49:07,2020-10-21 15:52:06
70,4,302,2020-10-21 15:49:10,2020-10-21 15:49:37
148,0,326,2020-10-21 15:49:12,2020-10-21 15:50:17
65,0,0,2020-10-21 15:49:27,2020-10-21 16:00:29
62,0,403,2020-10-21 15:49:31,2020-10-21 15:50:03
68,0,0,2020-10-21 15:49:34,2020-10-21 15:52:53
70,4,303,2020-10-21 15:49:37,2020-10-21 15:50:11
121,94,316,2020-10-21 15:49:41,2020-10-21 15:50:11
98,97,0,2020-10-21 15:50:02,2020-10-21 15:52:09
62,0,402,2020-10-21 15:50:03,2020-10-21 15:50:18
122,0,0,2020-10-21 15:50:05,2020-10-21 15:57:25
121,94,317,2020-10-21 15:50:11,2020-10-21 15:50:29
70,4,304,2020-10-21 15:50:11,2020-10-21 15:50:44
148,0,0,2020-10-21 15:50:17,2020-10-21 15:52:29
62,0,401,2020-10-21 15:50:18,2020-10-21 15:50:28
62,0,301,2020-10-21 15:50:28,2020-10-21 15:53:19
121,94,119,2020-10-21 15:50:29,2020-10-21 17:03:39
70,4,305,2020-10-21 15:50:44,2020-10-21 15:51:27
140,116,221,2020-10-21 15:50:44,2020-10-21 15:51:27
133,0,0,2020-10-21 15:50:49,2020-10-21 16:00:19
146,0,0,2020-10-21 15:50:56,2020-10-21 16:00:28
40,0,147,2020-10-21 15:50:58,2020-10-21 15:51:35
53,0,0,2020-10-21 15:51:03,2020-10-21 16:01:30
119,110,0,2020-10-21 15:51:08,2020-10-21 15:51:45
70,4,306,2020-10-21 15:51:27,2020-10-21 15:51:36
140,116,404,2020-10-21 15:51:27,2020-10-21 15:51:55
160,134,322,2020-10-21 15:51:32,2020-10-21 15:52:18
40,0,307,2020-10-21 15:51:35,2020-10-21 15:59:10
70,4,140,2020-10-21 15:51:36,2020-10-21 17:02:44
143,0,0,2020-10-21 15:51:43,2020-10-21 16:00:45
144,0,0,2020-10-21 15:51:43,2020-10-21 16:01:56
119,110,326,2020-10-21 15:51:45,2020-10-21 15:52:10
125,0,238,2020-10-21 15:51:54,2020-10-21 15:52:11
140,116,405,2020-10-21 15:51:55,2020-10-21 15:52:38
4,0,0,2020-10-21 15:51:56,2020-10-21 16:01:29
80,0,0,2020-10-21 15:52:06,2020-10-21 15:57:59
97,0,0,2020-10-21 15:52:08,2020-10-21 16:02:07
98,97,301,2020-10-21 15:52:09,2020-10-21 15:52:22
119,110,102,2020-10-21 15:52:10,2020-10-21 15:53:32
125,0,414,2020-10-21 15:52:11,2020-10-21 15:52:37
111,0,0,2020-10-21 15:52:12,2020-10-21 16:02:31
126,0,0,2020-10-21 15:52:16,2020-10-21 16:01:56
160,134,325,2020-10-21 15:52:18,2020-10-21 15:53:45
98,97,401,2020-10-21 15:52:22,2020-10-21 15:52:37
148,0,0,2020-10-21 15:52:29,2020-10-21 16:03:30
125,0,415,2020-10-21 15:52:37,2020-10-21 15:53:35
98,97,402,2020-10-21 15:52:37,2020-10-21 15:52:57
5,0,0,2020-10-21 15:52:38,2020-10-21 16:00:20
140,116,406,2020-10-21 15:52:38,2020-10-21 15:53:06
25,0,0,2020-10-21 15:52:48,2020-10-21 16:02:10
68,0,0,2020-10-21 15:52:53,2020-10-21 16:03:13
98,97,403,2020-10-21 15:52:57,2020-10-21 15:53:55
140,116,407,2020-10-21 15:53:06,2020-10-21 15:53:26
135,0,0,2020-10-21 15:53:15,2020-10-21 16:03:00
62,0,0,2020-10-21 15:53:19,2020-10-21 15:59:43
140,116,409,2020-10-21 15:53:26,2020-10-21 15:53:36
71,0,0,2020-10-21 15:53:28,2020-10-21 16:03:15
119,110,321,2020-10-21 15:53:32,2020-10-21 15:55:43
128,120,0,2020-10-21 15:53:35,2020-10-21 15:54:12
96,0,0,2020-10-21 15:53:35,2020-10-21 16:03:37
125,0,412,2020-10-21 15:53:35,2020-10-21 15:54:53
140,116,312,2020-10-21 15:53:36,2020-10-21 15:54:14
15,22,0,2020-10-21 15:53:38,2020-10-21 15:56:15
101,0,0,2020-10-21 15:53:44,2020-10-21 16:03:37
160,134,421,2020-10-21 15:53:45,2020-10-21 15:54:51
104,0,252,2020-10-21 15:53:49,2020-10-21 15:54:31
102,0,0,2020-10-21 15:53:52,2020-10-21 16:03:01
98,97,404,2020-10-21 15:53:55,2020-10-21 15:54:10
98,97,207,2020-10-21 15:54:10,2020-10-21 18:41:54
128,120,326,2020-10-21 15:54:12,2020-10-21 15:54:37
140,116,308,2020-10-21 15:54:14,2020-10-21 15:54:53
115,101,0,2020-10-21 15:54:27,2020-10-21 15:56:13
60,0,0,2020-10-21 15:54:30,2020-10-21 16:04:44
104,0,421,2020-10-21 15:54:31,2020-10-21 15:55:55
128,120,102,2020-10-21 15:54:37,2020-10-21 15:55:59
160,134,417,2020-10-21 15:54:51,2020-10-21 15:55:04
140,116,318,2020-10-21 15:54:53,2020-10-21 15:55:32
125,0,403,2020-10-21 15:54:53,2020-10-21 15:55:27
93,0,136,2020-10-21 15:54:58,2020-10-21 15:55:16
157,0,0,2020-10-21 15:55:00,2020-10-21 16:05:27
160,134,244,2020-10-21 15:55:04,2020-10-21 17:23:56
93,0,304,2020-10-21 15:55:16,2020-10-21 15:55:49
113,0,0,2020-10-21 15:55:20,2020-10-21 16:06:18
24,84,144,2020-10-21 15:55:23,2020-10-21 15:56:39
125,0,402,2020-10-21 15:55:27,2020-10-21 15:55:39
140,116,319,2020-10-21 15:55:32,2020-10-21 15:56:25
125,0,401,2020-10-21 15:55:39,2020-10-21 15:55:49
119,110,322,2020-10-21 15:55:43,2020-10-21 15:56:14
125,0,301,2020-10-21 15:55:49,2020-10-21 15:59:52
93,0,303,2020-10-21 15:55:49,2020-10-21 15:56:09
104,0,325,2020-10-21 15:55:55,2020-10-21 16:01:35
128,120,321,2020-10-21 15:55:59,2020-10-21 15:58:10
93,0,302,2020-10-21 15:56:09,2020-10-21 15:56:39
115,101,301,2020-10-21 15:56:13,2020-10-21 15:56:23
119,110,323,2020-10-21 15:56:14,2020-10-21 15:57:02
15,22,301,2020-10-21 15:56:15,2020-10-21 15:56:27
124,104,0,2020-10-21 15:56:16,2020-10-21 15:58:02
115,101,401,2020-10-21 15:56:23,2020-10-21 15:56:35
140,116,322,2020-10-21 15:56:25,2020-10-21 15:56:46
73,0,0,2020-10-21 15:56:26,2020-10-21 16:07:34
15,22,401,2020-10-21 15:56:27,2020-10-21 15:56:41
115,101,402,2020-10-21 15:56:35,2020-10-21 15:57:01
135,0,0,2020-10-21 15:56:35,2020-10-21 16:08:12
24,84,320,2020-10-21 15:56:39,2020-10-21 15:58:39
93,0,301,2020-10-21 15:56:39,2020-10-21 15:59:23
15,22,201,2020-10-21 15:56:41,2020-10-21 18:03:17
23,0,161,2020-10-21 15:56:42,2020-10-21 15:57:30
140,116,323,2020-10-21 15:56:46,2020-10-21 15:57:07
36,0,0,2020-10-21 15:56:55,2020-10-21 16:07:19
127,0,0,2020-10-21 15:56:55,2020-10-21 16:07:02
115,101,403,2020-10-21 15:57:01,2020-10-21 15:58:31
119,110,169,2020-10-21 15:57:02,2020-10-21 19:14:44
74,6,0,2020-10-21 15:57:04,2020-10-21 16:02:30
140,116,172,2020-10-21 15:57:07,2020-10-21 17:13:10
122,0,0,2020-10-21 15:57:25,2020-10-21 16:06:53
150,0,0,2020-10-21 15:57:29,2020-10-21 16:07:38
23,0,310,2020-10-21 15:57:30,2020-10-21 15:57:35
23,0,309,2020-10-21 15:57:35,2020-10-21 15:58:09
78,0,0,2020-10-21 15:57:45,2020-10-21 16:06:32
80,0,0,2020-10-21 15:57:59,2020-10-21 16:08:26
124,104,301,2020-10-21 15:58:02,2020-10-21 15:58:11
23,0,308,2020-10-21 15:58:09,2020-10-21 15:58:39
128,120,322,2020-10-21 15:58:10,2020-10-21 15:58:41
124,104,401,2020-10-21 15:58:11,2020-10-21 15:58:28
124,104,402,2020-10-21 15:58:28,2020-10-21 15:58:55
115,101,412,2020-10-21 15:58:31,2020-10-21 15:59:32
26,0,252,2020-10-21 15:58:35,2020-10-21 15:59:17
23,0,307,2020-10-21 15:58:39,2020-10-21 16:05:06
24,84,315,2020-10-21 15:58:39,2020-10-21 16:00:26
12,0,0,2020-10-21 15:58:40,2020-10-21 16:09:22
128,120,323,2020-10-21 15:58:41,2020-10-21 15:59:29
45,0,0,2020-10-21 15:58:49,2020-10-21 16:09:56
124,104,403,2020-10-21 15:58:55,2020-10-21 15:59:59
32,0,227,2020-10-21 15:58:58,2020-10-21 15:59:26
40,0,0,2020-10-21 15:59:10,2020-10-21 15:59:45
26,0,421,2020-10-21 15:59:17,2020-10-21 16:00:41
93,0,0,2020-10-21 15:59:23,2020-10-21 16:05:06
32,0,406,2020-10-21 15:59:26,2020-10-21 16:00:14
128,120,169,2020-10-21 15:59:29,2020-10-21 17:52:22
115,101,415,2020-10-21 15:59:32,2020-10-21 15:59:55
62,11,0,2020-10-21 15:59:43,2020-10-21 16:00:30
63,6,216,2020-10-21 15:59:43,2020-10-21 16:00:23
40,0,0,2020-10-21 15:59:45,2020-10-21 16:09:31
125,0,0,2020-10-21 15:59:52,2020-10-21 16:02:17
115,101,239,2020-10-21 15:59:55,2020-10-21 16:52:17
124,104,412,2020-10-21 15:59:59,2020-10-21 16:01:15
32,0,405,2020-10-21 16:00:14,2020-10-21 16:00:38
133,107,0,2020-10-21 16:00:19,2020-10-21 16:00:51
5,0,0,2020-10-21 16:00:20,2020-10-21 16:09:38
63,6,407,2020-10-21 16:00:23,2020-10-21 16:00:38
24,84,303,2020-10-21 16:00:26,2020-10-21 16:00:49
146,0,0,2020-10-21 16:00:28,2020-10-21 16:12:38
65,0,0,2020-10-21 16:00:29,2020-10-21 16:08:51
106,0,138,2020-10-21 16:00:30,2020-10-21 16:00:47
62,11,326,2020-10-21 16:00:30,2020-10-21 16:01:18
32,0,404,2020-10-21 16:00:38,2020-10-21 16:01:25
63,6,409,2020-10-21 16:00:38,2020-10-21 16:00:48
26,0,325,2020-10-21 16:00:41,2020-10-21 16:06:21
143,93,0,2020-10-21 16:00:45,2020-10-21 16:03:43
106,0,305,2020-10-21 16:00:47,2020-10-21 16:01:24
63,6,312,2020-10-21 16:00:48,2020-10-21 16:01:02
24,84,302,2020-10-21 16:00:49,2020-10-21 16:01:16
133,107,326,2020-10-21 16:00:51,2020-10-21 16:01:35
63,6,307,2020-10-21 16:01:02,2020-10-21 16:01:43
124,104,415,2020-10-21 16:01:15,2020-10-21 16:01:50
24,84,301,2020-10-21 16:01:16,2020-10-21 16:01:26
62,11,102,2020-10-21 16:01:18,2020-10-21 16:02:42
106,0,304,2020-10-21 16:01:24,2020-10-21 16:02:02
32,0,403,2020-10-21 16:01:25,2020-10-21 16:01:49
24,84,401,2020-10-21 16:01:26,2020-10-21 16:01:44
4,78,0,2020-10-21 16:01:29,2020-10-21 16:02:25
53,0,0,2020-10-21 16:01:30,2020-10-21 16:11:46
133,107,102,2020-10-21 16:01:35,2020-10-21 16:03:15
104,0,0,2020-10-21 16:01:35,2020-10-21 16:05:14
63,6,306,2020-10-21 16:01:43,2020-10-21 16:02:14
24,84,402,2020-10-21 16:01:44,2020-10-21 16:02:08
32,0,402,2020-10-21 16:01:49,2020-10-21 16:02:10
33,0,107,2020-10-21 16:01:49,2020-10-21 16:02:12
124,104,414,2020-10-21 16:01:50,2020-10-21 16:02:05
126,0,0,2020-10-21 16:01:56,2020-10-21 16:12:34
144,95,0,2020-10-21 16:01:56,2020-10-21 16:04:33
106,0,303,2020-10-21 16:02:02,2020-10-21 16:02:22
124,104,238,2020-10-21 16:02:05,2020-10-21 18:21:04
97,0,0,2020-10-21 16:02:07,2020-10-21 16:12:04
24,84,403,2020-10-21 16:02:08,2020-10-21 16:02:51
32,0,401,2020-10-21 16:02:10,2020-10-21 16:02:19
25,0,0,2020-10-21 16:02:10,2020-10-21 16:13:59
33,0,316,2020-10-21 16:02:12,2020-10-21 16:02:49
63,6,305,2020-10-21 16:02:14,2020-10-21 16:02:44
125,0,0,2020-10-21 16:02:17,2020-10-21 16:12:59
32,0,301,2020-10-21 16:02:19,2020-10-21 16:05:28
106,0,302,2020-10-21 16:02:22,2020-10-21 16:02:47
4,78,326,2020-10-21 16:02:25,2020-10-21 16:02:43
74,6,325,2020-10-21 16:02:30,2020-10-21 16:04:30
111,0,0,2020-10-21 16:02:31,2020-10-21 16:11:36
62,11,321,2020-10-21 16:02:42,2020-10-21 16:05:07
4,78,320,2020-10-21 16:02:43,2020-10-21 16:04:20
79,0,169,2020-10-21 16:02:44,2020-10-21 16:03:13
63,6,304,2020-10-21 16:02:44,2020-10-21 16:03:13
106,0,301,2020-10-21 16:02:47,2020-10-21 16:05:44
33,0,315,2020-10-21 16:02:49,2020-10-21 16:03:41
24,84,404,2020-10-21 16:02:51,2020-10-21 16:03:31
135,92,0,2020-10-21 16:03:00,2020-10-21 16:08:18
102,98,0,2020-10-21 16:03:01,2020-10-21 16:03:47
63,6,303,2020-10-21 16:03:13,2020-10-21 16:03:41
68,0,0,2020-10-21 16:03:13,2020-10-21 16:13:42
79,0,323,2020-10-21 16:03:13,2020-10-21 16:03:35
71,0,0,2020-10-21 16:03:15,2020-10-21 16:14:05
133,107,321,2020-10-21 16:03:15,2020-10-21 16:05:52
148,134,0,2020-10-21 16:03:30,2020-10-21 16:04:15
24,84,405,2020-10-21 16:03:31,2020-10-21 16:03:53
72,0,166,2020-10-21 16:03:34,2020-10-21 16:04:08
79,0,322,2020-10-21 16:03:35,2020-10-21 16:04:25
101,125,0,2020-10-21 16:03:37,2020-10-21 16:07:08
96,0,0,2020-10-21 16:03:37,2020-10-21 16:13:10
63,6,302,2020-10-21 16:03:41,2020-10-21 16:03:56
33,0,320,2020-10-21 16:03:41,2020-10-21 16:04:01
143,93,301,2020-10-21 16:03:43,2020-10-21 16:03:52
102,98,326,2020-10-21 16:03:47,2020-10-21 16:03:59
143,93,401,2020-10-21 16:03:52,2020-10-21 16:04:07
24,84,225,2020-10-21 16:03:53,2020-10-21 17:25:44
63,6,132,2020-10-21 16:03:56,2020-10-21 18:49:37
102,98,320,2020-10-21 16:03:59,2020-10-21 16:05:33
33,0,326,2020-10-21 16:04:01,2020-10-21 16:04:53
143,93,402,2020-10-21 16:04:07,2020-10-21 16:04:31
72,0,319,2020-10-21 16:04:08,2020-10-21 16:06:12
148,134,326,2020-10-21 16:04:15,2020-10-21 16:04:34
4,78,315,2020-10-21 16:04:20,2020-10-21 16:04:53
79,0,325,2020-10-21 16:04:25,2020-10-21 16:08:35
74,6,421,2020-10-21 16:04:30,2020-10-21 16:05:27
143,93,403,2020-10-21 16:04:31,2020-10-21 16:05:13
144,95,301,2020-10-21 16:04:33,2020-10-21 16:04:44
148,134,320,2020-10-21 16:04:34,2020-10-21 16:05:46
60,0,0,2020-10-21 16:04:44,2020-10-21 16:13:17
144,95,401,2020-10-21 16:04:44,2020-10-21 16:04:58
33,0,0,2020-10-21 16:04:53,2020-10-21 16:12:25
4,78,316,2020-10-21 16:04:53,2020-10-21 16:05:30
144,95,402,2020-10-21 16:04:58,2020-10-21 16:05:19
93,0,0,2020-10-21 16:05:06,2020-10-21 16:13:44
23,0,0,2020-10-21 16:05:06,2020-10-21 16:07:36
62,11,322,2020-10-21 16:05:07,2020-10-21 16:05:27
143,93,404,2020-10-21 16:05:13,2020-10-21 16:05:37
104,117,0,2020-10-21 16:05:14,2020-10-21 16:07:39
144,95,403,2020-10-21 16:05:19,2020-10-21 16:05:38
157,130,0,2020-10-21 16:05:27,2020-10-21 16:08:31
62,11,323,2020-10-21 16:05:27,2020-10-21 16:05:58
74,6,417,2020-10-21 16:05:27,2020-10-21 16:05:37
32,0,0,2020-10-21 16:05:28,2020-10-21 16:08:33
4,78,317,2020-10-21 16:05:30,2020-10-21 16:07:26
102,98,315,2020-10-21 16:05:33,2020-10-21 16:06:59
74,6,251,2020-10-21 16:05:37,2020-10-21 18:02:55
143,93,405,2020-10-21 16:05:37,2020-10-21 16:05:54
144,95,220,2020-10-21 16:05:38,2020-10-21 17:29:09
106,0,0,2020-10-21 16:05:44,2020-10-21 16:07:54
148,134,315,2020-10-21 16:05:46,2020-10-21 16:06:16
133,107,322,2020-10-21 16:05:52,2020-10-21 16:06:21
143,93,225,2020-10-21 16:05:54,2020-10-21 16:15:05
62,11,172,2020-10-21 16:05:58,2020-10-21 18:58:55
72,0,317,2020-10-21 16:06:12,2020-10-21 16:06:47
148,134,316,2020-10-21 16:06:16,2020-10-21 16:06:47
113,0,0,2020-10-21 16:06:18,2020-10-21 16:15:49
26,0,0,2020-10-21 16:06:21,2020-10-21 16:07:21
133,107,168,2020-10-21 16:06:21,2020-10-21 16:57:39
78,0,0,2020-10-21 16:06:32,2020-10-21 16:16:33
72,0,316,2020-10-21 16:06:47,2020-10-21 16:07:18
148,134,317,2020-10-21 16:06:47,2020-10-21 16:08:51
122,97,0,2020-10-21 16:06:53,2020-10-21 16:14:06
102,98,303,2020-10-21 16:06:59,2020-10-21 16:07:23
127,0,0,2020-10-21 16:07:02,2020-10-21 16:18:10
101,125,301,2020-10-21 16:07:08,2020-10-21 16:07:16
101,125,401,2020-10-21 16:07:16,2020-10-21 16:07:33
72,0,315,2020-10-21 16:07:18,2020-10-21 16:08:39
36,0,0,2020-10-21 16:07:19,2020-10-21 16:17:55
26,0,0,2020-10-21 16:07:21,2020-10-21 16:16:52
102,98,304,2020-10-21 16:07:23,2020-10-21 16:07:37
4,78,319,2020-10-21 16:07:26,2020-10-21 16:08:03
101,125,402,2020-10-21 16:07:33,2020-10-21 16:07:56
73,0,0,2020-10-21 16:07:34,2020-10-21 16:16:59
23,0,0,2020-10-21 16:07:36,2020-10-21 16:15:54
102,98,124,2020-10-21 16:07:37,2020-10-21 17:26:58
150,0,0,2020-10-21 16:07:38,2020-10-21 16:18:26
104,117,325,2020-10-21 16:07:39,2020-10-21 16:09:09
106,0,0,2020-10-21 16:07:54,2020-10-21 16:19:34
101,125,203,2020-10-21 16:07:56,2020-10-21 17:24:39
4,78,318,2020-10-21 16:08:03,2020-10-21 16:08:18
142,0,156,2020-10-21 16:08:05,2020-10-21 16:08:20
135,123,0,2020-10-21 16:08:12,2020-10-21 16:12:02
4,78,156,2020-10-21 16:08:18,2020-10-21 17:33:11
135,92,312,2020-10-21 16:08:18,2020-10-21 16:09:07
142,0,318,2020-10-21 16:08:20,2020-10-21 16:09:00
80,0,0,2020-10-21 16:08:26,2020-10-21 16:17:47
157,130,301,2020-10-21 16:08:31,2020-10-21 16:08:40
32,69,0,2020-10-21 16:08:33,2020-10-21 16:11:44
79,0,0,2020-10-21 16:08:35,2020-10-21 16:11:55
72,0,320,2020-10-21 16:08:39,2020-10-21 16:09:04
157,130,401,2020-10-21 16:08:40,2020-10-21 16:08:57
65,0,0,2020-10-21 16:08:51,2020-10-21 16:19:53
148,134,319,2020-10-21 16:08:51,2020-10-21 16:09:59
157,130,402,2020-10-21 16:08:57,2020-10-21 16:09:21
142,0,319,2020-10-21 16:09:00,2020-10-21 16:11:12
72,0,326,2020-10-21 16:09:04,2020-10-21 16:09:38
135,92,308,2020-10-21 16:09:07,2020-10-21 16:09:37
104,117,421,2020-10-21 16:09:09,2020-10-21 16:09:32
157,130,403,2020-10-21 16:09:21,2020-10-21 16:10:17
12,0,0,2020-10-21 16:09:22,2020-10-21 16:20:27
40,0,0,2020-10-21 16:09:31,2020-10-21 16:19:56
104,117,419,2020-10-21 16:09:32,2020-10-21 16:09:39
135,92,309,2020-10-21 16:09:37,2020-10-21 16:10:24
72,0,0,2020-10-21 16:09:38,2020-10-21 16:14:46
5,75,0,2020-10-21 16:09:38,2020-10-21 16:10:22
104,117,418,2020-10-21 16:09:39,2020-10-21 16:10:14
45,0,0,2020-10-21 16:09:56,2020-10-21 16:19:58
148,134,318,2020-10-21 16:09:59,2020-10-21 16:10:16
131,0,142,2020-10-21 16:10:02,2020-10-21 16:10:31
37,0,155,2020-10-21 16:10:13,2020-10-21 16:10:44
104,117,254,2020-10-21 16:10:14,2020-10-21 17:46:30
148,134,155,2020-10-21 16:10:16,2020-10-21 19:25:42
157,130,412,2020-10-21 16:10:17,2020-10-21 16:11:03
5,75,326,2020-10-21 16:10:22,2020-10-21 16:11:09
135,92,159,2020-10-21 16:10:24,2020-10-21 17:59:34
131,0,320,2020-10-21 16:10:31,2020-10-21 16:10:51
67,0,256,2020-10-21 16:10:31,2020-10-21 16:11:02
37,0,318,2020-10-21 16:10:44,2020-10-21 16:11:23
156,0,235,2020-10-21 16:10:45,2020-10-21 16:10:53
131,0,326,2020-10-21 16:10:51,2020-10-21 16:11:46
156,0,411,2020-10-21 16:10:53,2020-10-21 16:11:15
67,0,419,2020-10-21 16:11:02,2020-10-21 16:11:34
157,130,233,2020-10-21 16:11:03,2020-10-21 19:13:14
5,75,102,2020-10-21 16:11:09,2020-10-21 16:12:41
31,0,103,2020-10-21 16:11:12,2020-10-21 16:11:22
142,0,317,2020-10-21 16:11:12,2020-10-21 16:11:47
156,0,412,2020-10-21 16:11:15,2020-10-21 16:12:23
31,0,314,2020-10-21 16:11:22,2020-10-21 16:11:47
157,0,314,2020-10-21 16:11:22,2020-10-21 16:11:47
37,0,319,2020-10-21 16:11:23,2020-10-21 16:13:20
41,0,143,2020-10-21 16:11:30,2020-10-21 16:12:14
67,0,421,2020-10-21 16:11:34,2020-10-21 16:13:03
111,0,0,2020-10-21 16:11:36,2020-10-21 16:19:58
32,69,301,2020-10-21 16:11:44,2020-10-21 16:11:54
53,0,0,2020-10-21 16:11:46,2020-10-21 16:21:10
131,0,0,2020-10-21 16:11:46,2020-10-21 16:19:15
157,0,315,2020-10-21 16:11:47,2020-10-21 16:12:57
31,0,315,2020-10-21 16:11:47,2020-10-21 16:12:57
142,0,316,2020-10-21 16:11:47,2020-10-21 16:12:30
32,69,401,2020-10-21 16:11:54,2020-10-21 16:12:10
79,81,0,2020-10-21 16:11:55,2020-10-21 16:12:32
120,0,213,2020-10-21 16:11:55,2020-10-21 16:12:37
135,123,301,2020-10-21 16:12:02,2020-10-21 16:12:13
97,0,0,2020-10-21 16:12:04,2020-10-21 16:22:11
32,69,402,2020-10-21 16:12:10,2020-10-21 16:12:31
135,123,401,2020-10-21 16:12:13,2020-10-21 16:12:31
41,0,320,2020-10-21 16:12:14,2020-10-21 16:12:36
99,0,166,2020-10-21 16:12:17,2020-10-21 16:12:51
156,0,403,2020-10-21 16:12:23,2020-10-21 16:13:03
33,51,0,2020-10-21 16:12:25,2020-10-21 16:20:40
142,0,315,2020-10-21 16:12:30,2020-10-21 16:14:02
135,123,402,2020-10-21 16:12:31,2020-10-21 16:12:53
32,69,403,2020-10-21 16:12:31,2020-10-21 16:12:59
79,81,326,2020-10-21 16:12:32,2020-10-21 16:12:57
126,0,0,2020-10-21 16:12:34,2020-10-21 16:22:48
41,0,326,2020-10-21 16:12:36,2020-10-21 16:13:13
120,0,406,2020-10-21 16:12:37,2020-10-21 16:13:27
146,0,0,2020-10-21 16:12:38,2020-10-21 16:21:51
5,75,321,2020-10-21 16:12:41,2020-10-21 16:15:21
99,0,319,2020-10-21 16:12:51,2020-10-21 16:14:55
135,123,403,2020-10-21 16:12:53,2020-10-21 16:13:33
157,0,320,2020-10-21 16:12:57,2020-10-21 16:13:18
31,0,320,2020-10-21 16:12:57,2020-10-21 16:13:18
79,81,102,2020-10-21 16:12:57,2020-10-21 16:14:19
125,142,0,2020-10-21 16:12:59,2020-10-21 16:13:25
32,69,404,2020-10-21 16:12:59,2020-10-21 16:13:25
67,0,325,2020-10-21 16:13:03,2020-10-21 16:17:58
156,0,402,2020-10-21 16:13:03,2020-10-21 16:13:20
96,0,0,2020-10-21 16:13:10,2020-10-21 16:23:40
41,0,0,2020-10-21 16:13:13,2020-10-21 16:22:40
60,0,0,2020-10-21 16:13:17,2020-10-21 16:23:50
157,0,326,2020-10-21 16:13:18,2020-10-21 16:14:03
31,0,326,2020-10-21 16:13:18,2020-10-21 16:14:03
156,0,401,2020-10-21 16:13:20,2020-10-21 16:13:30
37,0,317,2020-10-21 16:13:20,2020-10-21 16:13:52
32,69,405,2020-10-21 16:13:25,2020-10-21 16:13:57
125,142,326,2020-10-21 16:13:25,2020-10-21 16:14:12
120,0,405,2020-10-21 16:13:27,2020-10-21 16:13:57
156,0,301,2020-10-21 16:13:30,2020-10-21 16:17:30
135,123,404,2020-10-21 16:13:33,2020-10-21 16:14:06
68,0,0,2020-10-21 16:13:42,2020-10-21 16:23:21
93,0,0,2020-10-21 16:13:44,2020-10-21 16:23:42
37,0,316,2020-10-21 16:13:52,2020-10-21 16:14:32
32,69,406,2020-10-21 16:13:57,2020-10-21 16:14:29
120,0,404,2020-10-21 16:13:57,2020-10-21 16:14:33
25,0,0,2020-10-21 16:13:59,2020-10-21 16:23:42
142,0,320,2020-10-21 16:14:02,2020-10-21 16:14:17
157,0,0,2020-10-21 16:14:03,2020-10-21 15:55:00
31,0,0,2020-10-21 16:14:03,2020-10-21 16:20:57
71,0,0,2020-10-21 16:14:05,2020-10-21 16:23:45
122,97,312,2020-10-21 16:14:06,2020-10-21 16:15:01
135,123,405,2020-10-21 16:14:06,2020-10-21 16:14:45
125,142,102,2020-10-21 16:14:12,2020-10-21 16:15:16
142,0,326,2020-10-21 16:14:17,2020-10-21 16:15:00
79,81,321,2020-10-21 16:14:19,2020-10-21 16:16:30
32,69,407,2020-10-21 16:14:29,2020-10-21 16:15:12
37,0,315,2020-10-21 16:14:32,2020-10-21 16:16:00
120,0,403,2020-10-21 16:14:33,2020-10-21 16:14:59
135,123,406,2020-10-21 16:14:45,2020-10-21 16:15:10
72,82,0,2020-10-21 16:14:46,2020-10-21 16:17:50
99,0,317,2020-10-21 16:14:55,2020-10-21 16:15:30
120,0,402,2020-10-21 16:14:59,2020-10-21 16:15:14
142,0,0,2020-10-21 16:15:00,2020-10-21 16:16:47
122,97,308,2020-10-21 16:15:01,2020-10-21 16:15:32
143,102,225,2020-10-21 16:15:05,2020-10-21 16:15:24
135,123,213,2020-10-21 16:15:10,2020-10-21 15:42:03
32,69,216,2020-10-21 16:15:12,2020-10-21 17:33:49
120,0,401,2020-10-21 16:15:14,2020-10-21 16:15:26
125,142,321,2020-10-21 16:15:16,2020-10-21 16:17:34
5,75,322,2020-10-21 16:15:21,2020-10-21 16:15:49
143,102,405,2020-10-21 16:15:24,2020-10-21 16:16:12
120,0,301,2020-10-21 16:15:26,2020-10-21 16:18:42
99,0,316,2020-10-21 16:15:30,2020-10-21 16:16:01
122,97,309,2020-10-21 16:15:32,2020-10-21 16:15:42
122,97,310,2020-10-21 16:15:42,2020-10-21 16:16:22
5,75,323,2020-10-21 16:15:49,2020-10-21 16:16:54
113,0,0,2020-10-21 16:15:49,2020-10-21 16:26:42
23,0,0,2020-10-21 16:15:54,2020-10-21 16:24:16
37,0,320,2020-10-21 16:16:00,2020-10-21 16:16:22
99,0,315,2020-10-21 16:16:01,2020-10-21 16:17:22
143,102,406,2020-10-21 16:16:12,2020-10-21 16:16:36
122,97,152,2020-10-21 16:16:22,2020-10-21 18:27:53
37,0,326,2020-10-21 16:16:22,2020-10-21 16:16:59
79,81,322,2020-10-21 16:16:30,2020-10-21 16:17:01
78,0,0,2020-10-21 16:16:33,2020-10-21 16:26:10
143,102,407,2020-10-21 16:16:36,2020-10-21 16:16:57
142,0,0,2020-10-21 16:16:47,2020-10-21 16:27:46
26,67,0,2020-10-21 16:16:52,2020-10-21 16:18:38
5,75,170,2020-10-21 16:16:54,2020-10-21 16:31:50
143,102,409,2020-10-21 16:16:57,2020-10-21 16:17:06
37,0,0,2020-10-21 16:16:59,2020-10-21 16:20:43
73,0,0,2020-10-21 16:16:59,2020-10-21 16:27:15
79,81,323,2020-10-21 16:17:01,2020-10-21 16:17:49
143,102,312,2020-10-21 16:17:06,2020-10-21 16:17:53
132,0,251,2020-10-21 16:17:08,2020-10-21 16:17:19
132,0,417,2020-10-21 16:17:19,2020-10-21 16:18:39
99,0,320,2020-10-21 16:17:22,2020-10-21 16:17:47
156,0,0,2020-10-21 16:17:30,2020-10-21 16:20:32
125,142,322,2020-10-21 16:17:34,2020-10-21 16:17:51
80,0,0,2020-10-21 16:17:47,2020-10-21 16:26:53
99,0,326,2020-10-21 16:17:47,2020-10-21 16:18:21
79,81,169,2020-10-21 16:17:49,2020-10-21 18:16:58
72,82,301,2020-10-21 16:17:50,2020-10-21 16:17:59
125,142,323,2020-10-21 16:17:51,2020-10-21 16:18:41
143,102,308,2020-10-21 16:17:53,2020-10-21 16:18:19
36,0,0,2020-10-21 16:17:55,2020-10-21 16:29:57
67,0,0,2020-10-21 16:17:58,2020-10-21 16:20:05
72,82,401,2020-10-21 16:17:59,2020-10-21 16:18:16
127,0,0,2020-10-21 16:18:10,2020-10-21 16:28:05
72,82,402,2020-10-21 16:18:16,2020-10-21 16:18:40
143,102,309,2020-10-21 16:18:19,2020-10-21 16:18:28
99,0,0,2020-10-21 16:18:21,2020-10-21 16:20:31
150,0,0,2020-10-21 16:18:26,2020-10-21 16:27:49
143,102,310,2020-10-21 16:18:28,2020-10-21 16:19:18
26,67,301,2020-10-21 16:18:38,2020-10-21 16:18:48
132,0,421,2020-10-21 16:18:39,2020-10-21 16:20:20
2,0,134,2020-10-21 16:18:40,2020-10-21 16:18:59
72,82,403,2020-10-21 16:18:40,2020-10-21 16:19:36
125,142,173,2020-10-21 16:18:41,2020-10-21 17:59:29
120,0,0,2020-10-21 16:18:42,2020-10-21 16:23:04
26,67,401,2020-10-21 16:18:48,2020-10-21 16:19:00
2,0,303,2020-10-21 16:18:59,2020-10-21 16:19:16
26,67,402,2020-10-21 16:19:00,2020-10-21 16:19:26
131,0,0,2020-10-21 16:19:15,2020-10-21 16:30:25
2,0,302,2020-10-21 16:19:16,2020-10-21 16:19:31
143,102,311,2020-10-21 16:19:18,2020-10-21 16:19:47
26,67,403,2020-10-21 16:19:26,2020-10-21 16:20:56
2,0,301,2020-10-21 16:19:31,2020-10-21 16:22:22
106,0,0,2020-10-21 16:19:34,2020-10-21 16:30:49
72,82,412,2020-10-21 16:19:36,2020-10-21 16:20:22
143,102,153,2020-10-21 16:19:47,2020-10-21 17:32:14
65,0,0,2020-10-21 16:19:53,2020-10-21 16:30:26
40,72,0,2020-10-21 16:19:56,2020-10-21 16:20:53
45,18,0,2020-10-21 16:19:58,2020-10-21 16:20:47
111,0,0,2020-10-21 16:19:58,2020-10-21 16:30:25
67,0,0,2020-10-21 16:20:05,2020-10-21 16:30:04
34,0,124,2020-10-21 16:20:07,2020-10-21 16:20:27
69,0,243,2020-10-21 16:20:17,2020-10-21 16:20:56
132,0,325,2020-10-21 16:20:20,2020-10-21 16:27:10
72,82,233,2020-10-21 16:20:22,2020-10-21 19:58:44
34,0,304,2020-10-21 16:20:27,2020-10-21 16:20:57
12,0,0,2020-10-21 16:20:27,2020-10-21 16:31:25
99,0,0,2020-10-21 16:20:31,2020-10-21 16:29:40
156,0,0,2020-10-21 16:20:32,2020-10-21 16:30:33
33,51,324,2020-10-21 16:20:40,2020-10-21 16:21:43
37,0,0,2020-10-21 16:20:43,2020-10-21 16:32:19
45,18,326,2020-10-21 16:20:47,2020-10-21 16:21:07
40,72,326,2020-10-21 16:20:53,2020-10-21 16:21:13
69,0,416,2020-10-21 16:20:56,2020-10-21 16:21:32
26,67,412,2020-10-21 16:20:56,2020-10-21 16:21:57
34,0,303,2020-10-21 16:20:57,2020-10-21 16:21:20
31,0,0,2020-10-21 16:20:57,2020-10-21 16:32:14
45,18,320,2020-10-21 16:21:07,2020-10-21 16:22:24
53,0,0,2020-10-21 16:21:10,2020-10-21 16:32:37
40,72,320,2020-10-21 16:21:13,2020-10-21 16:22:41
34,0,302,2020-10-21 16:21:20,2020-10-21 16:21:47
69,0,415,2020-10-21 16:21:32,2020-10-21 16:22:36
33,51,175,2020-10-21 16:21:43,2020-10-21 19:02:20
34,0,301,2020-10-21 16:21:47,2020-10-21 16:24:14
39,0,102,2020-10-21 16:21:47,2020-10-21 16:22:14
16,0,169,2020-10-21 16:21:50,2020-10-21 16:22:19
146,0,0,2020-10-21 16:21:51,2020-10-21 16:32:09
26,67,415,2020-10-21 16:21:57,2020-10-21 16:22:20
97,142,0,2020-10-21 16:22:11,2020-10-21 16:29:03
39,0,326,2020-10-21 16:22:14,2020-10-21 16:23:08
16,0,323,2020-10-21 16:22:19,2020-10-21 16:22:41
26,67,239,2020-10-21 16:22:20,2020-10-21 18:47:11
2,0,0,2020-10-21 16:22:22,2020-10-21 16:29:17
45,18,315,2020-10-21 16:22:24,2020-10-21 16:23:08
69,0,412,2020-10-21 16:22:36,2020-10-21 16:24:06
41,0,0,2020-10-21 16:22:40,2020-10-21 16:33:49
40,72,315,2020-10-21 16:22:41,2020-10-21 16:23:57
16,0,322,2020-10-21 16:22:41,2020-10-21 16:23:31
126,0,0,2020-10-21 16:22:48,2020-10-21 16:32:48
120,0,0,2020-10-21 16:23:04,2020-10-21 16:35:33
45,18,316,2020-10-21 16:23:08,2020-10-21 16:23:37
39,0,0,2020-10-21 16:23:08,2020-10-21 16:29:27
68,0,0,2020-10-21 16:23:21,2020-10-21 16:32:05
16,0,325,2020-10-21 16:23:31,2020-10-21 16:27:41
45,18,317,2020-10-21 16:23:37,2020-10-21 16:25:40
96,58,0,2020-10-21 16:23:40,2020-10-21 16:26:15
25,0,0,2020-10-21 16:23:42,2020-10-21 16:33:05
93,89,0,2020-10-21 16:23:42,2020-10-21 16:31:57
71,0,0,2020-10-21 16:23:45,2020-10-21 16:34:49
60,1,0,2020-10-21 16:23:50,2020-10-21 16:32:05
40,72,303,2020-10-21 16:23:57,2020-10-21 16:24:27
69,0,403,2020-10-21 16:24:06,2020-10-21 16:24:24
34,0,0,2020-10-21 16:24:14,2020-10-21 16:28:53
23,0,0,2020-10-21 16:24:16,2020-10-21 16:32:26
69,0,402,2020-10-21 16:24:24,2020-10-21 16:24:32
40,72,304,2020-10-21 16:24:27,2020-10-21 16:25:03
69,0,401,2020-10-21 16:24:32,2020-10-21 16:24:42
69,0,301,2020-10-21 16:24:42,2020-10-21 16:26:34
40,72,305,2020-10-21 16:25:03,2020-10-21 16:25:18
40,72,127,2020-10-21 16:25:18,2020-10-21 18:22:03
82,0,169,2020-10-21 16:25:25,2020-10-21 16:25:54
137,92,118,2020-10-21 16:25:35,2020-10-21 16:26:11
45,18,319,2020-10-21 16:25:40,2020-10-21 16:26:21
82,0,323,2020-10-21 16:25:54,2020-10-21 16:26:16
78,0,0,2020-10-21 16:26:10,2020-10-21 16:36:12
137,92,317,2020-10-21 16:26:11,2020-10-21 16:27:42
96,58,301,2020-10-21 16:26:15,2020-10-21 16:26:27
82,0,322,2020-10-21 16:26:16,2020-10-21 16:27:06
45,18,318,2020-10-21 16:26:21,2020-10-21 16:27:01
96,58,401,2020-10-21 16:26:27,2020-10-21 16:26:42
69,0,0,2020-10-21 16:26:34,2020-10-21 16:29:55
147,137,225,2020-10-21 16:26:38,2020-10-21 16:26:53
96,58,402,2020-10-21 16:26:42,2020-10-21 16:27:08
113,0,0,2020-10-21 16:26:42,2020-10-21 16:37:02
132,0,0,2020-10-21 16:26:51,2020-10-21 16:37:23
80,0,0,2020-10-21 16:26:53,2020-10-21 16:36:30
147,137,405,2020-10-21 16:26:53,2020-10-21 16:27:25
45,18,154,2020-10-21 16:27:01,2020-10-21 18:07:14
82,0,325,2020-10-21 16:27:06,2020-10-21 16:31:16
96,58,403,2020-10-21 16:27:08,2020-10-21 16:27:54
132,0,0,2020-10-21 16:27:10,2020-10-21 16:26:51
73,1,0,2020-10-21 16:27:15,2020-10-21 16:27:59
147,137,404,2020-10-21 16:27:25,2020-10-21 16:27:58
16,0,0,2020-10-21 16:27:41,2020-10-21 16:31:51
137,92,319,2020-10-21 16:27:42,2020-10-21 16:28:21
142,0,0,2020-10-21 16:27:46,2020-10-21 16:37:29
150,0,0,2020-10-21 16:27:49,2020-10-21 16:38:29
96,58,404,2020-10-21 16:27:54,2020-10-21 16:28:32
147,137,403,2020-10-21 16:27:58,2020-10-21 16:28:15
73,1,326,2020-10-21 16:27:59,2020-10-21 16:28:46
127,0,0,2020-10-21 16:28:05,2020-10-21 16:38:21
147,137,220,2020-10-21 16:28:15,2020-10-21 18:10:25
137,92,318,2020-10-21 16:28:21,2020-10-21 16:29:06
96,58,405,2020-10-21 16:28:32,2020-10-21 16:29:18
73,1,102,2020-10-21 16:28:46,2020-10-21 16:30:18
34,0,0,2020-10-21 16:28:53,2020-10-21 16:38:03
97,142,324,2020-10-21 16:29:03,2020-10-21 16:29:59
137,92,308,2020-10-21 16:29:06,2020-10-21 16:30:13
2,7,0,2020-10-21 16:29:17,2020-10-21 16:35:15
96,58,406,2020-10-21 16:29:18,2020-10-21 16:29:32
39,0,0,2020-10-21 16:29:27,2020-10-21 16:36:37
96,58,212,2020-10-21 16:29:32,2020-10-21 18:05:31
99,0,0,2020-10-21 16:29:40,2020-10-21 16:40:08
69,0,0,2020-10-21 16:29:55,2020-10-21 16:41:44
36,0,0,2020-10-21 16:29:57,2020-10-21 16:40:57
97,142,177,2020-10-21 16:29:59,2020-10-21 18:16:10
67,0,0,2020-10-21 16:30:04,2020-10-21 16:39:29
137,92,312,2020-10-21 16:30:13,2020-10-21 16:30:22
73,1,321,2020-10-21 16:30:18,2020-10-21 16:32:58
137,92,409,2020-10-21 16:30:22,2020-10-21 16:30:43
131,0,0,2020-10-21 16:30:25,2020-10-21 16:40:09
111,0,0,2020-10-21 16:30:25,2020-10-21 16:40:20
65,15,0,2020-10-21 16:30:26,2020-10-21 16:33:33
156,0,0,2020-10-21 16:30:33,2020-10-21 16:42:27
137,92,407,2020-10-21 16:30:43,2020-10-21 16:31:03
106,0,0,2020-10-21 16:30:49,2020-10-21 16:41:44
137,92,213,2020-10-21 16:31:03,2020-10-21 18:12:12
82,0,0,2020-10-21 16:31:16,2020-10-21 16:34:37
12,0,0,2020-10-21 16:31:25,2020-10-21 16:40:50
92,0,249,2020-10-21 16:31:40,2020-10-21 16:32:09
5,0,170,2020-10-21 16:31:50,2020-10-21 16:33:31
16,0,0,2020-10-21 16:31:51,2020-10-21 16:43:31
93,89,324,2020-10-21 16:31:57,2020-10-21 16:33:00
60,1,324,2020-10-21 16:32:05,2020-10-21 16:33:08
68,0,0,2020-10-21 16:32:05,2020-10-21 16:43:39
146,0,0,2020-10-21 16:32:09,2020-10-21 16:41:18
92,0,415,2020-10-21 16:32:09,2020-10-21 16:33:57
31,0,0,2020-10-21 16:32:14,2020-10-21 16:41:21
155,0,218,2020-10-21 16:32:15,2020-10-21 16:32:34
37,0,0,2020-10-21 16:32:19,2020-10-21 16:39:51
23,0,0,2020-10-21 16:32:26,2020-10-21 16:41:03
155,0,401,2020-10-21 16:32:34,2020-10-21 16:32:45
53,0,0,2020-10-21 16:32:37,2020-10-21 16:41:12
155,0,301,2020-10-21 16:32:45,2020-10-21 16:36:05
126,0,0,2020-10-21 16:32:48,2020-10-21 16:43:37
73,1,322,2020-10-21 16:32:58,2020-10-21 16:33:26
93,89,175,2020-10-21 16:33:00,2020-10-21 19:09:11
25,0,0,2020-10-21 16:33:05,2020-10-21 16:41:17
60,1,175,2020-10-21 16:33:08,2020-10-21 17:31:08
17,0,177,2020-10-21 16:33:25,2020-10-21 16:34:17
73,1,323,2020-10-21 16:33:26,2020-10-21 16:34:31
5,0,323,2020-10-21 16:33:31,2020-10-21 16:33:51
65,15,301,2020-10-21 16:33:33,2020-10-21 16:33:42
136,0,112,2020-10-21 16:33:38,2020-10-21 16:34:07
65,15,401,2020-10-21 16:33:42,2020-10-21 16:33:57
41,0,0,2020-10-21 16:33:49,2020-10-21 16:44:04
5,0,322,2020-10-21 16:33:51,2020-10-21 16:34:44
65,15,402,2020-10-21 16:33:57,2020-10-21 16:34:22
92,0,412,2020-10-21 16:33:57,2020-10-21 16:35:02
136,0,315,2020-10-21 16:34:07,2020-10-21 16:35:20
17,0,324,2020-10-21 16:34:17,2020-10-21 16:39:55
65,15,403,2020-10-21 16:34:22,2020-10-21 16:34:47
81,60,245,2020-10-21 16:34:23,2020-10-21 16:34:47
73,1,170,2020-10-21 16:34:31,2020-10-21 17:14:28
54,0,208,2020-10-21 16:34:36,2020-10-21 16:35:13
82,0,0,2020-10-21 16:34:37,2020-10-21 16:43:27
5,0,325,2020-10-21 16:34:44,2020-10-21 16:40:45
65,15,205,2020-10-21 16:34:47,2020-10-21 18:00:04
81,60,414,2020-10-21 16:34:47,2020-10-21 16:35:19
71,0,0,2020-10-21 16:34:49,2020-10-21 16:43:22
30,0,124,2020-10-21 16:34:49,2020-10-21 16:35:09
92,0,403,2020-10-21 16:35:02,2020-10-21 16:35:30
30,0,304,2020-10-21 16:35:09,2020-10-21 16:35:39
54,0,404,2020-10-21 16:35:13,2020-10-21 16:35:49
2,7,307,2020-10-21 16:35:15,2020-10-21 16:35:41
81,60,415,2020-10-21 16:35:19,2020-10-21 16:36:22
136,0,320,2020-10-21 16:35:20,2020-10-21 16:35:41
92,0,402,2020-10-21 16:35:30,2020-10-21 16:35:40
120,0,0,2020-10-21 16:35:33,2020-10-21 16:46:07
30,0,303,2020-10-21 16:35:39,2020-10-21 16:36:02
92,0,401,2020-10-21 16:35:40,2020-10-21 16:35:50
2,7,147,2020-10-21 16:35:41,2020-10-21 17:23:30
136,0,326,2020-10-21 16:35:41,2020-10-21 16:36:03
54,0,403,2020-10-21 16:35:49,2020-10-21 16:36:10
92,0,301,2020-10-21 16:35:50,2020-10-21 16:38:27
35,0,210,2020-10-21 16:35:51,2020-10-21 16:36:16
30,0,302,2020-10-21 16:36:02,2020-10-21 16:36:29
136,0,0,2020-10-21 16:36:03,2020-10-21 16:41:53
155,0,0,2020-10-21 16:36:05,2020-10-21 16:42:30
54,0,402,2020-10-21 16:36:10,2020-10-21 16:36:27
78,0,0,2020-10-21 16:36:12,2020-10-21 16:46:30
35,0,405,2020-10-21 16:36:16,2020-10-21 16:36:48
81,60,412,2020-10-21 16:36:22,2020-10-21 16:37:47
54,0,401,2020-10-21 16:36:27,2020-10-21 16:36:39
30,0,301,2020-10-21 16:36:29,2020-10-21 16:38:56
80,0,0,2020-10-21 16:36:30,2020-10-21 16:45:37
39,0,0,2020-10-21 16:36:37,2020-10-21 16:46:13
54,0,301,2020-10-21 16:36:39,2020-10-21 16:39:14
35,0,404,2020-10-21 16:36:48,2020-10-21 16:37:37
113,0,0,2020-10-21 16:37:02,2020-10-21 16:46:28
132,0,0,2020-10-21 16:37:23,2020-10-21 16:45:48
142,0,0,2020-10-21 16:37:29,2020-10-21 16:48:08
35,0,403,2020-10-21 16:37:37,2020-10-21 16:37:58
81,60,403,2020-10-21 16:37:47,2020-10-21 16:38:40
35,0,402,2020-10-21 16:37:58,2020-10-21 16:38:13
95,0,228,2020-10-21 16:38:03,2020-10-21 16:38:18
34,0,0,2020-10-21 16:38:03,2020-10-21 16:50:11
35,0,401,2020-10-21 16:38:13,2020-10-21 16:38:22
95,0,406,2020-10-21 16:38:18,2020-10-21 16:39:03
127,0,0,2020-10-21 16:38:21,2020-10-21 16:48:47
35,0,301,2020-10-21 16:38:22,2020-10-21 16:42:12
50,0,118,2020-10-21 16:38:22,2020-10-21 16:38:39
92,0,0,2020-10-21 16:38:27,2020-10-21 16:40:45
150,0,0,2020-10-21 16:38:29,2020-10-21 16:47:04
50,0,316,2020-10-21 16:38:39,2020-10-21 16:39:12
81,60,404,2020-10-21 16:38:40,2020-10-21 16:39:17
30,0,0,2020-10-21 16:38:56,2020-10-21 16:43:17
95,0,405,2020-10-21 16:39:03,2020-10-21 16:39:43
50,0,315,2020-10-21 16:39:12,2020-10-21 16:40:33
153,138,123,2020-10-21 16:39:13,2020-10-21 16:39:56
54,0,0,2020-10-21 16:39:14,2020-10-21 16:45:04
81,60,208,2020-10-21 16:39:17,2020-10-21 17:58:52
67,0,0,2020-10-21 16:39:29,2020-10-21 16:49:17
95,0,404,2020-10-21 16:39:43,2020-10-21 16:40:31
37,0,0,2020-10-21 16:39:51,2020-10-21 16:50:16
17,0,0,2020-10-21 16:39:55,2020-10-21 16:43:07
153,138,304,2020-10-21 16:39:56,2020-10-21 16:40:18
99,127,0,2020-10-21 16:40:08,2020-10-21 16:43:19
131,0,0,2020-10-21 16:40:09,2020-10-21 16:49:04
120,98,228,2020-10-21 16:40:12,2020-10-21 16:40:26
153,138,124,2020-10-21 16:40:18,2020-10-21 18:23:36
111,0,0,2020-10-21 16:40:20,2020-10-21 16:49:46
120,98,406,2020-10-21 16:40:26,2020-10-21 16:41:18
95,0,403,2020-10-21 16:40:31,2020-10-21 16:40:57
50,0,320,2020-10-21 16:40:33,2020-10-21 16:40:52
120,0,224,2020-10-21 16:40:36,2020-10-21 16:41:14
5,0,0,2020-10-21 16:40:45,2020-10-21 16:43:01
92,0,0,2020-10-21 16:40:45,2020-10-21 16:51:19
12,0,0,2020-10-21 16:40:50,2020-10-21 16:52:02
50,0,326,2020-10-21 16:40:52,2020-10-21 16:41:33
95,0,402,2020-10-21 16:40:57,2020-10-21 16:41:11
36,0,0,2020-10-21 16:40:57,2020-10-21 16:50:55
23,0,0,2020-10-21 16:41:03,2020-10-21 16:49:50
95,0,401,2020-10-21 16:41:11,2020-10-21 16:41:22
53,0,0,2020-10-21 16:41:12,2020-10-21 16:51:58
120,0,404,2020-10-21 16:41:14,2020-10-21 16:41:45
25,0,0,2020-10-21 16:41:17,2020-10-21 16:50:07
120,98,405,2020-10-21 16:41:18,2020-10-21 16:41:39
146,0,0,2020-10-21 16:41:18,2020-10-21 16:50:59
31,0,0,2020-10-21 16:41:21,2020-10-21 16:52:06
95,0,301,2020-10-21 16:41:22,2020-10-21 16:44:39
83,0,234,2020-10-21 16:41:31,2020-10-21 16:41:49
50,0,0,2020-10-21 16:41:33,2020-10-21 16:47:59
120,98,224,2020-10-21 16:41:39,2020-10-21 16:40:36
106,0,0,2020-10-21 16:41:44,2020-10-21 16:51:08
69,0,0,2020-10-21 16:41:44,2020-10-21 16:52:21
120,0,403,2020-10-21 16:41:45,2020-10-21 16:42:10
83,0,411,2020-10-21 16:41:49,2020-10-21 16:42:16
136,0,0,2020-10-21 16:41:53,2020-10-21 16:52:25
120,0,402,2020-10-21 16:42:10,2020-10-21 16:42:22
35,0,0,2020-10-21 16:42:12,2020-10-21 16:45:36
83,0,412,2020-10-21 16:42:16,2020-10-21 16:43:35
120,0,401,2020-10-21 16:42:22,2020-10-21 16:42:32
156,0,0,2020-10-21 16:42:27,2020-10-21 16:50:50
155,0,0,2020-10-21 16:42:30,2020-10-21 16:53:54
120,0,301,2020-10-21 16:42:32,2020-10-21 16:44:58
5,0,0,2020-10-21 16:43:01,2020-10-21 16:50:40
17,0,0,2020-10-21 16:43:07,2020-10-21 16:53:46
30,0,0,2020-10-21 16:43:17,2020-10-21 16:53:03
99,127,301,2020-10-21 16:43:19,2020-10-21 16:43:29
71,0,0,2020-10-21 16:43:22,2020-10-21 16:51:56
57,0,137,2020-10-21 16:43:22,2020-10-21 16:43:49
82,81,0,2020-10-21 16:43:27,2020-10-21 16:46:43
99,127,401,2020-10-21 16:43:29,2020-10-21 16:43:45
16,0,0,2020-10-21 16:43:31,2020-10-21 16:52:41
89,0,254,2020-10-21 16:43:33,2020-10-21 16:44:07
83,0,403,2020-10-21 16:43:35,2020-10-21 16:44:02
126,96,0,2020-10-21 16:43:37,2020-10-21 16:47:11
68,0,0,2020-10-21 16:43:39,2020-10-21 16:52:40
99,127,402,2020-10-21 16:43:45,2020-10-21 16:44:06
57,0,305,2020-10-21 16:43:49,2020-10-21 16:44:12
83,0,402,2020-10-21 16:44:02,2020-10-21 16:44:17
41,0,0,2020-10-21 16:44:04,2020-10-21 16:55:03
99,127,403,2020-10-21 16:44:06,2020-10-21 16:44:34
89,0,418,2020-10-21 16:44:07,2020-10-21 16:44:15
57,0,304,2020-10-21 16:44:12,2020-10-21 16:44:40
89,0,419,2020-10-21 16:44:15,2020-10-21 16:44:37
83,0,401,2020-10-21 16:44:17,2020-10-21 16:44:27
83,0,301,2020-10-21 16:44:27,2020-10-21 16:47:49
99,127,404,2020-10-21 16:44:34,2020-10-21 16:45:00
94,0,256,2020-10-21 16:44:35,2020-10-21 16:45:06
89,0,421,2020-10-21 16:44:37,2020-10-21 16:46:46
95,0,0,2020-10-21 16:44:39,2020-10-21 16:47:54
57,0,303,2020-10-21 16:44:40,2020-10-21 16:45:03
120,0,0,2020-10-21 16:44:58,2020-10-21 16:50:54
99,127,405,2020-10-21 16:45:00,2020-10-21 16:45:32
57,0,302,2020-10-21 16:45:03,2020-10-21 16:45:20
54,25,0,2020-10-21 16:45:04,2020-10-21 16:47:41
94,0,419,2020-10-21 16:45:06,2020-10-21 16:45:38
57,0,301,2020-10-21 16:45:20,2020-10-21 16:48:43
99,127,406,2020-10-21 16:45:32,2020-10-21 16:46:04
35,41,0,2020-10-21 16:45:36,2020-10-21 16:48:01
80,86,0,2020-10-21 16:45:37,2020-10-21 16:48:26
94,0,421,2020-10-21 16:45:38,2020-10-21 16:47:07
132,0,0,2020-10-21 16:45:48,2020-10-21 16:57:19
99,127,407,2020-10-21 16:46:04,2020-10-21 16:46:47
120,0,0,2020-10-21 16:46:07,2020-10-21 16:58:23
39,27,0,2020-10-21 16:46:13,2020-10-21 16:46:50
113,119,0,2020-10-21 16:46:28,2020-10-21 16:53:27
78,0,0,2020-10-21 16:46:30,2020-10-21 16:55:45
82,81,312,2020-10-21 16:46:43,2020-10-21 16:47:40
89,0,325,2020-10-21 16:46:46,2020-10-21 16:51:30
99,127,216,2020-10-21 16:46:47,2020-10-21 17:48:41
39,27,326,2020-10-21 16:46:50,2020-10-21 16:47:15
150,0,0,2020-10-21 16:47:04,2020-10-21 16:58:37
94,0,325,2020-10-21 16:47:07,2020-10-21 16:52:02
126,96,301,2020-10-21 16:47:11,2020-10-21 16:47:20
39,27,102,2020-10-21 16:47:15,2020-10-21 16:48:37
126,96,401,2020-10-21 16:47:20,2020-10-21 16:47:33
126,96,402,2020-10-21 16:47:33,2020-10-21 16:48:04
82,81,308,2020-10-21 16:47:40,2020-10-21 16:48:07
54,25,301,2020-10-21 16:47:41,2020-10-21 16:47:52
39,0,169,2020-10-21 16:47:48,2020-10-21 16:48:17
83,0,0,2020-10-21 16:47:49,2020-10-21 16:51:42
54,25,401,2020-10-21 16:47:52,2020-10-21 16:48:08
95,36,0,2020-10-21 16:47:54,2020-10-21 16:48:40
50,0,0,2020-10-21 16:47:59,2020-10-21 16:57:20
35,41,325,2020-10-21 16:48:01,2020-10-21 16:49:31
126,96,403,2020-10-21 16:48:04,2020-10-21 16:49:35
82,81,309,2020-10-21 16:48:07,2020-10-21 16:48:17
142,0,0,2020-10-21 16:48:08,2020-10-21 16:58:12
54,25,402,2020-10-21 16:48:08,2020-10-21 16:48:29
82,81,310,2020-10-21 16:48:17,2020-10-21 16:49:12
39,0,323,2020-10-21 16:48:17,2020-10-21 16:48:39
80,86,301,2020-10-21 16:48:26,2020-10-21 16:48:38
54,25,403,2020-10-21 16:48:29,2020-10-21 16:49:20
39,27,321,2020-10-21 16:48:37,2020-10-21 16:50:48
80,86,401,2020-10-21 16:48:38,2020-10-21 16:48:53
39,0,322,2020-10-21 16:48:39,2020-10-21 16:49:29
95,36,326,2020-10-21 16:48:40,2020-10-21 16:48:57
57,0,0,2020-10-21 16:48:43,2020-10-21 16:54:29
127,116,0,2020-10-21 16:48:47,2020-10-21 16:49:34
80,86,402,2020-10-21 16:48:53,2020-10-21 16:49:16
95,36,320,2020-10-21 16:48:57,2020-10-21 16:50:21
131,0,0,2020-10-21 16:49:04,2020-10-21 16:59:10
152,0,138,2020-10-21 16:49:07,2020-10-21 16:49:24
82,81,161,2020-10-21 16:49:12,2020-10-21 18:42:52
80,86,403,2020-10-21 16:49:16,2020-10-21 16:50:31
67,0,0,2020-10-21 16:49:17,2020-10-21 16:57:36
54,25,404,2020-10-21 16:49:20,2020-10-21 16:49:54
152,0,305,2020-10-21 16:49:24,2020-10-21 16:50:01
39,0,325,2020-10-21 16:49:29,2020-10-21 16:53:39
35,41,421,2020-10-21 16:49:31,2020-10-21 16:49:54
127,116,326,2020-10-21 16:49:34,2020-10-21 16:50:22
126,96,412,2020-10-21 16:49:35,2020-10-21 16:51:06
111,0,0,2020-10-21 16:49:46,2020-10-21 16:59:29
23,0,0,2020-10-21 16:49:50,2020-10-21 16:58:11
35,41,419,2020-10-21 16:49:54,2020-10-21 16:50:01
54,25,405,2020-10-21 16:49:54,2020-10-21 16:50:27
152,0,304,2020-10-21 16:50:01,2020-10-21 16:50:39
35,41,418,2020-10-21 16:50:01,2020-10-21 16:50:36
25,0,0,2020-10-21 16:50:07,2020-10-21 17:02:08
34,0,0,2020-10-21 16:50:11,2020-10-21 17:02:09
8,0,103,2020-10-21 16:50:15,2020-10-21 16:50:25
37,0,0,2020-10-21 16:50:16,2020-10-21 17:02:38
95,36,315,2020-10-21 16:50:21,2020-10-21 16:50:58
127,116,102,2020-10-21 16:50:22,2020-10-21 16:51:46
8,0,314,2020-10-21 16:50:25,2020-10-21 16:50:50
54,25,406,2020-10-21 16:50:27,2020-10-21 16:50:43
80,86,412,2020-10-21 16:50:31,2020-10-21 16:50:55
35,41,254,2020-10-21 16:50:36,2020-10-21 18:43:53
152,0,303,2020-10-21 16:50:39,2020-10-21 16:50:59
5,77,0,2020-10-21 16:50:40,2020-10-21 16:51:19
9,0,213,2020-10-21 16:50:43,2020-10-21 16:51:25
54,25,228,2020-10-21 16:50:43,2020-10-21 19:39:10
39,27,322,2020-10-21 16:50:48,2020-10-21 16:51:19
156,0,0,2020-10-21 16:50:50,2020-10-21 17:00:58
8,0,315,2020-10-21 16:50:50,2020-10-21 16:52:00
120,93,0,2020-10-21 16:50:54,2020-10-21 16:54:44
36,0,0,2020-10-21 16:50:55,2020-10-21 17:01:17
80,86,411,2020-10-21 16:50:55,2020-10-21 16:51:14
127,0,172,2020-10-21 16:50:57,2020-10-21 16:51:25
95,36,105,2020-10-21 16:50:58,2020-10-21 17:57:17
146,0,0,2020-10-21 16:50:59,2020-10-21 17:01:32
152,0,302,2020-10-21 16:50:59,2020-10-21 16:51:24
126,96,415,2020-10-21 16:51:06,2020-10-21 16:51:26
106,0,0,2020-10-21 16:51:08,2020-10-21 17:01:45
80,86,230,2020-10-21 16:51:14,2020-10-21 18:29:38
92,0,0,2020-10-21 16:51:19,2020-10-21 17:01:04
5,77,326,2020-10-21 16:51:19,2020-10-21 16:51:37
39,27,323,2020-10-21 16:51:19,2020-10-21 16:52:07
152,0,301,2020-10-21 16:51:24,2020-10-21 16:54:21
127,0,323,2020-10-21 16:51:25,2020-10-21 16:51:45
9,0,406,2020-10-21 16:51:25,2020-10-21 16:52:15
126,96,414,2020-10-21 16:51:26,2020-10-21 16:51:51
89,0,0,2020-10-21 16:51:30,2020-10-21 16:54:08
5,77,320,2020-10-21 16:51:37,2020-10-21 16:52:48
83,24,0,2020-10-21 16:51:42,2020-10-21 16:55:27
127,0,322,2020-10-21 16:51:45,2020-10-21 16:52:25
127,116,321,2020-10-21 16:51:46,2020-10-21 16:54:11
126,96,237,2020-10-21 16:51:51,2020-10-21 17:44:23
71,0,0,2020-10-21 16:51:56,2020-10-21 16:59:56
53,0,0,2020-10-21 16:51:58,2020-10-21 17:01:39
8,0,320,2020-10-21 16:52:00,2020-10-21 16:52:21
12,0,0,2020-10-21 16:52:02,2020-10-21 17:04:09
94,0,0,2020-10-21 16:52:02,2020-10-21 16:55:31
31,0,0,2020-10-21 16:52:06,2020-10-21 17:03:04
39,27,169,2020-10-21 16:52:07,2020-10-21 16:47:48
9,0,405,2020-10-21 16:52:15,2020-10-21 16:52:45
115,0,239,2020-10-21 16:52:17,2020-10-21 16:52:37
69,0,0,2020-10-21 16:52:21,2020-10-21 17:01:43
8,0,326,2020-10-21 16:52:21,2020-10-21 16:53:06
136,0,0,2020-10-21 16:52:25,2020-10-21 17:01:40
127,0,325,2020-10-21 16:52:25,2020-10-21 16:56:48
115,0,415,2020-10-21 16:52:37,2020-10-21 16:53:57
151,0,253,2020-10-21 16:52:39,2020-10-21 16:53:18
68,0,0,2020-10-21 16:52:40,2020-10-21 17:00:56
64,0,204,2020-10-21 16:52:40,2020-10-21 16:52:55
16,0,0,2020-10-21 16:52:41,2020-10-21 17:03:08
9,0,404,2020-10-21 16:52:45,2020-10-21 16:53:21
5,77,315,2020-10-21 16:52:48,2020-10-21 16:54:33
64,0,403,2020-10-21 16:52:55,2020-10-21 16:53:31
30,78,0,2020-10-21 16:53:03,2020-10-21 16:58:20
8,0,0,2020-10-21 16:53:06,2020-10-21 16:59:46
55,0,218,2020-10-21 16:53:07,2020-10-21 16:53:26
151,0,419,2020-10-21 16:53:18,2020-10-21 16:53:43
9,0,403,2020-10-21 16:53:21,2020-10-21 16:53:47
55,0,401,2020-10-21 16:53:26,2020-10-21 16:53:37
113,119,162,2020-10-21 16:53:27,2020-10-21 18:21:52
113,119,313,2020-10-21 16:53:27,2020-10-21 16:53:27
64,0,402,2020-10-21 16:53:31,2020-10-21 16:53:45
55,0,301,2020-10-21 16:53:37,2020-10-21 16:56:57
39,0,0,2020-10-21 16:53:39,2020-10-21 16:55:40
151,0,421,2020-10-21 16:53:43,2020-10-21 16:55:43
64,0,401,2020-10-21 16:53:45,2020-10-21 16:53:55
17,0,0,2020-10-21 16:53:46,2020-10-21 17:04:27
9,0,402,2020-10-21 16:53:47,2020-10-21 16:54:02
77,0,109,2020-10-21 16:53:53,2020-10-21 16:54:11
155,0,0,2020-10-21 16:53:54,2020-10-21 17:04:28
64,0,301,2020-10-21 16:53:55,2020-10-21 16:56:02
115,0,412,2020-10-21 16:53:57,2020-10-21 16:55:26
9,0,401,2020-10-21 16:54:02,2020-10-21 16:54:14
89,0,0,2020-10-21 16:54:08,2020-10-21 17:02:46
127,116,322,2020-10-21 16:54:11,2020-10-21 16:54:31
77,0,317,2020-10-21 16:54:11,2020-10-21 16:55:02
9,0,301,2020-10-21 16:54:14,2020-10-21 16:57:30
152,0,0,2020-10-21 16:54:21,2020-10-21 16:59:06
57,0,0,2020-10-21 16:54:29,2020-10-21 17:05:17
127,116,323,2020-10-21 16:54:31,2020-10-21 16:55:02
88,0,103,2020-10-21 16:54:31,2020-10-21 16:54:41
5,77,303,2020-10-21 16:54:33,2020-10-21 16:55:03
88,0,314,2020-10-21 16:54:41,2020-10-21 16:55:06
120,93,301,2020-10-21 16:54:44,2020-10-21 16:54:55
120,93,401,2020-10-21 16:54:55,2020-10-21 16:55:13
127,116,172,2020-10-21 16:55:02,2020-10-21 16:50:57
77,0,316,2020-10-21 16:55:02,2020-10-21 16:55:33
5,77,304,2020-10-21 16:55:03,2020-10-21 16:55:23
41,69,0,2020-10-21 16:55:03,2020-10-21 17:01:02
88,0,315,2020-10-21 16:55:06,2020-10-21 16:56:16
51,55,110,2020-10-21 16:55:08,2020-10-21 16:55:34
120,93,402,2020-10-21 16:55:13,2020-10-21 16:55:35
5,77,135,2020-10-21 16:55:23,2020-10-21 17:48:07
115,0,403,2020-10-21 16:55:26,2020-10-21 16:55:51
83,24,301,2020-10-21 16:55:27,2020-10-21 16:55:39
94,0,0,2020-10-21 16:55:31,2020-10-21 17:06:30
77,0,315,2020-10-21 16:55:33,2020-10-21 16:56:29
51,55,317,2020-10-21 16:55:34,2020-10-21 16:56:14
120,93,403,2020-10-21 16:55:35,2020-10-21 16:56:15
83,24,401,2020-10-21 16:55:39,2020-10-21 16:55:57
39,0,0,2020-10-21 16:55:40,2020-10-21 17:06:22
151,0,325,2020-10-21 16:55:43,2020-10-21 17:01:43
78,0,0,2020-10-21 16:55:45,2020-10-21 17:06:52
115,0,402,2020-10-21 16:55:51,2020-10-21 16:56:06
83,24,402,2020-10-21 16:55:57,2020-10-21 16:56:18
64,0,0,2020-10-21 16:56:02,2020-10-21 17:00:42
115,0,401,2020-10-21 16:56:06,2020-10-21 16:56:16
51,55,316,2020-10-21 16:56:14,2020-10-21 16:56:52
120,93,404,2020-10-21 16:56:15,2020-10-21 16:56:48
115,0,301,2020-10-21 16:56:16,2020-10-21 16:59:55
88,0,320,2020-10-21 16:56:16,2020-10-21 16:56:37
83,24,403,2020-10-21 16:56:18,2020-10-21 16:56:55
129,0,213,2020-10-21 16:56:26,2020-10-21 16:57:08
77,0,320,2020-10-21 16:56:29,2020-10-21 16:56:53
76,0,154,2020-10-21 16:56:29,2020-10-21 16:57:15
88,0,326,2020-10-21 16:56:37,2020-10-21 16:57:22
120,93,405,2020-10-21 16:56:48,2020-10-21 16:57:27
127,0,0,2020-10-21 16:56:48,2020-10-21 17:01:24
51,55,315,2020-10-21 16:56:52,2020-10-21 16:57:52
77,0,326,2020-10-21 16:56:53,2020-10-21 16:57:49
83,24,404,2020-10-21 16:56:55,2020-10-21 16:57:19
55,0,0,2020-10-21 16:56:57,2020-10-21 17:04:24
129,0,406,2020-10-21 16:57:08,2020-10-21 16:57:58
76,0,318,2020-10-21 16:57:15,2020-10-21 16:58:03
132,0,0,2020-10-21 16:57:19,2020-10-21 17:07:58
83,24,405,2020-10-21 16:57:19,2020-10-21 16:57:44
50,0,0,2020-10-21 16:57:20,2020-10-21 17:08:26
88,0,0,2020-10-21 16:57:22,2020-10-21 17:04:30
120,93,406,2020-10-21 16:57:27,2020-10-21 16:57:52
9,0,0,2020-10-21 16:57:30,2020-10-21 17:01:57
67,0,0,2020-10-21 16:57:36,2020-10-21 17:07:15
133,0,168,2020-10-21 16:57:39,2020-10-21 16:57:57
83,24,210,2020-10-21 16:57:44,2020-10-21 17:56:56
77,0,0,2020-10-21 16:57:49,2020-10-21 17:03:34
120,93,213,2020-10-21 16:57:52,2020-10-21 16:11:55
51,55,320,2020-10-21 16:57:52,2020-10-21 16:58:20
133,0,322,2020-10-21 16:57:57,2020-10-21 16:58:41
129,0,405,2020-10-21 16:57:58,2020-10-21 16:58:28
76,0,319,2020-10-21 16:58:03,2020-10-21 17:00:05
23,0,0,2020-10-21 16:58:11,2020-10-21 17:07:56
142,0,0,2020-10-21 16:58:12,2020-10-21 17:08:25
30,78,325,2020-10-21 16:58:20,2020-10-21 16:59:52
51,55,142,2020-10-21 16:58:20,2020-10-21 19:22:48
120,0,0,2020-10-21 16:58:23,2020-10-21 17:08:05
134,0,249,2020-10-21 16:58:27,2020-10-21 16:58:56
129,0,404,2020-10-21 16:58:28,2020-10-21 16:59:04
150,0,0,2020-10-21 16:58:37,2020-10-21 17:07:35
133,0,325,2020-10-21 16:58:41,2020-10-21 17:03:59
134,0,415,2020-10-21 16:58:56,2020-10-21 17:00:44
129,0,403,2020-10-21 16:59:04,2020-10-21 16:59:30
152,0,0,2020-10-21 16:59:06,2020-10-21 17:07:24
131,0,0,2020-10-21 16:59:10,2020-10-21 17:09:37
111,0,0,2020-10-21 16:59:29,2020-10-21 17:08:00
129,0,402,2020-10-21 16:59:30,2020-10-21 16:59:45
129,0,401,2020-10-21 16:59:45,2020-10-21 16:59:57
8,46,0,2020-10-21 16:59:46,2020-10-21 17:00:36
30,78,421,2020-10-21 16:59:52,2020-10-21 17:00:19
115,0,0,2020-10-21 16:59:55,2020-10-21 17:01:44
71,0,0,2020-10-21 16:59:56,2020-10-21 17:09:14
129,0,301,2020-10-21 16:59:57,2020-10-21 17:03:13
76,0,317,2020-10-21 17:00:05,2020-10-21 17:00:52
30,78,419,2020-10-21 17:00:19,2020-10-21 17:00:46
8,46,326,2020-10-21 17:00:36,2020-10-21 17:01:37
64,0,0,2020-10-21 17:00:42,2020-10-21 17:11:13
134,0,412,2020-10-21 17:00:44,2020-10-21 17:01:49
30,78,256,2020-10-21 17:00:46,2020-10-21 18:52:23
76,0,316,2020-10-21 17:00:52,2020-10-21 17:01:24
68,0,0,2020-10-21 17:00:56,2020-10-21 17:11:17
156,0,0,2020-10-21 17:00:58,2020-10-21 17:08:43
41,69,312,2020-10-21 17:01:02,2020-10-21 17:01:52
92,0,0,2020-10-21 17:01:04,2020-10-21 17:12:13
75,0,255,2020-10-21 17:01:13,2020-10-21 17:01:50
36,0,0,2020-10-21 17:01:17,2020-10-21 17:10:50
76,0,315,2020-10-21 17:01:24,2020-10-21 17:02:32
127,0,0,2020-10-21 17:01:24,2020-10-21 17:09:38
146,0,0,2020-10-21 17:01:32,2020-10-21 17:09:34
8,46,102,2020-10-21 17:01:37,2020-10-21 17:02:54
53,0,0,2020-10-21 17:01:39,2020-10-21 17:11:14
136,0,0,2020-10-21 17:01:40,2020-10-21 17:10:54
151,0,0,2020-10-21 17:01:43,2020-10-21 17:01:56
69,0,0,2020-10-21 17:01:43,2020-10-21 17:12:43
115,0,0,2020-10-21 17:01:44,2020-10-21 17:11:30
106,0,0,2020-10-21 17:01:45,2020-10-21 17:11:30
134,0,403,2020-10-21 17:01:49,2020-10-21 17:02:17
75,0,418,2020-10-21 17:01:50,2020-10-21 17:01:59
41,69,308,2020-10-21 17:01:52,2020-10-21 17:02:21
151,0,0,2020-10-21 17:01:56,2020-10-21 17:11:56
9,0,0,2020-10-21 17:01:57,2020-10-21 17:14:22
75,0,419,2020-10-21 17:01:59,2020-10-21 17:02:30
25,0,0,2020-10-21 17:02:08,2020-10-21 17:12:33
34,0,0,2020-10-21 17:02:09,2020-10-21 17:12:52
134,0,402,2020-10-21 17:02:17,2020-10-21 17:02:27
41,69,309,2020-10-21 17:02:21,2020-10-21 17:02:34
134,0,401,2020-10-21 17:02:27,2020-10-21 17:02:37
75,0,421,2020-10-21 17:02:30,2020-10-21 17:04:09
76,0,320,2020-10-21 17:02:32,2020-10-21 17:02:55
41,69,150,2020-10-21 17:02:34,2020-10-21 18:11:45
134,0,301,2020-10-21 17:02:37,2020-10-21 17:05:14
37,0,0,2020-10-21 17:02:38,2020-10-21 17:14:40
70,0,140,2020-10-21 17:02:44,2020-10-21 17:02:54
89,45,0,2020-10-21 17:02:46,2020-10-21 17:05:23
8,46,321,2020-10-21 17:02:54,2020-10-21 17:06:18
70,0,306,2020-10-21 17:02:54,2020-10-21 17:03:25
76,0,326,2020-10-21 17:02:55,2020-10-21 17:03:48
31,0,0,2020-10-21 17:03:04,2020-10-21 17:10:54
16,0,0,2020-10-21 17:03:08,2020-10-21 17:13:19
129,0,0,2020-10-21 17:03:13,2020-10-21 17:05:10
70,0,305,2020-10-21 17:03:25,2020-10-21 17:03:56
77,0,0,2020-10-21 17:03:34,2020-10-21 17:14:19
121,0,119,2020-10-21 17:03:39,2020-10-21 17:03:54
149,0,207,2020-10-21 17:03:43,2020-10-21 17:03:57
76,0,0,2020-10-21 17:03:48,2020-10-21 17:06:54
121,0,317,2020-10-21 17:03:54,2020-10-21 17:04:44
70,0,304,2020-10-21 17:03:56,2020-10-21 17:04:27
149,0,404,2020-10-21 17:03:57,2020-10-21 17:04:35
133,0,0,2020-10-21 17:03:59,2020-10-21 17:07:15
75,0,325,2020-10-21 17:04:09,2020-10-21 17:09:13
12,0,0,2020-10-21 17:04:09,2020-10-21 17:13:48
55,0,0,2020-10-21 17:04:24,2020-10-21 17:15:59
70,0,303,2020-10-21 17:04:27,2020-10-21 17:05:59
17,0,0,2020-10-21 17:04:27,2020-10-21 17:14:01
155,0,0,2020-10-21 17:04:28,2020-10-21 17:14:29
88,0,0,2020-10-21 17:04:30,2020-10-21 17:15:13
149,0,403,2020-10-21 17:04:35,2020-10-21 17:04:54
121,0,316,2020-10-21 17:04:44,2020-10-21 17:05:29
46,54,238,2020-10-21 17:04:50,2020-10-21 17:05:02
149,0,402,2020-10-21 17:04:54,2020-10-21 17:05:07
46,54,414,2020-10-21 17:05:02,2020-10-21 17:05:21
149,0,401,2020-10-21 17:05:07,2020-10-21 17:05:18
129,0,0,2020-10-21 17:05:10,2020-10-21 17:15:17
134,0,0,2020-10-21 17:05:14,2020-10-21 17:08:43
57,0,0,2020-10-21 17:05:17,2020-10-21 17:14:58
149,0,301,2020-10-21 17:05:18,2020-10-21 17:08:17
46,54,415,2020-10-21 17:05:21,2020-10-21 17:06:10
89,45,301,2020-10-21 17:05:23,2020-10-21 17:05:34
46,0,150,2020-10-21 17:05:26,2020-10-21 17:05:42
76,0,249,2020-10-21 17:05:27,2020-10-21 17:05:56
121,0,315,2020-10-21 17:05:29,2020-10-21 17:06:31
89,45,401,2020-10-21 17:05:34,2020-10-21 17:05:50
84,12,253,2020-10-21 17:05:34,2020-10-21 17:05:48
46,0,309,2020-10-21 17:05:42,2020-10-21 17:06:14
84,12,418,2020-10-21 17:05:48,2020-10-21 17:07:23
89,45,402,2020-10-21 17:05:50,2020-10-21 17:06:11
76,0,415,2020-10-21 17:05:56,2020-10-21 17:07:44
70,0,315,2020-10-21 17:05:59,2020-10-21 17:07:35
46,54,416,2020-10-21 17:06:10,2020-10-21 17:06:38
89,45,403,2020-10-21 17:06:11,2020-10-21 17:07:02
46,0,308,2020-10-21 17:06:14,2020-10-21 17:06:41
8,46,322,2020-10-21 17:06:18,2020-10-21 17:06:33
118,0,156,2020-10-21 17:06:18,2020-10-21 17:06:33
39,0,0,2020-10-21 17:06:22,2020-10-21 17:15:35
94,0,0,2020-10-21 17:06:30,2020-10-21 17:16:22
121,0,320,2020-10-21 17:06:31,2020-10-21 17:06:52
8,46,171,2020-10-21 17:06:33,2020-10-21 19:28:01
118,0,318,2020-10-21 17:06:33,2020-10-21 17:07:13
46,54,417,2020-10-21 17:06:38,2020-10-21 17:08:06
46,0,307,2020-10-21 17:06:41,2020-10-21 17:13:12
78,0,0,2020-10-21 17:06:52,2020-10-21 17:19:09
121,0,326,2020-10-21 17:06:52,2020-10-21 17:07:32
76,0,0,2020-10-21 17:06:54,2020-10-21 17:17:13
89,45,404,2020-10-21 17:07:02,2020-10-21 17:07:36
118,0,319,2020-10-21 17:07:13,2020-10-21 17:09:25
133,0,0,2020-10-21 17:07:15,2020-10-21 17:18:57
67,0,0,2020-10-21 17:07:15,2020-10-21 17:16:51
84,12,409,2020-10-21 17:07:23,2020-10-21 17:07:43
152,0,0,2020-10-21 17:07:24,2020-10-21 17:17:51
121,0,0,2020-10-21 17:07:32,2020-10-21 17:14:46
150,135,0,2020-10-21 17:07:35,2020-10-21 17:10:24
70,0,320,2020-10-21 17:07:35,2020-10-21 17:07:52
89,45,405,2020-10-21 17:07:36,2020-10-21 17:08:09
84,12,407,2020-10-21 17:07:43,2020-10-21 17:08:11
76,0,412,2020-10-21 17:07:44,2020-10-21 17:08:49
70,0,326,2020-10-21 17:07:52,2020-10-21 17:08:57
23,0,0,2020-10-21 17:07:56,2020-10-21 17:18:28
132,0,0,2020-10-21 17:07:58,2020-10-21 17:17:42
111,0,0,2020-10-21 17:08:00,2020-10-21 17:18:53
120,0,0,2020-10-21 17:08:05,2020-10-21 17:17:19
46,54,421,2020-10-21 17:08:06,2020-10-21 17:09:04
89,45,406,2020-10-21 17:08:09,2020-10-21 17:08:25
100,0,125,2020-10-21 17:08:09,2020-10-21 17:08:26
84,12,406,2020-10-21 17:08:11,2020-10-21 17:09:00
149,0,0,2020-10-21 17:08:17,2020-10-21 17:13:25
142,91,0,2020-10-21 17:08:25,2020-10-21 17:09:21
89,45,228,2020-10-21 17:08:25,2020-10-21 20:06:20
100,0,304,2020-10-21 17:08:26,2020-10-21 17:08:52
50,0,0,2020-10-21 17:08:26,2020-10-21 17:20:57
103,0,204,2020-10-21 17:08:30,2020-10-21 17:08:45
134,100,0,2020-10-21 17:08:43,2020-10-21 17:09:28
156,0,0,2020-10-21 17:08:43,2020-10-21 17:19:20
103,0,403,2020-10-21 17:08:45,2020-10-21 17:09:21
76,0,403,2020-10-21 17:08:49,2020-10-21 17:09:17
100,0,303,2020-10-21 17:08:52,2020-10-21 17:10:11
70,0,0,2020-10-21 17:08:57,2020-10-21 17:14:12
84,12,405,2020-10-21 17:09:00,2020-10-21 17:09:23
46,54,325,2020-10-21 17:09:04,2020-10-21 17:09:52
75,0,0,2020-10-21 17:09:13,2020-10-21 17:11:13
71,48,0,2020-10-21 17:09:14,2020-10-21 17:10:00
76,0,402,2020-10-21 17:09:17,2020-10-21 17:09:27
103,0,402,2020-10-21 17:09:21,2020-10-21 17:09:35
142,91,326,2020-10-21 17:09:21,2020-10-21 17:09:39
84,12,404,2020-10-21 17:09:23,2020-10-21 17:09:46
118,0,317,2020-10-21 17:09:25,2020-10-21 17:10:00
76,0,401,2020-10-21 17:09:27,2020-10-21 17:09:37
134,100,326,2020-10-21 17:09:28,2020-10-21 17:09:47
146,0,0,2020-10-21 17:09:34,2020-10-21 17:20:05
103,0,401,2020-10-21 17:09:35,2020-10-21 17:09:45
131,0,0,2020-10-21 17:09:37,2020-10-21 17:20:53
76,0,301,2020-10-21 17:09:37,2020-10-21 17:12:14
127,122,0,2020-10-21 17:09:38,2020-10-21 17:13:45
142,91,320,2020-10-21 17:09:39,2020-10-21 17:11:16
103,0,301,2020-10-21 17:09:45,2020-10-21 17:11:52
84,12,222,2020-10-21 17:09:46,2020-10-21 18:54:40
134,100,320,2020-10-21 17:09:47,2020-10-21 17:10:59
46,54,322,2020-10-21 17:09:52,2020-10-21 17:10:13
118,0,316,2020-10-21 17:10:00,2020-10-21 17:10:43
71,48,326,2020-10-21 17:10:00,2020-10-21 17:10:18
100,0,315,2020-10-21 17:10:11,2020-10-21 17:11:55
46,54,323,2020-10-21 17:10:13,2020-10-21 17:11:56
71,48,320,2020-10-21 17:10:18,2020-10-21 17:11:08
150,135,301,2020-10-21 17:10:24,2020-10-21 17:10:34
58,0,225,2020-10-21 17:10:33,2020-10-21 17:10:49
150,135,401,2020-10-21 17:10:34,2020-10-21 17:10:45
118,0,315,2020-10-21 17:10:43,2020-10-21 17:12:15
150,135,402,2020-10-21 17:10:45,2020-10-21 17:11:10
58,0,405,2020-10-21 17:10:49,2020-10-21 17:11:26
36,0,0,2020-10-21 17:10:50,2020-10-21 17:20:50
136,0,0,2020-10-21 17:10:54,2020-10-21 17:21:39
31,0,0,2020-10-21 17:10:54,2020-10-21 17:21:23
134,100,315,2020-10-21 17:10:59,2020-10-21 17:11:29
71,48,315,2020-10-21 17:11:08,2020-10-21 17:11:46
150,135,403,2020-10-21 17:11:10,2020-10-21 17:11:55
75,0,0,2020-10-21 17:11:13,2020-10-21 17:20:49
64,0,0,2020-10-21 17:11:13,2020-10-21 17:21:20
53,0,0,2020-10-21 17:11:14,2020-10-21 17:22:36
142,91,315,2020-10-21 17:11:16,2020-10-21 17:11:49
68,0,0,2020-10-21 17:11:17,2020-10-21 17:21:20
58,0,404,2020-10-21 17:11:26,2020-10-21 17:12:02
134,100,316,2020-10-21 17:11:29,2020-10-21 17:12:00
115,0,0,2020-10-21 17:11:30,2020-10-21 17:21:43
106,0,0,2020-10-21 17:11:30,2020-10-21 17:20:24
71,48,316,2020-10-21 17:11:46,2020-10-21 17:12:26
142,91,316,2020-10-21 17:11:49,2020-10-21 17:12:26
103,0,0,2020-10-21 17:11:52,2020-10-21 17:20:01
100,0,320,2020-10-21 17:11:55,2020-10-21 17:12:15
150,135,404,2020-10-21 17:11:55,2020-10-21 17:12:29
46,54,324,2020-10-21 17:11:56,2020-10-21 17:12:57
151,0,0,2020-10-21 17:11:56,2020-10-21 17:20:43
134,100,317,2020-10-21 17:12:00,2020-10-21 17:14:04
58,0,403,2020-10-21 17:12:02,2020-10-21 17:12:34
92,0,0,2020-10-21 17:12:13,2020-10-21 17:23:19
76,0,0,2020-10-21 17:12:14,2020-10-21 17:14:32
118,0,320,2020-10-21 17:12:15,2020-10-21 17:12:30
100,0,326,2020-10-21 17:12:15,2020-10-21 17:12:56
142,91,317,2020-10-21 17:12:26,2020-10-21 17:14:22
71,48,317,2020-10-21 17:12:26,2020-10-21 17:12:52
150,135,224,2020-10-21 17:12:29,2020-10-21 20:29:21
118,0,326,2020-10-21 17:12:30,2020-10-21 17:13:13
25,56,0,2020-10-21 17:12:33,2020-10-21 17:13:30
58,0,402,2020-10-21 17:12:34,2020-10-21 17:12:49
69,0,0,2020-10-21 17:12:43,2020-10-21 17:22:41
58,0,401,2020-10-21 17:12:49,2020-10-21 17:12:59
71,48,110,2020-10-21 17:12:52,2020-10-21 18:56:22
34,0,0,2020-10-21 17:12:52,2020-10-21 17:21:05
100,0,0,2020-10-21 17:12:56,2020-10-21 17:18:36
46,54,175,2020-10-21 17:12:57,2020-10-21 17:18:05
58,0,301,2020-10-21 17:12:59,2020-10-21 17:15:50
140,0,172,2020-10-21 17:13:10,2020-10-21 17:13:38
46,0,0,2020-10-21 17:13:12,2020-10-21 17:15:25
118,0,0,2020-10-21 17:13:13,2020-10-21 17:16:18
16,0,0,2020-10-21 17:13:19,2020-10-21 17:23:13
149,138,0,2020-10-21 17:13:25,2020-10-21 17:16:14
25,56,326,2020-10-21 17:13:30,2020-10-21 17:13:49
140,0,323,2020-10-21 17:13:38,2020-10-21 17:13:58
127,122,301,2020-10-21 17:13:45,2020-10-21 17:13:57
12,0,0,2020-10-21 17:13:48,2020-10-21 17:25:31
109,107,212,2020-10-21 17:13:49,2020-10-21 17:14:04
25,56,320,2020-10-21 17:13:49,2020-10-21 17:14:55
127,122,401,2020-10-21 17:13:57,2020-10-21 17:14:14
140,0,322,2020-10-21 17:13:58,2020-10-21 17:14:38
17,0,0,2020-10-21 17:14:01,2020-10-21 17:23:52
134,100,319,2020-10-21 17:14:04,2020-10-21 17:15:12
109,107,406,2020-10-21 17:14:04,2020-10-21 17:14:39
48,79,150,2020-10-21 17:14:05,2020-10-21 17:14:21
70,0,0,2020-10-21 17:14:12,2020-10-21 17:23:07
127,122,402,2020-10-21 17:14:14,2020-10-21 17:14:30
77,0,0,2020-10-21 17:14:19,2020-10-21 17:22:37
48,79,309,2020-10-21 17:14:21,2020-10-21 17:14:46
142,91,319,2020-10-21 17:14:22,2020-10-21 17:14:59
9,81,0,2020-10-21 17:14:22,2020-10-21 17:15:09
73,0,170,2020-10-21 17:14:28,2020-10-21 17:16:09
155,0,0,2020-10-21 17:14:29,2020-10-21 17:24:54
127,122,403,2020-10-21 17:14:30,2020-10-21 17:15:32
76,0,0,2020-10-21 17:14:32,2020-10-21 17:22:32
140,0,325,2020-10-21 17:14:38,2020-10-21 17:19:01
109,107,405,2020-10-21 17:14:39,2020-10-21 17:15:09
37,0,0,2020-10-21 17:14:40,2020-10-21 17:24:59
48,79,308,2020-10-21 17:14:46,2020-10-21 17:15:53
121,94,0,2020-10-21 17:14:46,2020-10-21 17:15:31
25,56,315,2020-10-21 17:14:55,2020-10-21 17:16:20
57,0,0,2020-10-21 17:14:58,2020-10-21 17:24:53
142,91,318,2020-10-21 17:14:59,2020-10-21 17:15:14
9,81,326,2020-10-21 17:15:09,2020-10-21 17:15:33
109,107,404,2020-10-21 17:15:09,2020-10-21 17:15:45
134,100,318,2020-10-21 17:15:12,2020-10-21 17:15:29
88,0,0,2020-10-21 17:15:13,2020-10-21 17:25:52
142,91,156,2020-10-21 17:15:14,2020-10-21 17:30:23
129,0,0,2020-10-21 17:15:17,2020-10-21 17:24:36
46,0,0,2020-10-21 17:15:25,2020-10-21 17:26:49
134,100,155,2020-10-21 17:15:29,2020-10-21 18:10:11
121,94,326,2020-10-21 17:15:31,2020-10-21 17:15:51
127,122,412,2020-10-21 17:15:32,2020-10-21 17:16:02
9,81,320,2020-10-21 17:15:33,2020-10-21 17:16:35
39,0,0,2020-10-21 17:15:35,2020-10-21 17:24:27
109,107,403,2020-10-21 17:15:45,2020-10-21 17:16:59
58,0,0,2020-10-21 17:15:50,2020-10-21 17:22:53
121,94,320,2020-10-21 17:15:51,2020-10-21 17:17:03
48,79,312,2020-10-21 17:15:53,2020-10-21 17:16:02
55,38,0,2020-10-21 17:15:59,2020-10-21 17:18:28
127,122,411,2020-10-21 17:16:02,2020-10-21 17:16:24
48,79,409,2020-10-21 17:16:02,2020-10-21 17:16:18
73,0,323,2020-10-21 17:16:09,2020-10-21 17:16:29
149,138,301,2020-10-21 17:16:14,2020-10-21 17:16:23
118,0,0,2020-10-21 17:16:18,2020-10-21 17:27:29
48,79,407,2020-10-21 17:16:18,2020-10-21 17:16:40
25,56,303,2020-10-21 17:16:20,2020-10-21 17:16:47
94,0,0,2020-10-21 17:16:22,2020-10-21 17:26:00
149,138,401,2020-10-21 17:16:23,2020-10-21 17:16:38
127,122,234,2020-10-21 17:16:24,2020-10-21 18:01:42
73,0,322,2020-10-21 17:16:29,2020-10-21 17:17:22
9,81,315,2020-10-21 17:16:35,2020-10-21 17:17:00
149,138,402,2020-10-21 17:16:38,2020-10-21 17:16:58
48,79,406,2020-10-21 17:16:40,2020-10-21 17:17:02
25,56,304,2020-10-21 17:16:47,2020-10-21 17:17:10
67,0,0,2020-10-21 17:16:51,2020-10-21 17:24:58
149,138,403,2020-10-21 17:16:58,2020-10-21 17:18:20
109,107,412,2020-10-21 17:16:59,2020-10-21 17:17:26
9,81,314,2020-10-21 17:17:00,2020-10-21 17:17:18
48,79,227,2020-10-21 17:17:02,2020-10-21 19:16:17
121,94,315,2020-10-21 17:17:03,2020-10-21 17:17:39
25,56,305,2020-10-21 17:17:10,2020-10-21 17:17:29
76,0,0,2020-10-21 17:17:13,2020-10-21 17:26:48
9,81,111,2020-10-21 17:17:18,2020-10-21 19:25:29
120,0,0,2020-10-21 17:17:19,2020-10-21 17:26:25
73,0,325,2020-10-21 17:17:22,2020-10-21 17:23:23
109,107,411,2020-10-21 17:17:26,2020-10-21 17:17:42
25,56,138,2020-10-21 17:17:29,2020-10-21 19:00:48
121,94,316,2020-10-21 17:17:39,2020-10-21 17:18:09
109,107,230,2020-10-21 17:17:42,2020-10-21 18:10:50
132,0,0,2020-10-21 17:17:42,2020-10-21 17:27:29
152,0,0,2020-10-21 17:17:51,2020-10-21 17:26:22
43,0,203,2020-10-21 17:17:54,2020-10-21 17:18:20
46,0,175,2020-10-21 17:18:05,2020-10-21 17:19:19
121,94,317,2020-10-21 17:18:09,2020-10-21 17:18:27
43,0,402,2020-10-21 17:18:20,2020-10-21 17:18:32
149,138,412,2020-10-21 17:18:20,2020-10-21 17:19:59
121,94,119,2020-10-21 17:18:27,2020-10-21 18:19:02
55,38,301,2020-10-21 17:18:28,2020-10-21 17:18:41
23,0,0,2020-10-21 17:18:28,2020-10-21 17:28:06
43,0,401,2020-10-21 17:18:32,2020-10-21 17:18:43
100,129,0,2020-10-21 17:18:36,2020-10-21 17:26:36
14,0,239,2020-10-21 17:18:39,2020-10-21 17:18:59
55,38,401,2020-10-21 17:18:41,2020-10-21 17:18:55
59,140,111,2020-10-21 17:18:42,2020-10-21 17:18:56
43,0,301,2020-10-21 17:18:43,2020-10-21 17:21:00
111,0,0,2020-10-21 17:18:53,2020-10-21 17:29:56
55,38,402,2020-10-21 17:18:55,2020-10-21 17:19:23
59,140,314,2020-10-21 17:18:56,2020-10-21 17:19:25
133,107,0,2020-10-21 17:18:57,2020-10-21 17:20:50
14,0,415,2020-10-21 17:18:59,2020-10-21 17:20:19
140,0,0,2020-10-21 17:19:01,2020-10-21 17:23:08
78,0,0,2020-10-21 17:19:09,2020-10-21 17:28:49
137,0,142,2020-10-21 17:19:09,2020-10-21 17:19:38
46,0,324,2020-10-21 17:19:19,2020-10-21 17:24:53
156,0,0,2020-10-21 17:19:20,2020-10-21 17:30:27
55,38,403,2020-10-21 17:19:23,2020-10-21 17:19:58
59,140,315,2020-10-21 17:19:25,2020-10-21 17:20:51
137,0,320,2020-10-21 17:19:38,2020-10-21 17:19:58
55,38,404,2020-10-21 17:19:58,2020-10-21 17:20:28
137,0,326,2020-10-21 17:19:58,2020-10-21 17:20:53
149,138,415,2020-10-21 17:19:59,2020-10-21 17:20:24
103,0,0,2020-10-21 17:20:01,2020-10-21 17:30:16
146,130,0,2020-10-21 17:20:05,2020-10-21 17:23:08
14,0,412,2020-10-21 17:20:19,2020-10-21 17:21:48
28,0,130,2020-10-21 17:20:24,2020-10-21 17:20:47
106,129,0,2020-10-21 17:20:24,2020-10-21 17:21:09
149,138,414,2020-10-21 17:20:24,2020-10-21 17:20:36
55,38,405,2020-10-21 17:20:28,2020-10-21 17:21:01
149,138,246,2020-10-21 17:20:36,2020-10-21 19:03:40
151,0,0,2020-10-21 17:20:43,2020-10-21 17:31:25
38,0,245,2020-10-21 17:20:44,2020-10-21 17:21:07
28,0,306,2020-10-21 17:20:47,2020-10-21 17:25:56
75,0,0,2020-10-21 17:20:49,2020-10-21 17:30:17
133,107,301,2020-10-21 17:20:50,2020-10-21 17:20:58
36,7,0,2020-10-21 17:20:50,2020-10-21 17:24:53
59,140,303,2020-10-21 17:20:51,2020-10-21 17:21:24
137,0,0,2020-10-21 17:20:53,2020-10-21 17:27:14
131,0,0,2020-10-21 17:20:53,2020-10-21 17:31:33
50,0,0,2020-10-21 17:20:57,2020-10-21 17:31:29
133,107,401,2020-10-21 17:20:58,2020-10-21 17:21:11
43,0,0,2020-10-21 17:21:00,2020-10-21 17:26:37
55,38,211,2020-10-21 17:21:01,2020-10-21 18:17:59
34,0,0,2020-10-21 17:21:05,2020-10-21 17:29:57
38,0,414,2020-10-21 17:21:07,2020-10-21 17:21:40
106,129,326,2020-10-21 17:21:09,2020-10-21 17:22:00
133,107,402,2020-10-21 17:21:11,2020-10-21 17:21:34
68,0,0,2020-10-21 17:21:20,2020-10-21 17:30:51
64,4,0,2020-10-21 17:21:20,2020-10-21 17:22:22
31,0,0,2020-10-21 17:21:23,2020-10-21 17:31:26
59,140,304,2020-10-21 17:21:24,2020-10-21 17:21:54
133,107,403,2020-10-21 17:21:34,2020-10-21 17:22:37
108,0,209,2020-10-21 17:21:35,2020-10-21 17:21:50
136,0,0,2020-10-21 17:21:39,2020-10-21 17:33:10
38,0,415,2020-10-21 17:21:40,2020-10-21 17:23:17
115,0,0,2020-10-21 17:21:43,2020-10-21 17:32:27
14,0,403,2020-10-21 17:21:48,2020-10-21 17:22:13
108,0,405,2020-10-21 17:21:50,2020-10-21 17:22:26
59,140,305,2020-10-21 17:21:54,2020-10-21 17:22:37
106,129,102,2020-10-21 17:22:00,2020-10-21 18:57:19
14,0,402,2020-10-21 17:22:13,2020-10-21 17:22:28
64,4,326,2020-10-21 17:22:22,2020-10-21 17:23:04
108,0,404,2020-10-21 17:22:26,2020-10-21 17:22:57
14,0,401,2020-10-21 17:22:28,2020-10-21 17:22:38
140,0,151,2020-10-21 17:22:30,2020-10-21 17:23:12
76,0,0,2020-10-21 17:22:32,2020-10-21 17:32:48
53,79,0,2020-10-21 17:22:36,2020-10-21 17:27:18
77,35,0,2020-10-21 17:22:37,2020-10-21 17:25:26
133,107,412,2020-10-21 17:22:37,2020-10-21 17:23:50
59,140,306,2020-10-21 17:22:37,2020-10-21 17:23:30
14,0,301,2020-10-21 17:22:38,2020-10-21 17:26:17
69,0,0,2020-10-21 17:22:41,2020-10-21 17:31:48
58,71,0,2020-10-21 17:22:53,2020-10-21 17:25:35
108,0,403,2020-10-21 17:22:57,2020-10-21 17:23:27
64,4,102,2020-10-21 17:23:04,2020-10-21 17:24:18
70,0,0,2020-10-21 17:23:07,2020-10-21 17:32:50
140,0,0,2020-10-21 17:23:08,2020-10-21 17:34:03
146,130,301,2020-10-21 17:23:08,2020-10-21 17:23:17
140,0,309,2020-10-21 17:23:12,2020-10-21 17:23:33
16,0,0,2020-10-21 17:23:13,2020-10-21 17:33:20
146,130,401,2020-10-21 17:23:17,2020-10-21 17:23:26
38,0,412,2020-10-21 17:23:17,2020-10-21 17:24:50
92,0,0,2020-10-21 17:23:19,2020-10-21 17:33:44
73,0,0,2020-10-21 17:23:23,2020-10-21 17:24:30
146,130,402,2020-10-21 17:23:26,2020-10-21 17:23:47
108,0,402,2020-10-21 17:23:27,2020-10-21 17:23:42
59,140,307,2020-10-21 17:23:30,2020-10-21 17:24:11
2,0,147,2020-10-21 17:23:30,2020-10-21 17:24:07
140,0,308,2020-10-21 17:23:33,2020-10-21 17:24:14
108,0,401,2020-10-21 17:23:42,2020-10-21 17:23:50
146,130,403,2020-10-21 17:23:47,2020-10-21 17:25:11
108,0,301,2020-10-21 17:23:50,2020-10-21 17:27:12
133,107,415,2020-10-21 17:23:50,2020-10-21 17:24:23
17,0,0,2020-10-21 17:23:52,2020-10-21 17:34:14
160,136,244,2020-10-21 17:23:56,2020-10-21 17:24:15
123,0,132,2020-10-21 17:24:02,2020-10-21 17:24:17
2,0,307,2020-10-21 17:24:07,2020-10-21 17:31:42
59,140,308,2020-10-21 17:24:11,2020-10-21 17:24:46
140,0,307,2020-10-21 17:24:14,2020-10-21 17:28:48
160,136,417,2020-10-21 17:24:15,2020-10-21 17:25:26
123,0,302,2020-10-21 17:24:17,2020-10-21 17:24:46
64,4,321,2020-10-21 17:24:18,2020-10-21 17:25:15
133,107,414,2020-10-21 17:24:23,2020-10-21 17:24:48
39,0,0,2020-10-21 17:24:27,2020-10-21 17:34:27
73,0,0,2020-10-21 17:24:30,2020-10-21 17:33:26
129,0,0,2020-10-21 17:24:36,2020-10-21 17:34:12
101,0,203,2020-10-21 17:24:39,2020-10-21 17:25:05
59,140,309,2020-10-21 17:24:46,2020-10-21 17:24:58
123,0,301,2020-10-21 17:24:46,2020-10-21 17:28:37
133,107,247,2020-10-21 17:24:48,2020-10-21 17:49:01
38,0,403,2020-10-21 17:24:50,2020-10-21 17:25:13
57,0,0,2020-10-21 17:24:53,2020-10-21 17:34:38
46,0,0,2020-10-21 17:24:53,2020-10-21 17:28:28
36,7,301,2020-10-21 17:24:53,2020-10-21 17:25:01
155,0,0,2020-10-21 17:24:54,2020-10-21 17:34:53
67,0,0,2020-10-21 17:24:58,2020-10-21 17:35:40
59,140,310,2020-10-21 17:24:58,2020-10-21 17:25:49
37,0,0,2020-10-21 17:24:59,2020-10-21 17:35:22
36,7,401,2020-10-21 17:25:01,2020-10-21 17:25:15
101,0,402,2020-10-21 17:25:05,2020-10-21 17:25:17
146,130,412,2020-10-21 17:25:11,2020-10-21 17:26:34
38,0,402,2020-10-21 17:25:13,2020-10-21 17:25:31
64,4,178,2020-10-21 17:25:15,2020-10-21 18:09:26
36,7,402,2020-10-21 17:25:15,2020-10-21 17:25:46
101,0,401,2020-10-21 17:25:17,2020-10-21 17:25:28
160,136,421,2020-10-21 17:25:26,2020-10-21 17:25:48
77,35,301,2020-10-21 17:25:26,2020-10-21 17:25:38
101,0,301,2020-10-21 17:25:28,2020-10-21 17:27:45
12,71,0,2020-10-21 17:25:31,2020-10-21 17:31:20
38,0,401,2020-10-21 17:25:31,2020-10-21 17:25:41
58,71,301,2020-10-21 17:25:35,2020-10-21 17:25:45
77,35,401,2020-10-21 17:25:38,2020-10-21 17:25:53
38,0,301,2020-10-21 17:25:41,2020-10-21 17:28:14
24,23,225,2020-10-21 17:25:44,2020-10-21 17:26:00
58,71,401,2020-10-21 17:25:45,2020-10-21 17:26:02
36,7,403,2020-10-21 17:25:46,2020-10-21 17:27:12
160,136,419,2020-10-21 17:25:48,2020-10-21 17:25:58
59,140,311,2020-10-21 17:25:49,2020-10-21 17:26:17
88,0,0,2020-10-21 17:25:52,2020-10-21 17:36:06
77,35,402,2020-10-21 17:25:53,2020-10-21 17:26:16
28,0,0,2020-10-21 17:25:56,2020-10-21 17:29:25
160,136,418,2020-10-21 17:25:58,2020-10-21 17:28:12
24,23,405,2020-10-21 17:26:00,2020-10-21 17:26:29
94,0,0,2020-10-21 17:26:00,2020-10-21 17:36:10
58,71,402,2020-10-21 17:26:02,2020-10-21 17:26:27
77,35,403,2020-10-21 17:26:16,2020-10-21 17:27:31
59,140,313,2020-10-21 17:26:17,2020-10-21 17:26:22
14,0,0,2020-10-21 17:26:17,2020-10-21 17:28:30
152,0,0,2020-10-21 17:26:22,2020-10-21 17:35:54
59,140,410,2020-10-21 17:26:22,2020-10-21 17:27:48
120,0,0,2020-10-21 17:26:25,2020-10-21 17:36:47
58,71,403,2020-10-21 17:26:27,2020-10-21 17:27:21
24,23,404,2020-10-21 17:26:29,2020-10-21 17:27:09
146,130,415,2020-10-21 17:26:34,2020-10-21 17:26:53
100,129,312,2020-10-21 17:26:36,2020-10-21 17:27:19
43,0,0,2020-10-21 17:26:37,2020-10-21 17:35:46
76,0,0,2020-10-21 17:26:48,2020-10-21 17:35:35
46,0,0,2020-10-21 17:26:49,2020-10-21 17:36:47
146,130,414,2020-10-21 17:26:53,2020-10-21 17:27:14
102,0,124,2020-10-21 17:26:58,2020-10-21 17:27:18
24,23,403,2020-10-21 17:27:09,2020-10-21 17:27:58
36,7,412,2020-10-21 17:27:12,2020-10-21 17:28:02
108,0,0,2020-10-21 17:27:12,2020-10-21 17:31:15
146,130,245,2020-10-21 17:27:14,2020-10-21 17:44:20
137,0,0,2020-10-21 17:27:14,2020-10-21 17:38:53
53,79,301,2020-10-21 17:27:18,2020-10-21 17:27:28
102,0,304,2020-10-21 17:27:18,2020-10-21 17:27:48
100,129,308,2020-10-21 17:27:19,2020-10-21 17:28:00
58,71,412,2020-10-21 17:27:21,2020-10-21 17:28:26
53,79,401,2020-10-21 17:27:28,2020-10-21 17:27:38
132,0,0,2020-10-21 17:27:29,2020-10-21 17:36:46
118,0,0,2020-10-21 17:27:29,2020-10-21 17:38:16
77,35,412,2020-10-21 17:27:31,2020-10-21 17:27:55
53,79,402,2020-10-21 17:27:38,2020-10-21 17:27:59
101,0,0,2020-10-21 17:27:45,2020-10-21 17:35:38
102,0,303,2020-10-21 17:27:48,2020-10-21 17:28:11
59,140,217,2020-10-21 17:27:48,2020-10-21 17:53:54
77,35,411,2020-10-21 17:27:55,2020-10-21 17:28:14
24,23,412,2020-10-21 17:27:58,2020-10-21 17:29:48
53,79,403,2020-10-21 17:27:59,2020-10-21 17:28:38
100,129,309,2020-10-21 17:28:00,2020-10-21 17:28:33
36,7,232,2020-10-21 17:28:02,2020-10-21 19:27:18
23,0,0,2020-10-21 17:28:06,2020-10-21 17:40:22
102,0,302,2020-10-21 17:28:11,2020-10-21 17:28:38
160,136,409,2020-10-21 17:28:12,2020-10-21 17:28:29
77,35,230,2020-10-21 17:28:14,2020-10-21 18:45:40
38,0,0,2020-10-21 17:28:14,2020-10-21 17:31:36
58,71,415,2020-10-21 17:28:26,2020-10-21 17:28:57
46,0,0,2020-10-21 17:28:28,2020-10-21 17:37:46
160,136,407,2020-10-21 17:28:29,2020-10-21 17:28:57
14,0,0,2020-10-21 17:28:30,2020-10-21 17:37:45
100,129,151,2020-10-21 17:28:33,2020-10-21 17:59:26
139,0,167,2020-10-21 17:28:34,2020-10-21 17:30:09
123,0,0,2020-10-21 17:28:37,2020-10-21 17:32:48
53,79,404,2020-10-21 17:28:38,2020-10-21 17:29:05
102,0,301,2020-10-21 17:28:38,2020-10-21 17:31:05
140,0,0,2020-10-21 17:28:48,2020-10-21 17:31:44
78,0,0,2020-10-21 17:28:49,2020-10-21 17:37:58
160,136,406,2020-10-21 17:28:57,2020-10-21 17:29:17
58,71,240,2020-10-21 17:28:57,2020-10-21 18:00:01
53,79,222,2020-10-21 17:29:05,2020-10-21 18:04:20
144,118,220,2020-10-21 17:29:09,2020-10-21 17:29:26
160,136,227,2020-10-21 17:29:17,2020-10-21 19:12:45
28,24,0,2020-10-21 17:29:25,2020-10-21 17:30:10
144,118,403,2020-10-21 17:29:26,2020-10-21 17:29:54
24,23,415,2020-10-21 17:29:48,2020-10-21 17:30:13
144,118,404,2020-10-21 17:29:54,2020-10-21 17:30:17
111,142,0,2020-10-21 17:29:56,2020-10-21 17:36:56
34,0,0,2020-10-21 17:29:57,2020-10-21 17:38:58
139,0,317,2020-10-21 17:30:09,2020-10-21 17:30:37
28,24,326,2020-10-21 17:30:10,2020-10-21 17:30:29
24,23,240,2020-10-21 17:30:13,2020-10-21 18:22:02
103,95,0,2020-10-21 17:30:16,2020-10-21 17:32:09
75,0,0,2020-10-21 17:30:17,2020-10-21 17:41:26
144,118,405,2020-10-21 17:30:17,2020-10-21 17:31:26
142,108,156,2020-10-21 17:30:23,2020-10-21 17:30:42
156,0,0,2020-10-21 17:30:27,2020-10-21 17:40:47
28,24,320,2020-10-21 17:30:29,2020-10-21 17:31:44
139,0,316,2020-10-21 17:30:37,2020-10-21 17:31:13
142,108,308,2020-10-21 17:30:42,2020-10-21 17:31:51
68,0,0,2020-10-21 17:30:51,2020-10-21 17:41:05
102,0,0,2020-10-21 17:31:05,2020-10-21 17:36:12
60,0,175,2020-10-21 17:31:08,2020-10-21 17:32:22
139,0,315,2020-10-21 17:31:13,2020-10-21 17:32:32
108,0,0,2020-10-21 17:31:15,2020-10-21 17:40:59
12,71,325,2020-10-21 17:31:20,2020-10-21 17:33:02
151,0,0,2020-10-21 17:31:25,2020-10-21 17:40:27
31,17,0,2020-10-21 17:31:26,2020-10-21 17:32:11
144,118,406,2020-10-21 17:31:26,2020-10-21 17:32:04
50,0,0,2020-10-21 17:31:29,2020-10-21 17:41:29
131,0,0,2020-10-21 17:31:33,2020-10-21 17:42:37
38,87,0,2020-10-21 17:31:36,2020-10-21 17:32:14
2,0,0,2020-10-21 17:31:42,2020-10-21 17:32:47
140,0,0,2020-10-21 17:31:44,2020-10-21 17:41:44
28,24,315,2020-10-21 17:31:44,2020-10-21 17:32:20
69,0,0,2020-10-21 17:31:48,2020-10-21 17:40:52
142,108,312,2020-10-21 17:31:51,2020-10-21 17:32:01
142,108,409,2020-10-21 17:32:01,2020-10-21 17:33:36
144,118,407,2020-10-21 17:32:04,2020-10-21 17:32:31
103,95,301,2020-10-21 17:32:09,2020-10-21 17:32:17
31,17,326,2020-10-21 17:32:11,2020-10-21 17:32:30
143,0,153,2020-10-21 17:32:14,2020-10-21 17:32:42
38,87,326,2020-10-21 17:32:14,2020-10-21 17:32:36
103,95,401,2020-10-21 17:32:17,2020-10-21 17:32:30
28,24,117,2020-10-21 17:32:20,2020-10-21 17:53:22
60,0,324,2020-10-21 17:32:22,2020-10-21 17:37:56
115,0,0,2020-10-21 17:32:27,2020-10-21 17:44:02
31,17,320,2020-10-21 17:32:30,2020-10-21 17:33:45
103,95,402,2020-10-21 17:32:30,2020-10-21 17:32:53
144,118,409,2020-10-21 17:32:31,2020-10-21 17:32:43
139,0,320,2020-10-21 17:32:32,2020-10-21 17:32:50
38,87,320,2020-10-21 17:32:36,2020-10-21 17:33:01
143,0,313,2020-10-21 17:32:42,2020-10-21 17:40:16
144,118,312,2020-10-21 17:32:43,2020-10-21 17:33:45
2,0,0,2020-10-21 17:32:47,2020-10-21 17:43:00
76,24,0,2020-10-21 17:32:48,2020-10-21 17:38:47
123,0,0,2020-10-21 17:32:48,2020-10-21 17:45:05
139,0,326,2020-10-21 17:32:50,2020-10-21 17:33:43
70,0,0,2020-10-21 17:32:50,2020-10-21 17:44:27
103,95,403,2020-10-21 17:32:53,2020-10-21 17:33:56
38,87,142,2020-10-21 17:33:01,2020-10-21 18:44:03
12,71,421,2020-10-21 17:33:02,2020-10-21 17:33:56
136,0,0,2020-10-21 17:33:10,2020-10-21 17:41:32
4,0,156,2020-10-21 17:33:11,2020-10-21 17:33:26
16,0,0,2020-10-21 17:33:20,2020-10-21 17:43:26
4,0,318,2020-10-21 17:33:26,2020-10-21 17:34:06
73,0,0,2020-10-21 17:33:26,2020-10-21 17:43:34
142,108,418,2020-10-21 17:33:36,2020-10-21 17:33:44
139,0,0,2020-10-21 17:33:43,2020-10-21 17:38:14
92,0,0,2020-10-21 17:33:44,2020-10-21 17:44:23
142,108,419,2020-10-21 17:33:44,2020-10-21 17:34:14
31,17,315,2020-10-21 17:33:45,2020-10-21 17:34:21
144,118,308,2020-10-21 17:33:45,2020-10-21 17:34:18
32,0,216,2020-10-21 17:33:49,2020-10-21 17:34:31
103,95,412,2020-10-21 17:33:56,2020-10-21 17:35:09
12,71,252,2020-10-21 17:33:56,2020-10-21 19:13:18
140,0,0,2020-10-21 17:34:03,2020-10-21 17:45:23
4,0,319,2020-10-21 17:34:06,2020-10-21 17:36:18
129,0,0,2020-10-21 17:34:12,2020-10-21 17:45:15
17,0,0,2020-10-21 17:34:14,2020-10-21 17:43:31
142,108,421,2020-10-21 17:34:14,2020-10-21 17:35:28
144,118,318,2020-10-21 17:34:18,2020-10-21 17:34:58
49,0,255,2020-10-21 17:34:19,2020-10-21 17:34:56
31,17,117,2020-10-21 17:34:21,2020-10-21 18:50:30
39,0,0,2020-10-21 17:34:27,2020-10-21 17:44:15
32,0,407,2020-10-21 17:34:31,2020-10-21 17:35:02
57,0,0,2020-10-21 17:34:38,2020-10-21 17:44:05
107,0,244,2020-10-21 17:34:53,2020-10-21 17:35:06
155,0,0,2020-10-21 17:34:53,2020-10-21 17:43:52
49,0,418,2020-10-21 17:34:56,2020-10-21 17:35:05
144,118,319,2020-10-21 17:34:58,2020-10-21 17:35:35
32,0,406,2020-10-21 17:35:02,2020-10-21 17:35:43
49,0,419,2020-10-21 17:35:05,2020-10-21 17:35:36
107,0,417,2020-10-21 17:35:06,2020-10-21 17:36:34
103,95,415,2020-10-21 17:35:09,2020-10-21 17:35:42
37,0,0,2020-10-21 17:35:22,2020-10-21 17:45:02
142,108,417,2020-10-21 17:35:28,2020-10-21 17:35:43
144,118,322,2020-10-21 17:35:35,2020-10-21 17:35:49
76,0,0,2020-10-21 17:35:35,2020-10-21 17:43:40
49,0,421,2020-10-21 17:35:36,2020-10-21 17:37:15
101,0,0,2020-10-21 17:35:38,2020-10-21 17:44:56
67,0,0,2020-10-21 17:35:40,2020-10-21 17:45:13
103,95,414,2020-10-21 17:35:42,2020-10-21 17:36:07
142,108,244,2020-10-21 17:35:43,2020-10-21 19:54:07
32,0,405,2020-10-21 17:35:43,2020-10-21 17:36:13
43,22,0,2020-10-21 17:35:46,2020-10-21 17:37:50
144,118,323,2020-10-21 17:35:49,2020-10-21 17:37:04
152,0,0,2020-10-21 17:35:54,2020-10-21 17:46:03
88,0,0,2020-10-21 17:36:06,2020-10-21 17:45:59
103,95,247,2020-10-21 17:36:07,2020-10-21 18:49:54
94,0,0,2020-10-21 17:36:10,2020-10-21 17:45:40
102,0,0,2020-10-21 17:36:12,2020-10-21 17:46:34
32,0,404,2020-10-21 17:36:13,2020-10-21 17:36:45
4,0,317,2020-10-21 17:36:18,2020-10-21 17:36:53
107,0,421,2020-10-21 17:36:34,2020-10-21 17:38:04
32,0,403,2020-10-21 17:36:45,2020-10-21 17:37:07
132,0,0,2020-10-21 17:36:46,2020-10-21 17:45:48
46,0,0,2020-10-21 17:36:47,2020-10-21 17:46:53
120,0,0,2020-10-21 17:36:47,2020-10-21 17:47:43
4,0,316,2020-10-21 17:36:53,2020-10-21 17:37:36
111,142,313,2020-10-21 17:36:56,2020-10-21 17:37:06
144,118,170,2020-10-21 17:37:04,2020-10-21 18:06:53
111,142,410,2020-10-21 17:37:06,2020-10-21 17:38:33
32,0,402,2020-10-21 17:37:07,2020-10-21 17:37:18
49,0,325,2020-10-21 17:37:15,2020-10-21 17:42:19
32,0,401,2020-10-21 17:37:18,2020-10-21 17:37:25
32,0,301,2020-10-21 17:37:25,2020-10-21 17:40:21
4,0,315,2020-10-21 17:37:36,2020-10-21 17:39:08
14,15,0,2020-10-21 17:37:45,2020-10-21 17:38:42
46,0,0,2020-10-21 17:37:46,2020-10-21 17:47:49
43,22,301,2020-10-21 17:37:50,2020-10-21 17:38:01
60,0,0,2020-10-21 17:37:56,2020-10-21 17:42:06
78,0,0,2020-10-21 17:37:58,2020-10-21 17:47:38
43,22,401,2020-10-21 17:38:01,2020-10-21 17:38:18
107,0,325,2020-10-21 17:38:04,2020-10-21 17:42:12
139,0,0,2020-10-21 17:38:14,2020-10-21 17:49:31
118,0,0,2020-10-21 17:38:16,2020-10-21 17:49:09
43,22,402,2020-10-21 17:38:18,2020-10-21 17:38:45
111,142,217,2020-10-21 17:38:33,2020-10-21 19:36:03
14,15,326,2020-10-21 17:38:42,2020-10-21 17:39:01
43,22,403,2020-10-21 17:38:45,2020-10-21 17:39:18
76,24,312,2020-10-21 17:38:47,2020-10-21 17:39:37
66,0,210,2020-10-21 17:38:52,2020-10-21 17:39:17
137,0,0,2020-10-21 17:38:53,2020-10-21 17:48:51
34,0,0,2020-10-21 17:38:58,2020-10-21 17:49:13
14,15,320,2020-10-21 17:39:01,2020-10-21 17:40:07
4,0,320,2020-10-21 17:39:08,2020-10-21 17:39:23
66,0,405,2020-10-21 17:39:17,2020-10-21 17:39:49
43,22,221,2020-10-21 17:39:18,2020-10-21 18:57:39
4,0,326,2020-10-21 17:39:23,2020-10-21 17:40:06
76,24,308,2020-10-21 17:39:37,2020-10-21 17:40:06
66,0,404,2020-10-21 17:39:49,2020-10-21 17:40:38
4,0,0,2020-10-21 17:40:06,2020-10-21 17:42:59
76,24,309,2020-10-21 17:40:06,2020-10-21 17:40:19
14,15,315,2020-10-21 17:40:07,2020-10-21 17:41:32
117,0,109,2020-10-21 17:40:07,2020-10-21 17:40:25
143,0,0,2020-10-21 17:40:16,2020-10-21 17:42:40
76,24,150,2020-10-21 17:40:19,2020-10-21 17:53:55
32,0,0,2020-10-21 17:40:21,2020-10-21 17:43:37
23,0,0,2020-10-21 17:40:22,2020-10-21 17:51:49
117,0,317,2020-10-21 17:40:25,2020-10-21 17:41:16
151,134,0,2020-10-21 17:40:27,2020-10-21 17:40:52
66,0,403,2020-10-21 17:40:38,2020-10-21 17:40:59
156,0,0,2020-10-21 17:40:47,2020-10-21 17:52:19
69,46,0,2020-10-21 17:40:52,2020-10-21 17:41:42
151,134,326,2020-10-21 17:40:52,2020-10-21 17:41:18
108,0,0,2020-10-21 17:40:59,2020-10-21 17:51:01
66,0,402,2020-10-21 17:40:59,2020-10-21 17:41:14
68,0,0,2020-10-21 17:41:05,2020-10-21 17:50:06
66,0,401,2020-10-21 17:41:14,2020-10-21 17:41:23
117,0,316,2020-10-21 17:41:16,2020-10-21 17:41:47
151,134,320,2020-10-21 17:41:18,2020-10-21 17:42:52
66,0,301,2020-10-21 17:41:23,2020-10-21 17:45:13
75,0,0,2020-10-21 17:41:26,2020-10-21 17:53:16
50,0,0,2020-10-21 17:41:29,2020-10-21 17:51:14
136,0,0,2020-10-21 17:41:32,2020-10-21 17:52:32
14,15,303,2020-10-21 17:41:32,2020-10-21 17:41:59
69,46,326,2020-10-21 17:41:42,2020-10-21 17:42:43
140,0,0,2020-10-21 17:41:44,2020-10-21 17:52:46
117,0,315,2020-10-21 17:41:47,2020-10-21 17:42:43
130,0,228,2020-10-21 17:41:54,2020-10-21 17:42:09
14,15,304,2020-10-21 17:41:59,2020-10-21 17:42:22
60,0,0,2020-10-21 17:42:06,2020-10-21 17:52:00
130,0,406,2020-10-21 17:42:09,2020-10-21 17:42:54
107,0,0,2020-10-21 17:42:12,2020-10-21 17:43:44
49,0,0,2020-10-21 17:42:19,2020-10-21 17:44:02
14,15,305,2020-10-21 17:42:22,2020-10-21 17:42:41
131,0,0,2020-10-21 17:42:37,2020-10-21 17:53:39
143,0,0,2020-10-21 17:42:40,2020-10-21 17:52:13
14,15,138,2020-10-21 17:42:41,2020-10-21 18:08:31
117,0,320,2020-10-21 17:42:43,2020-10-21 17:43:07
69,46,102,2020-10-21 17:42:43,2020-10-21 17:44:00
90,0,158,2020-10-21 17:42:44,2020-10-21 17:43:04
151,134,315,2020-10-21 17:42:52,2020-10-21 17:43:23
130,0,405,2020-10-21 17:42:54,2020-10-21 17:43:34
4,0,0,2020-10-21 17:42:59,2020-10-21 17:51:57
2,0,0,2020-10-21 17:43:00,2020-10-21 17:52:59
90,0,309,2020-10-21 17:43:04,2020-10-21 17:43:36
117,0,326,2020-10-21 17:43:07,2020-10-21 17:44:03
140,0,141,2020-10-21 17:43:15,2020-10-21 17:43:42
151,134,112,2020-10-21 17:43:23,2020-10-21 18:20:31
16,0,0,2020-10-21 17:43:26,2020-10-21 17:55:08
17,0,0,2020-10-21 17:43:31,2020-10-21 17:53:15
73,0,0,2020-10-21 17:43:34,2020-10-21 17:54:48
130,0,404,2020-10-21 17:43:34,2020-10-21 17:44:22
90,0,308,2020-10-21 17:43:36,2020-10-21 17:44:21
32,0,0,2020-10-21 17:43:37,2020-10-21 17:54:36
76,0,0,2020-10-21 17:43:40,2020-10-21 17:54:04
140,0,306,2020-10-21 17:43:42,2020-10-21 17:49:49
107,0,0,2020-10-21 17:43:44,2020-10-21 17:55:31
155,0,0,2020-10-21 17:43:52,2020-10-21 17:53:46
69,46,321,2020-10-21 17:44:00,2020-10-21 17:47:24
115,0,0,2020-10-21 17:44:02,2020-10-21 17:54:09
49,0,0,2020-10-21 17:44:02,2020-10-21 17:54:41
117,0,0,2020-10-21 17:44:03,2020-10-21 17:48:50
57,0,0,2020-10-21 17:44:05,2020-10-21 17:53:48
39,0,0,2020-10-21 17:44:15,2020-10-21 17:53:43
146,0,245,2020-10-21 17:44:20,2020-10-21 17:44:43
90,0,307,2020-10-21 17:44:21,2020-10-21 17:48:30
130,0,403,2020-10-21 17:44:22,2020-10-21 17:44:48
92,0,0,2020-10-21 17:44:23,2020-10-21 17:54:42
126,97,237,2020-10-21 17:44:23,2020-10-21 17:44:45
70,0,0,2020-10-21 17:44:27,2020-10-21 17:55:59
146,0,414,2020-10-21 17:44:43,2020-10-21 17:45:16
126,97,414,2020-10-21 17:44:45,2020-10-21 17:45:10
130,0,402,2020-10-21 17:44:48,2020-10-21 17:45:02
101,0,0,2020-10-21 17:44:56,2020-10-21 17:54:40
37,0,0,2020-10-21 17:45:02,2020-10-21 17:53:45
130,0,401,2020-10-21 17:45:02,2020-10-21 17:45:13
123,0,0,2020-10-21 17:45:05,2020-10-21 17:56:01
126,97,247,2020-10-21 17:45:10,2020-10-21 18:38:17
67,0,0,2020-10-21 17:45:13,2020-10-21 17:54:59
130,0,301,2020-10-21 17:45:13,2020-10-21 17:48:30
66,0,0,2020-10-21 17:45:13,2020-10-21 17:48:54
129,0,0,2020-10-21 17:45:15,2020-10-21 17:54:31
146,0,415,2020-10-21 17:45:16,2020-10-21 17:46:53
140,0,0,2020-10-21 17:45:23,2020-10-21 17:55:52
94,0,0,2020-10-21 17:45:40,2020-10-21 17:54:32
132,0,0,2020-10-21 17:45:48,2020-10-21 17:54:38
88,0,0,2020-10-21 17:45:59,2020-10-21 17:54:52
152,0,0,2020-10-21 17:46:03,2020-10-21 17:56:20
143,0,132,2020-10-21 17:46:26,2020-10-21 17:46:41
104,122,254,2020-10-21 17:46:30,2020-10-21 17:46:58
102,0,0,2020-10-21 17:46:34,2020-10-21 17:57:30
143,0,302,2020-10-21 17:46:41,2020-10-21 17:47:10
146,0,412,2020-10-21 17:46:53,2020-10-21 17:48:26
46,11,0,2020-10-21 17:46:53,2020-10-21 17:48:39
104,122,418,2020-10-21 17:46:58,2020-10-21 17:47:11
143,0,301,2020-10-21 17:47:10,2020-10-21 17:51:01
104,122,419,2020-10-21 17:47:11,2020-10-21 17:47:39
69,46,322,2020-10-21 17:47:24,2020-10-21 17:47:39
78,0,0,2020-10-21 17:47:38,2020-10-21 17:58:29
69,46,171,2020-10-21 17:47:39,2020-10-21 18:11:21
104,122,421,2020-10-21 17:47:39,2020-10-21 17:48:58
120,91,0,2020-10-21 17:47:43,2020-10-21 17:48:26
46,0,0,2020-10-21 17:47:49,2020-10-21 17:57:34
5,0,135,2020-10-21 17:48:07,2020-10-21 17:48:27
11,0,105,2020-10-21 17:48:18,2020-10-21 17:48:47
146,0,403,2020-10-21 17:48:26,2020-10-21 17:48:49
120,91,326,2020-10-21 17:48:26,2020-10-21 17:48:43
5,0,304,2020-10-21 17:48:27,2020-10-21 17:48:51
130,0,0,2020-10-21 17:48:30,2020-10-21 17:51:33
90,0,0,2020-10-21 17:48:30,2020-10-21 17:53:11
46,11,301,2020-10-21 17:48:39,2020-10-21 17:48:48
99,0,216,2020-10-21 17:48:41,2020-10-21 17:49:23
120,91,320,2020-10-21 17:48:43,2020-10-21 17:49:48
11,0,315,2020-10-21 17:48:47,2020-10-21 17:49:59
46,11,401,2020-10-21 17:48:48,2020-10-21 17:49:05
146,0,402,2020-10-21 17:48:49,2020-10-21 17:49:07
117,0,0,2020-10-21 17:48:50,2020-10-21 17:57:53
137,0,0,2020-10-21 17:48:51,2020-10-21 17:57:48
5,0,303,2020-10-21 17:48:51,2020-10-21 17:49:10
66,0,0,2020-10-21 17:48:54,2020-10-21 17:57:48
104,122,417,2020-10-21 17:48:58,2020-10-21 17:49:08
133,96,247,2020-10-21 17:49:01,2020-10-21 17:49:20
86,0,174,2020-10-21 17:49:05,2020-10-21 17:49:43
46,11,402,2020-10-21 17:49:05,2020-10-21 17:49:32
146,0,401,2020-10-21 17:49:07,2020-10-21 17:49:17
104,122,251,2020-10-21 17:49:08,2020-10-21 18:46:42
118,115,0,2020-10-21 17:49:09,2020-10-21 17:53:51
5,0,302,2020-10-21 17:49:10,2020-10-21 17:49:32
34,19,0,2020-10-21 17:49:13,2020-10-21 17:49:50
146,0,301,2020-10-21 17:49:17,2020-10-21 17:51:50
133,96,414,2020-10-21 17:49:20,2020-10-21 17:49:43
99,0,407,2020-10-21 17:49:23,2020-10-21 17:49:54
139,0,0,2020-10-21 17:49:31,2020-10-21 17:58:47
46,11,403,2020-10-21 17:49:32,2020-10-21 17:50:36
5,0,301,2020-10-21 17:49:32,2020-10-21 17:52:37
86,0,324,2020-10-21 17:49:43,2020-10-21 17:56:35
133,96,415,2020-10-21 17:49:43,2020-10-21 17:51:14
120,91,315,2020-10-21 17:49:48,2020-10-21 17:50:46
140,0,0,2020-10-21 17:49:49,2020-10-21 17:53:09
34,19,326,2020-10-21 17:49:50,2020-10-21 17:50:15
99,0,406,2020-10-21 17:49:54,2020-10-21 17:50:35
11,0,320,2020-10-21 17:49:59,2020-10-21 17:50:27
68,84,0,2020-10-21 17:50:06,2020-10-21 17:54:09
34,19,102,2020-10-21 17:50:15,2020-10-21 17:51:37
11,0,326,2020-10-21 17:50:27,2020-10-21 17:51:13
99,0,405,2020-10-21 17:50:35,2020-10-21 17:51:05
46,11,412,2020-10-21 17:50:36,2020-10-21 17:51:52
120,91,303,2020-10-21 17:50:46,2020-10-21 17:51:04
108,0,0,2020-10-21 17:51:01,2020-10-21 17:59:19
143,0,0,2020-10-21 17:51:01,2020-10-21 17:56:09
120,91,134,2020-10-21 17:51:04,2020-10-21 18:43:10
99,0,404,2020-10-21 17:51:05,2020-10-21 17:51:37
11,0,0,2020-10-21 17:51:13,2020-10-21 17:56:54
133,96,412,2020-10-21 17:51:14,2020-10-21 17:52:24
50,0,0,2020-10-21 17:51:14,2020-10-21 18:01:09
130,0,0,2020-10-21 17:51:33,2020-10-21 18:00:35
99,0,403,2020-10-21 17:51:37,2020-10-21 17:51:59
34,19,321,2020-10-21 17:51:37,2020-10-21 17:53:48
23,140,0,2020-10-21 17:51:49,2020-10-21 17:54:50
146,0,0,2020-10-21 17:51:50,2020-10-21 17:54:27
46,11,415,2020-10-21 17:51:52,2020-10-21 17:52:27
4,0,0,2020-10-21 17:51:57,2020-10-21 18:00:57
99,0,402,2020-10-21 17:51:59,2020-10-21 17:52:10
60,0,0,2020-10-21 17:52:00,2020-10-21 18:02:43
99,0,401,2020-10-21 17:52:10,2020-10-21 17:52:17
143,116,0,2020-10-21 17:52:13,2020-10-21 17:55:13
99,0,301,2020-10-21 17:52:17,2020-10-21 17:55:13
156,0,0,2020-10-21 17:52:19,2020-10-21 18:02:59
128,0,169,2020-10-21 17:52:22,2020-10-21 17:52:51
133,96,403,2020-10-21 17:52:24,2020-10-21 17:53:03
46,11,414,2020-10-21 17:52:27,2020-10-21 17:52:42
136,0,0,2020-10-21 17:52:32,2020-10-21 18:01:38
5,0,0,2020-10-21 17:52:37,2020-10-21 17:58:02
46,11,238,2020-10-21 17:52:42,2020-10-21 17:04:50
140,0,0,2020-10-21 17:52:46,2020-10-21 18:02:59
128,0,323,2020-10-21 17:52:51,2020-10-21 17:53:13
2,0,0,2020-10-21 17:52:59,2020-10-21 18:03:45
133,96,404,2020-10-21 17:53:03,2020-10-21 17:53:32
140,0,0,2020-10-21 17:53:09,2020-10-21 18:02:56
90,0,0,2020-10-21 17:53:11,2020-10-21 18:01:51
128,0,322,2020-10-21 17:53:13,2020-10-21 17:54:03
17,0,0,2020-10-21 17:53:15,2020-10-21 18:02:01
75,0,0,2020-10-21 17:53:16,2020-10-21 18:01:52
28,0,117,2020-10-21 17:53:22,2020-10-21 17:54:02
133,96,405,2020-10-21 17:53:32,2020-10-21 17:53:42
131,0,0,2020-10-21 17:53:39,2020-10-21 18:02:43
133,96,225,2020-10-21 17:53:42,2020-10-21 19:24:04
39,0,0,2020-10-21 17:53:43,2020-10-21 18:04:22
37,0,0,2020-10-21 17:53:45,2020-10-21 18:03:30
155,133,0,2020-10-21 17:53:46,2020-10-21 17:55:53
34,19,322,2020-10-21 17:53:48,2020-10-21 17:54:19
57,0,0,2020-10-21 17:53:48,2020-10-21 18:05:53
118,115,301,2020-10-21 17:53:51,2020-10-21 17:54:01
59,0,217,2020-10-21 17:53:54,2020-10-21 17:55:20
76,41,150,2020-10-21 17:53:55,2020-10-21 17:54:09
118,115,401,2020-10-21 17:54:01,2020-10-21 17:54:11
28,0,315,2020-10-21 17:54:02,2020-10-21 17:55:33
128,0,325,2020-10-21 17:54:03,2020-10-21 17:58:13
76,0,0,2020-10-21 17:54:04,2020-10-21 18:05:56
68,84,301,2020-10-21 17:54:09,2020-10-21 17:54:17
76,41,309,2020-10-21 17:54:09,2020-10-21 17:54:31
115,0,0,2020-10-21 17:54:09,2020-10-21 18:04:12
118,115,402,2020-10-21 17:54:11,2020-10-21 17:54:32
68,84,401,2020-10-21 17:54:17,2020-10-21 17:54:31
34,19,323,2020-10-21 17:54:19,2020-10-21 17:55:07
146,0,0,2020-10-21 17:54:27,2020-10-21 18:05:43
68,84,402,2020-10-21 17:54:31,2020-10-21 17:55:02
129,0,0,2020-10-21 17:54:31,2020-10-21 18:05:06
76,41,308,2020-10-21 17:54:31,2020-10-21 17:54:55
94,0,0,2020-10-21 17:54:32,2020-10-21 18:04:27
118,115,403,2020-10-21 17:54:32,2020-10-21 17:55:11
32,0,0,2020-10-21 17:54:36,2020-10-21 18:07:12
132,0,0,2020-10-21 17:54:38,2020-10-21 18:03:49
101,0,0,2020-10-21 17:54:40,2020-10-21 18:03:14
49,0,0,2020-10-21 17:54:41,2020-10-21 18:06:10
92,88,0,2020-10-21 17:54:42,2020-10-21 17:58:40
73,0,0,2020-10-21 17:54:48,2020-10-21 18:04:55
23,140,301,2020-10-21 17:54:50,2020-10-21 17:55:01
88,0,0,2020-10-21 17:54:52,2020-10-21 18:04:25
76,41,154,2020-10-21 17:54:55,2020-10-21 16:56:29
67,0,0,2020-10-21 17:54:59,2020-10-21 18:04:55
23,140,401,2020-10-21 17:55:01,2020-10-21 17:55:16
68,84,403,2020-10-21 17:55:02,2020-10-21 17:56:28
34,19,169,2020-10-21 17:55:07,2020-10-21 19:14:05
16,0,0,2020-10-21 17:55:08,2020-10-21 18:05:24
118,115,404,2020-10-21 17:55:11,2020-10-21 17:55:38
99,0,0,2020-10-21 17:55:13,2020-10-21 17:58:47
143,116,301,2020-10-21 17:55:13,2020-10-21 17:55:42
23,140,402,2020-10-21 17:55:16,2020-10-21 17:55:43
20,0,159,2020-10-21 17:55:17,2020-10-21 17:56:00
59,0,410,2020-10-21 17:55:20,2020-10-21 17:55:27
59,0,313,2020-10-21 17:55:27,2020-10-21 18:05:40
107,0,0,2020-10-21 17:55:31,2020-10-21 18:04:20
28,0,320,2020-10-21 17:55:33,2020-10-21 17:55:50
118,115,222,2020-10-21 17:55:38,2020-10-21 18:41:53
143,116,302,2020-10-21 17:55:42,2020-10-21 17:55:56
23,140,403,2020-10-21 17:55:43,2020-10-21 17:56:31
141,0,151,2020-10-21 17:55:47,2020-10-21 17:56:29
28,0,326,2020-10-21 17:55:50,2020-10-21 17:56:32
140,0,0,2020-10-21 17:55:52,2020-10-21 18:07:11
155,133,301,2020-10-21 17:55:53,2020-10-21 17:56:06
143,116,132,2020-10-21 17:55:56,2020-10-21 17:46:26
70,0,0,2020-10-21 17:55:59,2020-10-21 18:06:21
20,0,309,2020-10-21 17:56:00,2020-10-21 17:56:15
123,92,0,2020-10-21 17:56:01,2020-10-21 17:59:46
155,133,401,2020-10-21 17:56:06,2020-10-21 17:56:21
143,0,0,2020-10-21 17:56:09,2020-10-21 18:06:28
20,0,308,2020-10-21 17:56:15,2020-10-21 17:56:44
152,134,0,2020-10-21 17:56:20,2020-10-21 17:59:42
155,133,402,2020-10-21 17:56:21,2020-10-21 17:56:41
68,84,412,2020-10-21 17:56:28,2020-10-21 17:57:18
141,0,309,2020-10-21 17:56:29,2020-10-21 17:56:50
23,140,404,2020-10-21 17:56:31,2020-10-21 17:56:50
28,0,0,2020-10-21 17:56:32,2020-10-21 18:03:57
86,0,0,2020-10-21 17:56:35,2020-10-21 17:59:55
110,0,209,2020-10-21 17:56:37,2020-10-21 17:56:52
155,133,403,2020-10-21 17:56:41,2020-10-21 17:57:39
20,0,307,2020-10-21 17:56:44,2020-10-21 18:04:13
23,140,405,2020-10-21 17:56:50,2020-10-21 17:57:40
141,0,308,2020-10-21 17:56:50,2020-10-21 17:57:31
110,0,405,2020-10-21 17:56:52,2020-10-21 17:57:28
11,0,0,2020-10-21 17:56:54,2020-10-21 18:07:38
83,0,210,2020-10-21 17:56:56,2020-10-21 17:57:21
95,0,105,2020-10-21 17:57:17,2020-10-21 17:57:46
56,0,136,2020-10-21 17:57:17,2020-10-21 17:57:35
68,84,232,2020-10-21 17:57:18,2020-10-21 18:28:52
83,0,405,2020-10-21 17:57:21,2020-10-21 17:57:53
110,0,404,2020-10-21 17:57:28,2020-10-21 17:57:59
102,0,0,2020-10-21 17:57:30,2020-10-21 18:06:28
141,0,307,2020-10-21 17:57:31,2020-10-21 18:02:05
46,0,0,2020-10-21 17:57:34,2020-10-21 18:09:13
56,0,304,2020-10-21 17:57:35,2020-10-21 17:58:08
155,133,404,2020-10-21 17:57:39,2020-10-21 17:57:54
23,140,406,2020-10-21 17:57:40,2020-10-21 17:58:11
95,0,315,2020-10-21 17:57:46,2020-10-21 17:58:58
137,0,0,2020-10-21 17:57:48,2020-10-21 18:07:41
66,0,0,2020-10-21 17:57:48,2020-10-21 18:09:56
83,0,404,2020-10-21 17:57:53,2020-10-21 17:58:42
117,0,0,2020-10-21 17:57:53,2020-10-21 18:09:00
155,133,207,2020-10-21 17:57:54,2020-10-21 19:13:12
110,0,403,2020-10-21 17:57:59,2020-10-21 17:58:29
5,0,0,2020-10-21 17:58:02,2020-10-21 18:08:39
56,0,303,2020-10-21 17:58:08,2020-10-21 17:58:28
23,140,407,2020-10-21 17:58:11,2020-10-21 17:59:10
128,0,0,2020-10-21 17:58:13,2020-10-21 18:01:56
56,0,302,2020-10-21 17:58:28,2020-10-21 17:58:58
78,0,0,2020-10-21 17:58:29,2020-10-21 18:08:19
110,0,402,2020-10-21 17:58:29,2020-10-21 17:58:44
92,88,301,2020-10-21 17:58:40,2020-10-21 17:58:51
83,0,403,2020-10-21 17:58:42,2020-10-21 17:59:03
110,0,401,2020-10-21 17:58:44,2020-10-21 17:58:52
139,0,0,2020-10-21 17:58:47,2020-10-21 18:08:52
99,0,0,2020-10-21 17:58:47,2020-10-21 18:06:41
92,88,302,2020-10-21 17:58:51,2020-10-21 17:59:19
110,0,301,2020-10-21 17:58:52,2020-10-21 18:02:14
81,62,208,2020-10-21 17:58:52,2020-10-21 17:59:25
95,0,320,2020-10-21 17:58:58,2020-10-21 17:59:26
56,0,301,2020-10-21 17:58:58,2020-10-21 18:01:42
83,0,402,2020-10-21 17:59:03,2020-10-21 17:59:18
23,140,214,2020-10-21 17:59:10,2020-10-21 19:37:51
83,0,401,2020-10-21 17:59:18,2020-10-21 17:59:27
92,88,122,2020-10-21 17:59:19,2020-10-21 18:28:31
108,140,0,2020-10-21 17:59:19,2020-10-21 17:59:45
81,62,404,2020-10-21 17:59:25,2020-10-21 18:00:10
95,0,326,2020-10-21 17:59:26,2020-10-21 18:00:12
100,0,151,2020-10-21 17:59:26,2020-10-21 18:00:08
83,0,301,2020-10-21 17:59:27,2020-10-21 18:03:17
125,0,173,2020-10-21 17:59:29,2020-10-21 18:00:45
135,0,159,2020-10-21 17:59:34,2020-10-21 18:00:17
152,134,301,2020-10-21 17:59:42,2020-10-21 17:59:50
108,140,326,2020-10-21 17:59:45,2020-10-21 18:00:32
123,92,301,2020-10-21 17:59:46,2020-10-21 17:59:58
152,134,401,2020-10-21 17:59:50,2020-10-21 18:00:01
86,0,0,2020-10-21 17:59:55,2020-10-21 18:11:02
123,92,401,2020-10-21 17:59:58,2020-10-21 18:00:16
58,0,240,2020-10-21 18:00:01,2020-10-21 18:00:30
152,134,402,2020-10-21 18:00:01,2020-10-21 18:00:18
65,0,205,2020-10-21 18:00:04,2020-10-21 18:00:34
100,0,309,2020-10-21 18:00:08,2020-10-21 18:00:29
81,62,403,2020-10-21 18:00:10,2020-10-21 18:01:31
95,0,0,2020-10-21 18:00:12,2020-10-21 18:06:50
123,92,402,2020-10-21 18:00:16,2020-10-21 18:00:37
154,0,212,2020-10-21 18:00:17,2020-10-21 18:00:30
135,0,309,2020-10-21 18:00:17,2020-10-21 18:00:32
152,134,202,2020-10-21 18:00:18,2020-10-21 18:42:44
100,0,308,2020-10-21 18:00:29,2020-10-21 18:01:10
154,0,406,2020-10-21 18:00:30,2020-10-21 18:01:15
58,0,415,2020-10-21 18:00:30,2020-10-21 18:01:25
108,140,102,2020-10-21 18:00:32,2020-10-21 18:01:36
135,0,308,2020-10-21 18:00:32,2020-10-21 18:01:01
65,0,403,2020-10-21 18:00:34,2020-10-21 18:00:57
130,0,0,2020-10-21 18:00:35,2020-10-21 18:08:45
123,92,403,2020-10-21 18:00:37,2020-10-21 18:01:14
125,0,323,2020-10-21 18:00:45,2020-10-21 18:01:00
65,0,402,2020-10-21 18:00:57,2020-10-21 18:01:10
4,0,0,2020-10-21 18:00:57,2020-10-21 18:11:14
125,0,322,2020-10-21 18:01:00,2020-10-21 18:01:39
135,0,307,2020-10-21 18:01:01,2020-10-21 18:08:30
50,29,0,2020-10-21 18:01:09,2020-10-21 18:07:08
100,0,307,2020-10-21 18:01:10,2020-10-21 18:05:44
65,0,401,2020-10-21 18:01:10,2020-10-21 18:01:20
123,92,404,2020-10-21 18:01:14,2020-10-21 18:01:38
154,0,405,2020-10-21 18:01:15,2020-10-21 18:01:44
65,0,301,2020-10-21 18:01:20,2020-10-21 18:04:32
58,0,412,2020-10-21 18:01:25,2020-10-21 18:02:31
81,62,412,2020-10-21 18:01:31,2020-10-21 18:02:38
108,140,321,2020-10-21 18:01:36,2020-10-21 18:03:54
136,0,0,2020-10-21 18:01:38,2020-10-21 18:10:31
123,92,405,2020-10-21 18:01:38,2020-10-21 18:02:03
125,0,325,2020-10-21 18:01:39,2020-10-21 18:07:07
127,0,234,2020-10-21 18:01:42,2020-10-21 18:02:00
56,0,0,2020-10-21 18:01:42,2020-10-21 18:06:55
154,0,404,2020-10-21 18:01:44,2020-10-21 18:02:28
90,0,0,2020-10-21 18:01:51,2020-10-21 18:12:31
75,0,0,2020-10-21 18:01:52,2020-10-21 18:12:20
128,0,0,2020-10-21 18:01:56,2020-10-21 18:12:13
44,0,228,2020-10-21 18:01:57,2020-10-21 18:02:12
127,0,411,2020-10-21 18:02:00,2020-10-21 18:02:27
17,0,0,2020-10-21 18:02:01,2020-10-21 18:11:31
123,92,210,2020-10-21 18:02:03,2020-10-21 18:53:38
141,0,0,2020-10-21 18:02:05,2020-10-21 18:07:12
44,0,406,2020-10-21 18:02:12,2020-10-21 18:02:57
110,0,0,2020-10-21 18:02:14,2020-10-21 18:06:16
127,0,412,2020-10-21 18:02:27,2020-10-21 18:03:46
154,0,403,2020-10-21 18:02:28,2020-10-21 18:02:56
58,0,403,2020-10-21 18:02:31,2020-10-21 18:02:56
81,62,415,2020-10-21 18:02:38,2020-10-21 18:02:56
60,0,0,2020-10-21 18:02:43,2020-10-21 18:14:28
131,0,0,2020-10-21 18:02:43,2020-10-21 18:12:41
74,0,251,2020-10-21 18:02:55,2020-10-21 18:03:06
154,0,402,2020-10-21 18:02:56,2020-10-21 18:03:11
140,0,0,2020-10-21 18:02:56,2020-10-21 18:12:47
58,0,402,2020-10-21 18:02:56,2020-10-21 18:03:12
81,62,414,2020-10-21 18:02:56,2020-10-21 18:03:11
44,0,405,2020-10-21 18:02:57,2020-10-21 18:03:37
156,0,0,2020-10-21 18:02:59,2020-10-21 18:14:27
140,121,0,2020-10-21 18:02:59,2020-10-21 18:08:11
74,0,417,2020-10-21 18:03:06,2020-10-21 18:04:26
81,62,238,2020-10-21 18:03:11,2020-10-21 18:37:50
154,0,401,2020-10-21 18:03:11,2020-10-21 18:03:23
58,0,401,2020-10-21 18:03:12,2020-10-21 18:03:24
101,0,0,2020-10-21 18:03:14,2020-10-21 18:13:22
15,0,201,2020-10-21 18:03:17,2020-10-21 18:03:36
83,0,0,2020-10-21 18:03:17,2020-10-21 18:07:41
154,0,301,2020-10-21 18:03:23,2020-10-21 18:06:27
58,0,301,2020-10-21 18:03:24,2020-10-21 18:06:33
37,0,0,2020-10-21 18:03:30,2020-10-21 18:14:18
15,0,401,2020-10-21 18:03:36,2020-10-21 18:03:46
44,0,404,2020-10-21 18:03:37,2020-10-21 18:04:25
2,0,0,2020-10-21 18:03:45,2020-10-21 18:14:36
127,0,403,2020-10-21 18:03:46,2020-10-21 18:04:13
15,0,301,2020-10-21 18:03:46,2020-10-21 18:06:25
132,95,0,2020-10-21 18:03:49,2020-10-21 18:04:25
108,140,322,2020-10-21 18:03:54,2020-10-21 18:04:11
28,0,0,2020-10-21 18:03:57,2020-10-21 18:13:12
59,0,0,2020-10-21 18:04:03,2020-10-21 18:15:32
108,140,323,2020-10-21 18:04:11,2020-10-21 18:05:01
115,0,0,2020-10-21 18:04:12,2020-10-21 18:16:00
20,0,0,2020-10-21 18:04:13,2020-10-21 18:06:05
127,0,402,2020-10-21 18:04:13,2020-10-21 18:04:28
107,0,0,2020-10-21 18:04:20,2020-10-21 18:14:47
53,0,222,2020-10-21 18:04:20,2020-10-21 18:04:50
39,0,0,2020-10-21 18:04:22,2020-10-21 18:12:45
4,0,119,2020-10-21 18:04:25,2020-10-21 18:04:40
44,0,403,2020-10-21 18:04:25,2020-10-21 18:04:51
132,95,326,2020-10-21 18:04:25,2020-10-21 18:04:45
88,0,0,2020-10-21 18:04:25,2020-10-21 18:13:21
74,0,421,2020-10-21 18:04:26,2020-10-21 18:06:07
94,6,0,2020-10-21 18:04:27,2020-10-21 18:07:27
127,0,401,2020-10-21 18:04:28,2020-10-21 18:04:38
65,0,0,2020-10-21 18:04:32,2020-10-21 18:10:07
127,0,301,2020-10-21 18:04:38,2020-10-21 18:08:00
4,0,317,2020-10-21 18:04:40,2020-10-21 18:05:30
132,95,320,2020-10-21 18:04:45,2020-10-21 18:06:29
53,0,404,2020-10-21 18:04:50,2020-10-21 18:05:17
44,0,402,2020-10-21 18:04:51,2020-10-21 18:05:05
73,0,0,2020-10-21 18:04:55,2020-10-21 18:14:07
67,0,0,2020-10-21 18:04:55,2020-10-21 18:16:05
85,0,232,2020-10-21 18:05:00,2020-10-21 18:05:35
108,140,173,2020-10-21 18:05:01,2020-10-21 20:15:20
44,0,401,2020-10-21 18:05:05,2020-10-21 18:05:16
129,0,0,2020-10-21 18:05:06,2020-10-21 18:14:39
44,0,301,2020-10-21 18:05:16,2020-10-21 18:08:33
53,0,403,2020-10-21 18:05:17,2020-10-21 18:05:37
16,0,0,2020-10-21 18:05:24,2020-10-21 18:15:32
4,0,316,2020-10-21 18:05:30,2020-10-21 18:06:15
96,0,212,2020-10-21 18:05:31,2020-10-21 18:05:44
85,0,412,2020-10-21 18:05:35,2020-10-21 18:06:23
53,0,402,2020-10-21 18:05:37,2020-10-21 18:05:54
10,0,102,2020-10-21 18:05:38,2020-10-21 18:06:05
59,0,0,2020-10-21 18:05:40,2020-10-21 18:04:03
146,131,0,2020-10-21 18:05:43,2020-10-21 18:09:18
100,0,0,2020-10-21 18:05:44,2020-10-21 18:09:03
96,0,406,2020-10-21 18:05:44,2020-10-21 18:06:29
57,41,0,2020-10-21 18:05:53,2020-10-21 18:06:29
53,0,401,2020-10-21 18:05:54,2020-10-21 18:06:07
76,0,0,2020-10-21 18:05:56,2020-10-21 18:15:09
10,0,326,2020-10-21 18:06:05,2020-10-21 18:06:59
20,142,0,2020-10-21 18:06:05,2020-10-21 18:16:43
53,0,301,2020-10-21 18:06:07,2020-10-21 18:08:22
74,0,325,2020-10-21 18:06:07,2020-10-21 18:12:57
49,0,0,2020-10-21 18:06:10,2020-10-21 18:16:36
4,0,315,2020-10-21 18:06:15,2020-10-21 18:07:17
110,0,0,2020-10-21 18:06:16,2020-10-21 18:16:16
70,0,0,2020-10-21 18:06:21,2020-10-21 18:16:42
85,0,403,2020-10-21 18:06:23,2020-10-21 18:06:46
15,0,0,2020-10-21 18:06:25,2020-10-21 18:15:39
154,0,0,2020-10-21 18:06:27,2020-10-21 18:09:53
102,0,0,2020-10-21 18:06:28,2020-10-21 18:14:24
143,108,0,2020-10-21 18:06:28,2020-10-21 18:14:43
57,41,326,2020-10-21 18:06:29,2020-10-21 18:06:49
96,0,405,2020-10-21 18:06:29,2020-10-21 18:06:58
132,95,145,2020-10-21 18:06:29,2020-10-21 20:09:38
58,0,0,2020-10-21 18:06:33,2020-10-21 18:08:29
99,0,0,2020-10-21 18:06:41,2020-10-21 18:16:59
21,0,155,2020-10-21 18:06:45,2020-10-21 18:07:16
85,0,402,2020-10-21 18:06:46,2020-10-21 18:07:03
57,41,320,2020-10-21 18:06:49,2020-10-21 18:08:33
95,0,0,2020-10-21 18:06:50,2020-10-21 18:17:25
144,0,170,2020-10-21 18:06:53,2020-10-21 18:08:34
56,0,0,2020-10-21 18:06:55,2020-10-21 18:16:17
96,0,404,2020-10-21 18:06:58,2020-10-21 18:07:42
10,0,0,2020-10-21 18:06:59,2020-10-21 18:14:48
85,0,401,2020-10-21 18:07:03,2020-10-21 18:07:11
125,0,0,2020-10-21 18:07:07,2020-10-21 18:09:47
50,29,312,2020-10-21 18:07:08,2020-10-21 18:07:58
140,97,0,2020-10-21 18:07:11,2020-10-21 18:15:11
85,0,301,2020-10-21 18:07:11,2020-10-21 18:09:13
32,0,0,2020-10-21 18:07:12,2020-10-21 18:18:09
141,126,0,2020-10-21 18:07:12,2020-10-21 18:13:18
45,69,154,2020-10-21 18:07:14,2020-10-21 18:07:36
21,0,318,2020-10-21 18:07:16,2020-10-21 18:07:55
4,0,320,2020-10-21 18:07:17,2020-10-21 18:07:38
94,6,301,2020-10-21 18:07:27,2020-10-21 18:07:56
45,69,308,2020-10-21 18:07:36,2020-10-21 18:08:25
11,0,0,2020-10-21 18:07:38,2020-10-21 18:17:17
4,0,326,2020-10-21 18:07:38,2020-10-21 18:08:18
83,0,0,2020-10-21 18:07:41,2020-10-21 18:17:23
137,0,0,2020-10-21 18:07:41,2020-10-21 18:17:44
96,0,403,2020-10-21 18:07:42,2020-10-21 18:08:10
21,0,319,2020-10-21 18:07:55,2020-10-21 18:09:52
94,6,302,2020-10-21 18:07:56,2020-10-21 18:08:10
50,29,308,2020-10-21 18:07:58,2020-10-21 18:08:27
127,0,0,2020-10-21 18:08:00,2020-10-21 18:13:27
37,0,238,2020-10-21 18:08:00,2020-10-21 18:08:17
94,6,132,2020-10-21 18:08:10,2020-10-21 18:54:58
96,0,402,2020-10-21 18:08:10,2020-10-21 18:08:25
140,121,306,2020-10-21 18:08:11,2020-10-21 18:08:33
37,0,414,2020-10-21 18:08:17,2020-10-21 18:08:43
4,0,0,2020-10-21 18:08:18,2020-10-21 18:14:23
78,47,0,2020-10-21 18:08:19,2020-10-21 18:09:06
53,0,0,2020-10-21 18:08:22,2020-10-21 18:12:32
96,0,401,2020-10-21 18:08:25,2020-10-21 18:08:37
45,69,312,2020-10-21 18:08:25,2020-10-21 18:08:35
50,29,309,2020-10-21 18:08:27,2020-10-21 18:08:40
58,27,0,2020-10-21 18:08:29,2020-10-21 18:09:05
135,0,0,2020-10-21 18:08:30,2020-10-21 18:12:22
14,0,138,2020-10-21 18:08:31,2020-10-21 18:08:48
44,0,0,2020-10-21 18:08:33,2020-10-21 18:12:08
140,121,141,2020-10-21 18:08:33,2020-10-21 17:43:15
57,41,145,2020-10-21 18:08:33,2020-10-21 19:39:42
144,0,323,2020-10-21 18:08:34,2020-10-21 18:08:54
45,69,409,2020-10-21 18:08:35,2020-10-21 18:08:53
96,0,301,2020-10-21 18:08:37,2020-10-21 18:11:41
5,0,0,2020-10-21 18:08:39,2020-10-21 18:18:01
50,29,150,2020-10-21 18:08:40,2020-10-21 18:57:04
37,0,415,2020-10-21 18:08:43,2020-10-21 18:09:41
130,0,0,2020-10-21 18:08:45,2020-10-21 18:17:18
14,0,305,2020-10-21 18:08:48,2020-10-21 18:09:25
139,0,0,2020-10-21 18:08:52,2020-10-21 18:18:29
45,69,407,2020-10-21 18:08:53,2020-10-21 18:09:31
144,0,322,2020-10-21 18:08:54,2020-10-21 18:09:47
117,0,0,2020-10-21 18:09:00,2020-10-21 18:21:25
100,129,0,2020-10-21 18:09:03,2020-10-21 18:17:03
58,27,326,2020-10-21 18:09:05,2020-10-21 18:09:25
78,47,326,2020-10-21 18:09:06,2020-10-21 18:09:28
85,0,0,2020-10-21 18:09:13,2020-10-21 18:15:30
46,0,0,2020-10-21 18:09:13,2020-10-21 18:19:01
146,131,301,2020-10-21 18:09:18,2020-10-21 18:09:29
58,27,320,2020-10-21 18:09:25,2020-10-21 18:11:09
14,0,304,2020-10-21 18:09:25,2020-10-21 18:10:03
64,0,178,2020-10-21 18:09:26,2020-10-21 18:10:38
78,47,320,2020-10-21 18:09:28,2020-10-21 18:10:43
146,131,401,2020-10-21 18:09:29,2020-10-21 18:09:41
45,69,406,2020-10-21 18:09:31,2020-10-21 18:10:16
146,131,402,2020-10-21 18:09:41,2020-10-21 18:10:08
37,0,412,2020-10-21 18:09:41,2020-10-21 18:10:59
144,0,325,2020-10-21 18:09:47,2020-10-21 18:15:48
125,118,0,2020-10-21 18:09:47,2020-10-21 18:16:00
21,0,317,2020-10-21 18:09:52,2020-10-21 18:10:24
154,0,0,2020-10-21 18:09:53,2020-10-21 18:21:17
66,0,0,2020-10-21 18:09:56,2020-10-21 18:20:18
14,0,303,2020-10-21 18:10:03,2020-10-21 18:10:23
65,0,0,2020-10-21 18:10:07,2020-10-21 18:20:30
146,131,403,2020-10-21 18:10:08,2020-10-21 18:10:53
134,0,155,2020-10-21 18:10:11,2020-10-21 18:10:42
45,69,405,2020-10-21 18:10:16,2020-10-21 18:10:42
14,0,302,2020-10-21 18:10:23,2020-10-21 18:10:48
21,0,316,2020-10-21 18:10:24,2020-10-21 18:11:04
147,0,220,2020-10-21 18:10:25,2020-10-21 18:10:43
136,0,0,2020-10-21 18:10:31,2020-10-21 18:19:12
64,0,321,2020-10-21 18:10:38,2020-10-21 18:12:07
134,0,318,2020-10-21 18:10:42,2020-10-21 18:11:21
45,69,404,2020-10-21 18:10:42,2020-10-21 18:11:24
147,0,403,2020-10-21 18:10:43,2020-10-21 18:11:08
78,47,315,2020-10-21 18:10:43,2020-10-21 18:10:59
14,0,301,2020-10-21 18:10:48,2020-10-21 18:13:45
109,94,230,2020-10-21 18:10:50,2020-10-21 18:11:03
146,131,412,2020-10-21 18:10:53,2020-10-21 18:11:17
78,47,314,2020-10-21 18:10:59,2020-10-21 18:11:14
37,0,403,2020-10-21 18:10:59,2020-10-21 18:11:33
86,0,0,2020-10-21 18:11:02,2020-10-21 18:21:24
109,94,411,2020-10-21 18:11:03,2020-10-21 18:11:33
21,0,315,2020-10-21 18:11:04,2020-10-21 18:12:32
147,0,402,2020-10-21 18:11:08,2020-10-21 18:11:23
58,27,145,2020-10-21 18:11:09,2020-10-21 18:12:19
4,0,0,2020-10-21 18:11:14,2020-10-21 18:20:39
78,47,103,2020-10-21 18:11:14,2020-10-21 18:18:03
146,131,411,2020-10-21 18:11:17,2020-10-21 18:11:37
101,0,208,2020-10-21 18:11:20,2020-10-21 18:11:57
134,0,319,2020-10-21 18:11:21,2020-10-21 18:13:18
69,0,171,2020-10-21 18:11:21,2020-10-21 18:11:37
147,0,401,2020-10-21 18:11:23,2020-10-21 18:11:32
45,69,403,2020-10-21 18:11:24,2020-10-21 18:12:49
17,140,0,2020-10-21 18:11:31,2020-10-21 18:18:23
147,0,301,2020-10-21 18:11:32,2020-10-21 18:14:40
109,94,412,2020-10-21 18:11:33,2020-10-21 18:13:12
37,0,402,2020-10-21 18:11:33,2020-10-21 18:11:45
69,0,322,2020-10-21 18:11:37,2020-10-21 18:12:36
146,131,229,2020-10-21 18:11:37,2020-10-21 19:08:28
96,0,0,2020-10-21 18:11:41,2020-10-21 18:16:39
45,0,234,2020-10-21 18:11:43,2020-10-21 18:12:01
37,0,401,2020-10-21 18:11:45,2020-10-21 18:11:55
41,0,150,2020-10-21 18:11:45,2020-10-21 18:12:01
37,0,301,2020-10-21 18:11:55,2020-10-21 18:15:58
101,0,404,2020-10-21 18:11:57,2020-10-21 18:12:33
41,0,309,2020-10-21 18:12:01,2020-10-21 18:12:33
45,0,411,2020-10-21 18:12:01,2020-10-21 18:12:28
64,0,102,2020-10-21 18:12:07,2020-10-21 18:12:58
44,0,0,2020-10-21 18:12:08,2020-10-21 18:21:26
137,0,213,2020-10-21 18:12:12,2020-10-21 18:12:54
128,0,0,2020-10-21 18:12:13,2020-10-21 18:22:17
58,140,145,2020-10-21 18:12:19,2020-10-21 18:13:12
75,0,0,2020-10-21 18:12:20,2020-10-21 18:22:43
135,0,0,2020-10-21 18:12:22,2020-10-21 18:21:49
74,0,0,2020-10-21 18:12:28,2020-10-21 18:25:01
45,0,412,2020-10-21 18:12:28,2020-10-21 18:13:47
90,0,0,2020-10-21 18:12:31,2020-10-21 18:22:20
21,0,320,2020-10-21 18:12:32,2020-10-21 18:12:54
53,0,0,2020-10-21 18:12:32,2020-10-21 18:22:57
41,0,308,2020-10-21 18:12:33,2020-10-21 18:13:00
101,0,403,2020-10-21 18:12:33,2020-10-21 18:12:54
69,0,325,2020-10-21 18:12:36,2020-10-21 18:17:45
131,0,0,2020-10-21 18:12:41,2020-10-21 18:23:59
39,0,0,2020-10-21 18:12:45,2020-10-21 18:21:32
140,0,0,2020-10-21 18:12:47,2020-10-21 18:22:42
45,69,412,2020-10-21 18:12:49,2020-10-21 18:13:20
137,0,406,2020-10-21 18:12:54,2020-10-21 18:13:44
21,0,326,2020-10-21 18:12:54,2020-10-21 18:13:31
101,0,402,2020-10-21 18:12:54,2020-10-21 18:13:11
158,0,167,2020-10-21 18:12:55,2020-10-21 18:14:30
74,0,0,2020-10-21 18:12:57,2020-10-21 18:12:28
64,0,326,2020-10-21 18:12:58,2020-10-21 18:13:38
41,0,307,2020-10-21 18:13:00,2020-10-21 18:19:31
101,0,401,2020-10-21 18:13:11,2020-10-21 18:13:23
28,0,0,2020-10-21 18:13:12,2020-10-21 18:23:48
109,94,403,2020-10-21 18:13:12,2020-10-21 18:13:36
58,140,321,2020-10-21 18:13:12,2020-10-21 18:16:12
141,126,325,2020-10-21 18:13:18,2020-10-21 18:14:29
134,0,317,2020-10-21 18:13:18,2020-10-21 18:13:50
45,69,411,2020-10-21 18:13:20,2020-10-21 18:13:39
88,0,0,2020-10-21 18:13:21,2020-10-21 18:24:33
101,113,0,2020-10-21 18:13:22,2020-10-21 18:16:16
101,0,301,2020-10-21 18:13:23,2020-10-21 18:15:58
127,96,0,2020-10-21 18:13:27,2020-10-21 18:14:08
21,0,0,2020-10-21 18:13:31,2020-10-21 18:17:51
109,94,402,2020-10-21 18:13:36,2020-10-21 18:13:51
64,0,0,2020-10-21 18:13:38,2020-10-21 18:19:26
45,69,234,2020-10-21 18:13:39,2020-10-21 18:11:43
137,0,405,2020-10-21 18:13:44,2020-10-21 18:14:14
14,0,0,2020-10-21 18:13:45,2020-10-21 18:18:13
45,0,403,2020-10-21 18:13:47,2020-10-21 18:14:14
134,0,316,2020-10-21 18:13:50,2020-10-21 18:14:30
109,94,401,2020-10-21 18:13:51,2020-10-21 18:14:02
109,94,301,2020-10-21 18:14:02,2020-10-21 18:14:28
73,0,0,2020-10-21 18:14:07,2020-10-21 18:24:51
127,96,326,2020-10-21 18:14:08,2020-10-21 18:14:26
45,0,402,2020-10-21 18:14:14,2020-10-21 18:14:29
137,0,404,2020-10-21 18:14:14,2020-10-21 18:14:50
37,0,0,2020-10-21 18:14:18,2020-10-21 18:25:21
4,0,0,2020-10-21 18:14:23,2020-10-21 18:24:49
102,0,0,2020-10-21 18:14:24,2020-10-21 18:23:49
127,96,320,2020-10-21 18:14:26,2020-10-21 18:15:46
156,0,0,2020-10-21 18:14:27,2020-10-21 18:25:56
60,0,0,2020-10-21 18:14:28,2020-10-21 18:24:45
109,94,302,2020-10-21 18:14:28,2020-10-21 18:14:48
45,0,401,2020-10-21 18:14:29,2020-10-21 18:14:39
141,126,421,2020-10-21 18:14:29,2020-10-21 18:15:00
134,0,315,2020-10-21 18:14:30,2020-10-21 18:15:58
158,0,317,2020-10-21 18:14:30,2020-10-21 18:14:58
2,0,0,2020-10-21 18:14:36,2020-10-21 18:24:16
129,0,0,2020-10-21 18:14:39,2020-10-21 18:23:19
45,0,301,2020-10-21 18:14:39,2020-10-21 18:18:01
147,0,0,2020-10-21 18:14:40,2020-10-21 18:20:09
143,108,324,2020-10-21 18:14:43,2020-10-21 18:15:46
107,0,0,2020-10-21 18:14:47,2020-10-21 18:26:02
10,0,0,2020-10-21 18:14:48,2020-10-21 18:25:14
109,94,303,2020-10-21 18:14:48,2020-10-21 18:16:46
137,0,403,2020-10-21 18:14:50,2020-10-21 18:15:16
158,0,316,2020-10-21 18:14:58,2020-10-21 18:15:34
141,126,419,2020-10-21 18:15:00,2020-10-21 18:15:10
76,0,0,2020-10-21 18:15:09,2020-10-21 18:25:21
141,126,418,2020-10-21 18:15:10,2020-10-21 18:15:48
140,97,312,2020-10-21 18:15:11,2020-10-21 18:15:54
137,0,402,2020-10-21 18:15:16,2020-10-21 18:15:31
85,0,0,2020-10-21 18:15:30,2020-10-21 18:24:56
137,0,401,2020-10-21 18:15:31,2020-10-21 18:15:43
16,0,0,2020-10-21 18:15:32,2020-10-21 18:24:14
59,42,0,2020-10-21 18:15:32,2020-10-21 18:16:17
158,0,315,2020-10-21 18:15:34,2020-10-21 18:16:53
15,0,0,2020-10-21 18:15:39,2020-10-21 18:25:04
137,0,301,2020-10-21 18:15:43,2020-10-21 18:18:59
143,108,175,2020-10-21 18:15:46,2020-10-21 19:10:08
127,96,315,2020-10-21 18:15:46,2020-10-21 18:17:38
144,0,0,2020-10-21 18:15:48,2020-10-21 18:18:28
141,126,255,2020-10-21 18:15:48,2020-10-21 19:08:21
140,97,308,2020-10-21 18:15:54,2020-10-21 18:16:35
134,0,320,2020-10-21 18:15:58,2020-10-21 18:16:20
101,0,0,2020-10-21 18:15:58,2020-10-21 18:22:06
37,0,0,2020-10-21 18:15:58,2020-10-21 18:19:15
115,0,0,2020-10-21 18:16:00,2020-10-21 18:27:23
125,118,306,2020-10-21 18:16:00,2020-10-21 18:16:33
67,0,0,2020-10-21 18:16:05,2020-10-21 18:26:22
97,0,177,2020-10-21 18:16:10,2020-10-21 18:17:02
58,140,322,2020-10-21 18:16:12,2020-10-21 18:16:46
101,113,301,2020-10-21 18:16:16,2020-10-21 18:16:27
110,0,0,2020-10-21 18:16:16,2020-10-21 18:25:26
56,35,0,2020-10-21 18:16:17,2020-10-21 18:16:53
59,42,326,2020-10-21 18:16:17,2020-10-21 18:16:36
134,0,326,2020-10-21 18:16:20,2020-10-21 18:16:57
101,113,401,2020-10-21 18:16:27,2020-10-21 18:16:46
125,118,139,2020-10-21 18:16:33,2020-10-21 18:46:09
140,97,309,2020-10-21 18:16:35,2020-10-21 18:17:08
59,42,320,2020-10-21 18:16:36,2020-10-21 18:17:48
49,0,0,2020-10-21 18:16:36,2020-10-21 18:25:53
96,0,0,2020-10-21 18:16:39,2020-10-21 18:27:25
70,0,0,2020-10-21 18:16:42,2020-10-21 18:25:55
20,142,313,2020-10-21 18:16:43,2020-10-21 18:17:47
109,94,315,2020-10-21 18:16:46,2020-10-21 18:17:10
101,113,402,2020-10-21 18:16:46,2020-10-21 18:17:16
58,140,323,2020-10-21 18:16:46,2020-10-21 18:18:16
158,0,320,2020-10-21 18:16:53,2020-10-21 18:17:11
56,35,326,2020-10-21 18:16:53,2020-10-21 18:17:13
134,0,0,2020-10-21 18:16:57,2020-10-21 18:21:17
79,0,169,2020-10-21 18:16:58,2020-10-21 18:17:27
99,0,0,2020-10-21 18:16:59,2020-10-21 18:27:31
97,0,324,2020-10-21 18:17:02,2020-10-21 18:22:40
100,129,312,2020-10-21 18:17:03,2020-10-21 18:17:46
101,0,208,2020-10-21 18:17:07,2020-10-21 18:17:44
140,97,151,2020-10-21 18:17:08,2020-10-21 17:22:30
109,94,104,2020-10-21 18:17:10,2020-10-21 18:55:26
158,0,326,2020-10-21 18:17:11,2020-10-21 18:18:04
56,35,320,2020-10-21 18:17:13,2020-10-21 18:18:57
101,113,403,2020-10-21 18:17:16,2020-10-21 18:18:00
11,0,0,2020-10-21 18:17:17,2020-10-21 18:25:15
130,94,0,2020-10-21 18:17:18,2020-10-21 18:19:55
83,0,0,2020-10-21 18:17:23,2020-10-21 18:26:56
95,0,0,2020-10-21 18:17:25,2020-10-21 18:27:19
79,0,323,2020-10-21 18:17:27,2020-10-21 18:17:49
127,96,303,2020-10-21 18:17:38,2020-10-21 18:18:07
101,0,404,2020-10-21 18:17:44,2020-10-21 18:18:20
137,0,0,2020-10-21 18:17:44,2020-10-21 18:27:04
69,0,0,2020-10-21 18:17:45,2020-10-21 18:20:07
100,129,308,2020-10-21 18:17:46,2020-10-21 18:18:27
20,142,163,2020-10-21 18:17:47,2020-10-21 20:05:58
59,42,315,2020-10-21 18:17:48,2020-10-21 18:18:18
79,0,322,2020-10-21 18:17:49,2020-10-21 18:18:39
21,0,0,2020-10-21 18:17:51,2020-10-21 18:28:10
55,77,211,2020-10-21 18:17:59,2020-10-21 18:18:19
101,113,404,2020-10-21 18:18:00,2020-10-21 18:18:31
5,0,0,2020-10-21 18:18:01,2020-10-21 18:28:28
45,0,0,2020-10-21 18:18:01,2020-10-21 18:20:59
78,0,103,2020-10-21 18:18:03,2020-10-21 18:18:13
158,0,0,2020-10-21 18:18:04,2020-10-21 18:24:41
127,96,304,2020-10-21 18:18:07,2020-10-21 18:18:25
32,0,0,2020-10-21 18:18:09,2020-10-21 18:27:24
78,0,314,2020-10-21 18:18:13,2020-10-21 18:18:38
14,0,0,2020-10-21 18:18:13,2020-10-21 18:28:34
58,140,324,2020-10-21 18:18:16,2020-10-21 18:19:25
59,42,316,2020-10-21 18:18:18,2020-10-21 18:18:49
55,77,406,2020-10-21 18:18:19,2020-10-21 18:18:47
101,0,403,2020-10-21 18:18:20,2020-10-21 18:18:41
17,140,324,2020-10-21 18:18:23,2020-10-21 18:19:19
127,96,136,2020-10-21 18:18:25,2020-10-21 18:56:09
100,129,309,2020-10-21 18:18:27,2020-10-21 18:19:00
144,0,0,2020-10-21 18:18:28,2020-10-21 18:28:19
139,122,0,2020-10-21 18:18:29,2020-10-21 18:19:05
101,113,208,2020-10-21 18:18:31,2020-10-21 18:17:07
78,0,315,2020-10-21 18:18:38,2020-10-21 18:19:48
79,0,325,2020-10-21 18:18:39,2020-10-21 18:22:49
101,0,402,2020-10-21 18:18:41,2020-10-21 18:18:58
55,77,407,2020-10-21 18:18:47,2020-10-21 18:19:07
59,42,317,2020-10-21 18:18:49,2020-10-21 18:20:53
56,35,145,2020-10-21 18:18:57,2020-10-21 18:52:57
101,0,401,2020-10-21 18:18:58,2020-10-21 18:19:10
137,0,0,2020-10-21 18:18:59,2020-10-21 18:21:39
100,129,151,2020-10-21 18:19:00,2020-10-21 18:48:26
46,0,0,2020-10-21 18:19:01,2020-10-21 18:30:25
121,0,119,2020-10-21 18:19:02,2020-10-21 18:19:17
19,0,221,2020-10-21 18:19:03,2020-10-21 18:19:23
139,122,326,2020-10-21 18:19:05,2020-10-21 18:19:25
55,77,409,2020-10-21 18:19:07,2020-10-21 18:19:18
101,0,301,2020-10-21 18:19:10,2020-10-21 18:21:45
136,0,0,2020-10-21 18:19:12,2020-10-21 18:29:39
37,0,0,2020-10-21 18:19:15,2020-10-21 18:29:05
121,0,317,2020-10-21 18:19:17,2020-10-21 18:20:07
55,77,312,2020-10-21 18:19:18,2020-10-21 18:19:52
17,140,177,2020-10-21 18:19:19,2020-10-21 18:41:27
19,0,403,2020-10-21 18:19:23,2020-10-21 18:19:48
58,140,176,2020-10-21 18:19:25,2020-10-21 21:07:05
139,122,320,2020-10-21 18:19:25,2020-10-21 18:21:09
64,0,0,2020-10-21 18:19:26,2020-10-21 18:29:17
18,0,216,2020-10-21 18:19:29,2020-10-21 18:20:11
41,0,0,2020-10-21 18:19:31,2020-10-21 18:22:46
78,0,320,2020-10-21 18:19:48,2020-10-21 18:20:09
19,0,402,2020-10-21 18:19:48,2020-10-21 18:20:11
55,77,308,2020-10-21 18:19:52,2020-10-21 18:20:11
130,94,301,2020-10-21 18:19:55,2020-10-21 18:20:06
130,94,401,2020-10-21 18:20:06,2020-10-21 18:20:20
121,0,316,2020-10-21 18:20:07,2020-10-21 18:20:52
69,0,0,2020-10-21 18:20:07,2020-10-21 18:29:49
147,130,0,2020-10-21 18:20:09,2020-10-21 18:25:58
78,0,326,2020-10-21 18:20:09,2020-10-21 18:20:54
18,0,407,2020-10-21 18:20:11,2020-10-21 18:20:42
55,77,309,2020-10-21 18:20:11,2020-10-21 18:20:29
19,0,401,2020-10-21 18:20:11,2020-10-21 18:20:20
66,0,0,2020-10-21 18:20:18,2020-10-21 18:29:30
130,94,402,2020-10-21 18:20:20,2020-10-21 18:20:41
19,0,301,2020-10-21 18:20:20,2020-10-21 18:24:38
55,77,158,2020-10-21 18:20:29,2020-10-21 19:05:55
65,0,0,2020-10-21 18:20:30,2020-10-21 18:31:21
151,130,112,2020-10-21 18:20:31,2020-10-21 18:21:01
4,0,0,2020-10-21 18:20:39,2020-10-21 18:31:14
130,94,403,2020-10-21 18:20:41,2020-10-21 18:21:00
18,0,406,2020-10-21 18:20:42,2020-10-21 18:21:23
121,0,315,2020-10-21 18:20:52,2020-10-21 18:21:54
59,42,319,2020-10-21 18:20:53,2020-10-21 18:22:01
78,0,0,2020-10-21 18:20:54,2020-10-21 18:28:30
45,0,0,2020-10-21 18:20:59,2020-10-21 18:32:26
130,94,220,2020-10-21 18:21:00,2020-10-21 19:21:30
151,130,315,2020-10-21 18:21:01,2020-10-21 18:22:12
124,0,238,2020-10-21 18:21:04,2020-10-21 18:21:21
139,122,145,2020-10-21 18:21:09,2020-10-21 19:10:13
134,0,0,2020-10-21 18:21:17,2020-10-21 18:30:09
154,0,0,2020-10-21 18:21:17,2020-10-21 18:30:48
11,0,236,2020-10-21 18:21:18,2020-10-21 18:21:35
124,0,414,2020-10-21 18:21:21,2020-10-21 18:21:47
18,0,405,2020-10-21 18:21:23,2020-10-21 18:21:53
86,0,0,2020-10-21 18:21:24,2020-10-21 18:29:51
117,94,0,2020-10-21 18:21:25,2020-10-21 18:26:07
44,0,0,2020-10-21 18:21:26,2020-10-21 18:31:18
39,0,0,2020-10-21 18:21:32,2020-10-21 18:31:00
11,0,412,2020-10-21 18:21:35,2020-10-21 18:22:49
137,0,0,2020-10-21 18:21:39,2020-10-21 18:31:39
101,0,0,2020-10-21 18:21:45,2020-10-21 18:27:03
124,0,415,2020-10-21 18:21:47,2020-10-21 18:22:45
135,0,0,2020-10-21 18:21:49,2020-10-21 18:32:10
113,142,162,2020-10-21 18:21:52,2020-10-21 18:21:52
113,142,313,2020-10-21 18:21:52,2020-10-21 18:22:02
18,0,404,2020-10-21 18:21:53,2020-10-21 18:22:25
121,0,320,2020-10-21 18:21:54,2020-10-21 18:22:15
59,42,318,2020-10-21 18:22:01,2020-10-21 18:22:18
24,0,240,2020-10-21 18:22:02,2020-10-21 18:22:31
113,142,410,2020-10-21 18:22:02,2020-10-21 18:22:49
40,0,127,2020-10-21 18:22:03,2020-10-21 18:22:33
101,0,0,2020-10-21 18:22:06,2020-10-21 18:31:09
151,130,303,2020-10-21 18:22:12,2020-10-21 18:22:30
121,0,326,2020-10-21 18:22:15,2020-10-21 18:22:55
128,0,0,2020-10-21 18:22:17,2020-10-21 18:32:30
59,42,155,2020-10-21 18:22:18,2020-10-21 18:46:09
90,0,0,2020-10-21 18:22:20,2020-10-21 18:32:47
18,0,403,2020-10-21 18:22:25,2020-10-21 18:22:47
151,130,302,2020-10-21 18:22:30,2020-10-21 18:22:53
24,0,415,2020-10-21 18:22:31,2020-10-21 18:23:26
40,0,305,2020-10-21 18:22:33,2020-10-21 18:23:00
97,0,0,2020-10-21 18:22:40,2020-10-21 18:25:51
140,0,0,2020-10-21 18:22:42,2020-10-21 18:33:47
75,0,0,2020-10-21 18:22:43,2020-10-21 18:31:00
124,0,412,2020-10-21 18:22:45,2020-10-21 18:24:03
41,85,0,2020-10-21 18:22:46,2020-10-21 18:23:24
18,0,402,2020-10-21 18:22:47,2020-10-21 18:22:58
113,142,408,2020-10-21 18:22:49,2020-10-21 18:23:39
79,0,0,2020-10-21 18:22:49,2020-10-21 18:25:59
11,0,403,2020-10-21 18:22:49,2020-10-21 18:23:17
151,130,301,2020-10-21 18:22:53,2020-10-21 18:23:04
121,0,0,2020-10-21 18:22:55,2020-10-21 18:29:18
53,36,0,2020-10-21 18:22:57,2020-10-21 18:25:55
18,0,401,2020-10-21 18:22:58,2020-10-21 18:23:05
40,0,304,2020-10-21 18:23:00,2020-10-21 18:23:34
151,130,401,2020-10-21 18:23:04,2020-10-21 18:23:19
18,0,301,2020-10-21 18:23:05,2020-10-21 18:26:01
116,0,110,2020-10-21 18:23:05,2020-10-21 18:23:27
11,0,402,2020-10-21 18:23:17,2020-10-21 18:23:32
129,0,0,2020-10-21 18:23:19,2020-10-21 18:33:05
151,130,402,2020-10-21 18:23:19,2020-10-21 18:23:46
41,85,326,2020-10-21 18:23:24,2020-10-21 18:23:46
24,0,412,2020-10-21 18:23:26,2020-10-21 18:24:32
116,0,317,2020-10-21 18:23:27,2020-10-21 18:24:00
11,0,401,2020-10-21 18:23:32,2020-10-21 18:23:40
40,0,303,2020-10-21 18:23:34,2020-10-21 18:23:50
153,0,124,2020-10-21 18:23:36,2020-10-21 18:23:56
113,142,214,2020-10-21 18:23:39,2020-10-21 20:32:53
11,0,301,2020-10-21 18:23:40,2020-10-21 18:26:21
41,85,320,2020-10-21 18:23:46,2020-10-21 18:24:11
151,130,403,2020-10-21 18:23:46,2020-10-21 18:24:52
28,0,0,2020-10-21 18:23:48,2020-10-21 18:32:36
102,0,0,2020-10-21 18:23:49,2020-10-21 18:31:50
40,0,302,2020-10-21 18:23:50,2020-10-21 18:24:18
153,0,304,2020-10-21 18:23:56,2020-10-21 18:24:26
131,0,0,2020-10-21 18:23:59,2020-10-21 18:34:50
117,0,222,2020-10-21 18:23:59,2020-10-21 18:24:29
116,0,316,2020-10-21 18:24:00,2020-10-21 18:24:42
124,0,403,2020-10-21 18:24:03,2020-10-21 18:24:37
41,85,142,2020-10-21 18:24:11,2020-10-21 19:57:55
16,0,0,2020-10-21 18:24:14,2020-10-21 18:35:25
2,0,0,2020-10-21 18:24:16,2020-10-21 18:34:09
40,0,301,2020-10-21 18:24:18,2020-10-21 18:27:03
6,0,210,2020-10-21 18:24:23,2020-10-21 18:24:48
153,0,303,2020-10-21 18:24:26,2020-10-21 18:24:49
117,0,404,2020-10-21 18:24:29,2020-10-21 18:24:56
24,0,403,2020-10-21 18:24:32,2020-10-21 18:24:57
88,81,0,2020-10-21 18:24:33,2020-10-21 18:25:20
124,0,402,2020-10-21 18:24:37,2020-10-21 18:24:49
19,0,0,2020-10-21 18:24:38,2020-10-21 18:29:24
158,0,0,2020-10-21 18:24:41,2020-10-21 18:34:26
116,0,315,2020-10-21 18:24:42,2020-10-21 18:25:22
60,0,0,2020-10-21 18:24:45,2020-10-21 18:33:37
6,0,405,2020-10-21 18:24:48,2020-10-21 18:25:20
153,0,302,2020-10-21 18:24:49,2020-10-21 18:25:16
124,0,401,2020-10-21 18:24:49,2020-10-21 18:24:59
4,0,0,2020-10-21 18:24:49,2020-10-21 18:34:23
73,0,0,2020-10-21 18:24:51,2020-10-21 18:34:35
151,130,412,2020-10-21 18:24:52,2020-10-21 18:26:14
85,71,0,2020-10-21 18:24:56,2020-10-21 18:28:41
117,0,403,2020-10-21 18:24:56,2020-10-21 18:25:16
24,0,402,2020-10-21 18:24:57,2020-10-21 18:25:13
124,0,301,2020-10-21 18:24:59,2020-10-21 18:29:02
74,28,0,2020-10-21 18:25:01,2020-10-21 18:27:30
15,0,0,2020-10-21 18:25:04,2020-10-21 18:34:00
24,0,401,2020-10-21 18:25:13,2020-10-21 18:25:25
10,0,0,2020-10-21 18:25:14,2020-10-21 18:35:22
11,0,0,2020-10-21 18:25:15,2020-10-21 18:36:33
117,0,402,2020-10-21 18:25:16,2020-10-21 18:25:33
153,0,301,2020-10-21 18:25:16,2020-10-21 18:27:43
88,81,326,2020-10-21 18:25:20,2020-10-21 18:25:42
6,0,404,2020-10-21 18:25:20,2020-10-21 18:26:09
76,0,0,2020-10-21 18:25:21,2020-10-21 18:34:32
37,0,0,2020-10-21 18:25:21,2020-10-21 18:33:57
116,0,320,2020-10-21 18:25:22,2020-10-21 18:25:37
24,0,301,2020-10-21 18:25:25,2020-10-21 18:28:34
110,0,0,2020-10-21 18:25:26,2020-10-21 18:35:49
117,0,401,2020-10-21 18:25:33,2020-10-21 18:25:46
121,123,230,2020-10-21 18:25:36,2020-10-21 18:25:53
116,0,326,2020-10-21 18:25:37,2020-10-21 18:26:18
88,81,320,2020-10-21 18:25:42,2020-10-21 18:26:57
117,0,301,2020-10-21 18:25:46,2020-10-21 18:28:01
97,0,0,2020-10-21 18:25:51,2020-10-21 18:34:30
49,0,0,2020-10-21 18:25:53,2020-10-21 18:35:23
121,123,411,2020-10-21 18:25:53,2020-10-21 18:26:16
53,36,301,2020-10-21 18:25:55,2020-10-21 18:26:04
70,0,0,2020-10-21 18:25:55,2020-10-21 18:36:56
156,0,0,2020-10-21 18:25:56,2020-10-21 18:37:30
147,130,325,2020-10-21 18:25:58,2020-10-21 18:27:40
79,0,0,2020-10-21 18:25:59,2020-10-21 18:36:27
18,0,0,2020-10-21 18:26:01,2020-10-21 18:29:18
107,0,0,2020-10-21 18:26:02,2020-10-21 18:36:40
53,36,401,2020-10-21 18:26:04,2020-10-21 18:26:19
117,94,301,2020-10-21 18:26:07,2020-10-21 18:26:17
6,0,403,2020-10-21 18:26:09,2020-10-21 18:26:30
151,130,415,2020-10-21 18:26:14,2020-10-21 18:26:38
121,123,412,2020-10-21 18:26:16,2020-10-21 18:27:19
117,94,401,2020-10-21 18:26:17,2020-10-21 18:26:27
116,0,0,2020-10-21 18:26:18,2020-10-21 18:34:22
53,36,402,2020-10-21 18:26:19,2020-10-21 18:26:43
11,0,0,2020-10-21 18:26:21,2020-10-21 18:32:12
67,0,0,2020-10-21 18:26:22,2020-10-21 18:37:19
117,94,402,2020-10-21 18:26:27,2020-10-21 18:26:48
6,0,402,2020-10-21 18:26:30,2020-10-21 18:26:45
151,130,240,2020-10-21 18:26:38,2020-10-21 19:45:46
53,36,403,2020-10-21 18:26:43,2020-10-21 18:27:25
6,0,401,2020-10-21 18:26:45,2020-10-21 18:26:54
117,94,403,2020-10-21 18:26:48,2020-10-21 18:27:27
6,0,301,2020-10-21 18:26:54,2020-10-21 18:30:44
83,68,0,2020-10-21 18:26:56,2020-10-21 18:32:55
88,81,315,2020-10-21 18:26:57,2020-10-21 18:27:13
46,0,121,2020-10-21 18:26:58,2020-10-21 18:27:16
101,0,0,2020-10-21 18:27:03,2020-10-21 18:37:30
40,0,0,2020-10-21 18:27:03,2020-10-21 18:31:04
137,0,0,2020-10-21 18:27:04,2020-10-21 18:37:12
88,81,314,2020-10-21 18:27:13,2020-10-21 18:27:28
46,0,302,2020-10-21 18:27:16,2020-10-21 18:27:41
95,0,0,2020-10-21 18:27:19,2020-10-21 18:37:42
121,123,415,2020-10-21 18:27:19,2020-10-21 18:28:10
115,0,0,2020-10-21 18:27:23,2020-10-21 18:39:44
32,0,0,2020-10-21 18:27:24,2020-10-21 18:36:38
96,0,0,2020-10-21 18:27:25,2020-10-21 18:38:18
53,36,404,2020-10-21 18:27:25,2020-10-21 18:27:49
117,94,404,2020-10-21 18:27:27,2020-10-21 18:27:54
88,81,103,2020-10-21 18:27:28,2020-10-21 18:50:22
74,28,301,2020-10-21 18:27:30,2020-10-21 18:27:43
99,0,0,2020-10-21 18:27:31,2020-10-21 18:36:02
147,130,421,2020-10-21 18:27:40,2020-10-21 18:28:34
46,0,301,2020-10-21 18:27:41,2020-10-21 18:30:48
153,0,0,2020-10-21 18:27:43,2020-10-21 18:31:28
74,28,401,2020-10-21 18:27:43,2020-10-21 18:27:57
53,36,405,2020-10-21 18:27:49,2020-10-21 18:28:06
122,0,152,2020-10-21 18:27:53,2020-10-21 18:28:55
117,94,222,2020-10-21 18:27:54,2020-10-21 18:23:59
74,28,402,2020-10-21 18:27:57,2020-10-21 18:28:25
117,0,0,2020-10-21 18:28:01,2020-10-21 18:33:11
53,36,225,2020-10-21 18:28:06,2020-10-21 18:45:02
21,27,0,2020-10-21 18:28:10,2020-10-21 18:33:22
121,123,416,2020-10-21 18:28:10,2020-10-21 18:28:37
144,124,0,2020-10-21 18:28:19,2020-10-21 18:29:15
74,28,403,2020-10-21 18:28:25,2020-10-21 18:29:00
5,0,0,2020-10-21 18:28:28,2020-10-21 18:37:03
78,0,0,2020-10-21 18:28:30,2020-10-21 18:40:13
92,0,122,2020-10-21 18:28:31,2020-10-21 18:28:58
14,0,0,2020-10-21 18:28:34,2020-10-21 18:38:49
147,130,252,2020-10-21 18:28:34,2020-10-21 18:53:33
24,0,0,2020-10-21 18:28:34,2020-10-21 18:29:21
121,123,417,2020-10-21 18:28:37,2020-10-21 18:29:40
85,71,301,2020-10-21 18:28:41,2020-10-21 18:28:53
68,0,232,2020-10-21 18:28:52,2020-10-21 18:29:27
85,71,401,2020-10-21 18:28:53,2020-10-21 18:29:11
122,0,310,2020-10-21 18:28:55,2020-10-21 18:29:05
92,0,302,2020-10-21 18:28:58,2020-10-21 18:29:32
74,28,404,2020-10-21 18:29:00,2020-10-21 18:29:30
124,0,0,2020-10-21 18:29:02,2020-10-21 18:29:43
37,0,0,2020-10-21 18:29:05,2020-10-21 18:38:48
122,0,309,2020-10-21 18:29:05,2020-10-21 18:29:22
85,71,402,2020-10-21 18:29:11,2020-10-21 18:29:32
144,124,326,2020-10-21 18:29:15,2020-10-21 18:29:29
64,0,0,2020-10-21 18:29:17,2020-10-21 18:38:29
18,0,0,2020-10-21 18:29:18,2020-10-21 18:38:10
121,113,0,2020-10-21 18:29:18,2020-10-21 18:32:28
24,142,0,2020-10-21 18:29:21,2020-10-21 18:36:21
122,0,308,2020-10-21 18:29:22,2020-10-21 18:30:19
19,24,0,2020-10-21 18:29:24,2020-10-21 18:32:56
68,0,412,2020-10-21 18:29:27,2020-10-21 18:30:15
144,124,320,2020-10-21 18:29:29,2020-10-21 18:30:39
74,28,405,2020-10-21 18:29:30,2020-10-21 18:30:03
66,0,0,2020-10-21 18:29:30,2020-10-21 18:39:23
92,0,301,2020-10-21 18:29:32,2020-10-21 18:32:07
85,71,403,2020-10-21 18:29:32,2020-10-21 18:30:09
80,79,230,2020-10-21 18:29:38,2020-10-21 18:29:50
136,0,0,2020-10-21 18:29:39,2020-10-21 18:40:34
121,123,421,2020-10-21 18:29:40,2020-10-21 18:30:50
124,140,0,2020-10-21 18:29:43,2020-10-21 18:37:12
69,0,0,2020-10-21 18:29:49,2020-10-21 18:38:26
80,79,411,2020-10-21 18:29:50,2020-10-21 18:30:12
86,0,0,2020-10-21 18:29:51,2020-10-21 18:40:20
74,28,211,2020-10-21 18:30:03,2020-10-21 18:30:31
85,71,404,2020-10-21 18:30:09,2020-10-21 18:30:33
134,0,0,2020-10-21 18:30:09,2020-10-21 18:39:23
80,79,412,2020-10-21 18:30:12,2020-10-21 18:31:42
68,0,403,2020-10-21 18:30:15,2020-10-21 18:30:38
122,0,307,2020-10-21 18:30:19,2020-10-21 18:35:20
46,0,0,2020-10-21 18:30:25,2020-10-21 18:41:58
74,0,211,2020-10-21 18:30:31,2020-10-21 18:31:02
85,71,405,2020-10-21 18:30:33,2020-10-21 18:30:58
68,0,402,2020-10-21 18:30:38,2020-10-21 18:30:55
144,124,144,2020-10-21 18:30:39,2020-10-21 19:43:55
6,0,0,2020-10-21 18:30:44,2020-10-21 18:33:40
154,0,0,2020-10-21 18:30:48,2020-10-21 18:39:23
46,0,0,2020-10-21 18:30:48,2020-10-21 18:36:42
121,123,325,2020-10-21 18:30:50,2020-10-21 18:31:35
68,0,401,2020-10-21 18:30:55,2020-10-21 18:31:03
85,71,210,2020-10-21 18:30:58,2020-10-21 19:20:03
75,0,0,2020-10-21 18:31:00,2020-10-21 18:40:01
39,0,0,2020-10-21 18:31:00,2020-10-21 18:37:55
74,0,405,2020-10-21 18:31:02,2020-10-21 18:31:37
68,0,301,2020-10-21 18:31:03,2020-10-21 18:33:05
40,0,0,2020-10-21 18:31:04,2020-10-21 18:40:04
101,0,0,2020-10-21 18:31:09,2020-10-21 18:40:13
4,79,0,2020-10-21 18:31:14,2020-10-21 18:31:59
44,0,0,2020-10-21 18:31:18,2020-10-21 18:39:58
65,0,0,2020-10-21 18:31:21,2020-10-21 18:42:30
153,0,0,2020-10-21 18:31:28,2020-10-21 18:39:41
121,123,322,2020-10-21 18:31:35,2020-10-21 18:31:57
74,0,404,2020-10-21 18:31:37,2020-10-21 18:32:10
137,92,0,2020-10-21 18:31:39,2020-10-21 18:35:29
80,79,403,2020-10-21 18:31:42,2020-10-21 18:31:57
102,0,0,2020-10-21 18:31:50,2020-10-21 18:42:24
80,79,402,2020-10-21 18:31:57,2020-10-21 18:32:11
121,123,323,2020-10-21 18:31:57,2020-10-21 18:33:28
4,79,326,2020-10-21 18:31:59,2020-10-21 18:32:19
92,0,0,2020-10-21 18:32:07,2020-10-21 18:37:49
135,0,0,2020-10-21 18:32:10,2020-10-21 18:42:03
74,0,403,2020-10-21 18:32:10,2020-10-21 18:32:31
80,79,401,2020-10-21 18:32:11,2020-10-21 18:32:21
11,46,0,2020-10-21 18:32:12,2020-10-21 18:37:38
4,79,320,2020-10-21 18:32:19,2020-10-21 18:33:31
80,79,301,2020-10-21 18:32:21,2020-10-21 18:32:41
45,0,0,2020-10-21 18:32:26,2020-10-21 18:42:19
121,115,244,2020-10-21 18:32:27,2020-10-21 18:32:43
121,113,325,2020-10-21 18:32:28,2020-10-21 18:33:58
137,0,213,2020-10-21 18:32:29,2020-10-21 18:33:11
128,0,0,2020-10-21 18:32:30,2020-10-21 18:44:04
74,0,402,2020-10-21 18:32:31,2020-10-21 18:32:49
28,0,0,2020-10-21 18:32:36,2020-10-21 18:42:04
80,79,302,2020-10-21 18:32:41,2020-10-21 18:32:55
121,115,417,2020-10-21 18:32:43,2020-10-21 18:33:15
90,0,0,2020-10-21 18:32:47,2020-10-21 18:42:17
74,0,401,2020-10-21 18:32:49,2020-10-21 18:32:59
80,79,303,2020-10-21 18:32:55,2020-10-21 18:33:10
83,68,312,2020-10-21 18:32:55,2020-10-21 18:33:45
19,24,306,2020-10-21 18:32:56,2020-10-21 18:33:29
100,0,237,2020-10-21 18:32:57,2020-10-21 18:33:20
74,0,301,2020-10-21 18:32:59,2020-10-21 18:36:33
68,0,0,2020-10-21 18:33:05,2020-10-21 18:38:33
129,0,0,2020-10-21 18:33:05,2020-10-21 18:44:20
80,79,304,2020-10-21 18:33:10,2020-10-21 18:33:34
137,0,406,2020-10-21 18:33:11,2020-10-21 18:34:01
117,0,0,2020-10-21 18:33:11,2020-10-21 18:43:47
121,115,416,2020-10-21 18:33:15,2020-10-21 18:33:56
100,0,414,2020-10-21 18:33:20,2020-10-21 18:33:43
21,27,306,2020-10-21 18:33:22,2020-10-21 18:33:44
121,123,324,2020-10-21 18:33:28,2020-10-21 18:34:31
19,24,128,2020-10-21 18:33:29,2020-10-21 18:43:20
4,79,315,2020-10-21 18:33:31,2020-10-21 18:34:07
80,79,305,2020-10-21 18:33:34,2020-10-21 18:34:09
60,0,0,2020-10-21 18:33:37,2020-10-21 18:43:02
6,0,0,2020-10-21 18:33:40,2020-10-21 18:43:42
100,0,415,2020-10-21 18:33:43,2020-10-21 18:34:45
21,27,141,2020-10-21 18:33:44,2020-10-21 19:03:03
83,68,308,2020-10-21 18:33:45,2020-10-21 18:34:14
140,0,0,2020-10-21 18:33:47,2020-10-21 18:45:08
121,115,415,2020-10-21 18:33:56,2020-10-21 18:35:29
37,54,0,2020-10-21 18:33:57,2020-10-21 18:35:43
121,113,421,2020-10-21 18:33:58,2020-10-21 18:35:08
15,43,0,2020-10-21 18:34:00,2020-10-21 18:34:47
137,0,405,2020-10-21 18:34:01,2020-10-21 18:34:31
4,79,316,2020-10-21 18:34:07,2020-10-21 18:34:37
80,79,306,2020-10-21 18:34:09,2020-10-21 18:34:19
2,0,0,2020-10-21 18:34:09,2020-10-21 18:43:34
83,68,309,2020-10-21 18:34:14,2020-10-21 18:34:27
80,79,140,2020-10-21 18:34:19,2020-10-21 19:38:26
116,0,0,2020-10-21 18:34:22,2020-10-21 18:43:24
4,0,0,2020-10-21 18:34:23,2020-10-21 18:45:35
158,0,0,2020-10-21 18:34:26,2020-10-21 18:45:19
83,68,150,2020-10-21 18:34:27,2020-10-21 18:42:51
97,0,0,2020-10-21 18:34:30,2020-10-21 18:44:39
121,123,175,2020-10-21 18:34:31,2020-10-21 18:41:38
137,0,404,2020-10-21 18:34:31,2020-10-21 18:35:07
76,0,0,2020-10-21 18:34:32,2020-10-21 18:44:25
73,41,0,2020-10-21 18:34:35,2020-10-21 18:37:26
4,79,317,2020-10-21 18:34:37,2020-10-21 18:34:55
138,0,143,2020-10-21 18:34:41,2020-10-21 18:35:25
100,0,412,2020-10-21 18:34:45,2020-10-21 18:36:17
15,43,326,2020-10-21 18:34:47,2020-10-21 18:35:09
131,125,0,2020-10-21 18:34:50,2020-10-21 18:35:47
4,79,119,2020-10-21 18:34:55,2020-10-21 18:04:25
137,0,403,2020-10-21 18:35:07,2020-10-21 18:35:33
121,113,417,2020-10-21 18:35:08,2020-10-21 18:35:21
15,43,320,2020-10-21 18:35:09,2020-10-21 18:36:24
122,0,0,2020-10-21 18:35:20,2020-10-21 18:37:39
121,113,244,2020-10-21 18:35:21,2020-10-21 18:32:27
10,0,0,2020-10-21 18:35:22,2020-10-21 18:44:49
49,0,0,2020-10-21 18:35:23,2020-10-21 18:45:56
16,0,0,2020-10-21 18:35:25,2020-10-21 18:43:41
138,0,320,2020-10-21 18:35:25,2020-10-21 18:35:47
137,92,301,2020-10-21 18:35:29,2020-10-21 18:35:40
121,115,412,2020-10-21 18:35:29,2020-10-21 18:35:56
137,0,402,2020-10-21 18:35:33,2020-10-21 18:35:48
137,92,401,2020-10-21 18:35:40,2020-10-21 18:35:58
37,54,301,2020-10-21 18:35:43,2020-10-21 18:35:52
138,0,326,2020-10-21 18:35:47,2020-10-21 18:36:24
131,125,326,2020-10-21 18:35:47,2020-10-21 18:36:07
137,0,401,2020-10-21 18:35:48,2020-10-21 18:36:00
110,0,0,2020-10-21 18:35:49,2020-10-21 18:46:45
37,54,401,2020-10-21 18:35:52,2020-10-21 18:36:09
114,0,204,2020-10-21 18:35:54,2020-10-21 18:36:09
121,115,411,2020-10-21 18:35:56,2020-10-21 18:36:13
137,92,402,2020-10-21 18:35:58,2020-10-21 18:36:20
137,0,301,2020-10-21 18:36:00,2020-10-21 18:39:16
99,0,0,2020-10-21 18:36:02,2020-10-21 18:44:47
131,125,320,2020-10-21 18:36:07,2020-10-21 18:37:35
37,54,402,2020-10-21 18:36:09,2020-10-21 18:36:36
114,0,403,2020-10-21 18:36:09,2020-10-21 18:36:45
121,115,230,2020-10-21 18:36:13,2020-10-21 18:25:36
128,0,201,2020-10-21 18:36:16,2020-10-21 18:36:35
100,0,403,2020-10-21 18:36:17,2020-10-21 18:36:44
137,92,403,2020-10-21 18:36:20,2020-10-21 18:37:00
24,142,313,2020-10-21 18:36:21,2020-10-21 18:36:31
15,43,315,2020-10-21 18:36:24,2020-10-21 18:36:40
138,0,0,2020-10-21 18:36:24,2020-10-21 18:45:30
79,0,0,2020-10-21 18:36:27,2020-10-21 18:46:33
24,142,410,2020-10-21 18:36:31,2020-10-21 18:37:58
74,0,0,2020-10-21 18:36:33,2020-10-21 18:40:17
11,0,0,2020-10-21 18:36:33,2020-10-21 18:46:54
128,0,401,2020-10-21 18:36:35,2020-10-21 18:36:45
37,54,403,2020-10-21 18:36:36,2020-10-21 18:37:40
32,0,0,2020-10-21 18:36:38,2020-10-21 18:44:14
15,43,314,2020-10-21 18:36:40,2020-10-21 18:36:55
107,0,0,2020-10-21 18:36:40,2020-10-21 18:46:33
46,0,0,2020-10-21 18:36:42,2020-10-21 18:47:54
100,0,402,2020-10-21 18:36:44,2020-10-21 18:37:00
114,0,402,2020-10-21 18:36:45,2020-10-21 18:36:59
128,0,301,2020-10-21 18:36:45,2020-10-21 18:39:24
15,43,103,2020-10-21 18:36:55,2020-10-21 19:27:31
70,142,0,2020-10-21 18:36:56,2020-10-21 18:44:25
114,0,401,2020-10-21 18:36:59,2020-10-21 18:37:09
100,0,401,2020-10-21 18:37:00,2020-10-21 18:37:07
137,92,404,2020-10-21 18:37:00,2020-10-21 18:37:33
5,0,0,2020-10-21 18:37:03,2020-10-21 18:47:23
100,0,301,2020-10-21 18:37:07,2020-10-21 18:40:24
114,0,301,2020-10-21 18:37:09,2020-10-21 18:39:16
124,140,324,2020-10-21 18:37:12,2020-10-21 18:38:18
137,0,0,2020-10-21 18:37:12,2020-10-21 18:47:27
67,0,0,2020-10-21 18:37:19,2020-10-21 18:50:10
73,41,301,2020-10-21 18:37:26,2020-10-21 18:37:36
156,0,0,2020-10-21 18:37:30,2020-10-21 18:47:35
101,0,0,2020-10-21 18:37:30,2020-10-21 18:47:24
137,92,405,2020-10-21 18:37:33,2020-10-21 18:38:12
131,125,315,2020-10-21 18:37:35,2020-10-21 18:38:51
73,41,401,2020-10-21 18:37:36,2020-10-21 18:37:55
11,46,312,2020-10-21 18:37:38,2020-10-21 18:38:23
122,91,0,2020-10-21 18:37:39,2020-10-21 18:38:41
37,54,412,2020-10-21 18:37:40,2020-10-21 18:38:56
95,52,0,2020-10-21 18:37:42,2020-10-21 18:38:28
92,0,0,2020-10-21 18:37:49,2020-10-21 18:47:32
81,0,238,2020-10-21 18:37:50,2020-10-21 18:38:07
73,41,402,2020-10-21 18:37:55,2020-10-21 18:38:24
39,0,0,2020-10-21 18:37:55,2020-10-21 18:47:17
24,142,217,2020-10-21 18:37:58,2020-10-21 20:00:13
122,107,178,2020-10-21 18:38:05,2020-10-21 18:39:06
81,0,414,2020-10-21 18:38:07,2020-10-21 18:38:33
18,0,0,2020-10-21 18:38:10,2020-10-21 18:49:06
137,92,406,2020-10-21 18:38:12,2020-10-21 18:38:37
126,0,247,2020-10-21 18:38:17,2020-10-21 18:38:45
124,140,176,2020-10-21 18:38:18,2020-10-21 20:01:42
96,0,0,2020-10-21 18:38:18,2020-10-21 18:48:58
11,46,308,2020-10-21 18:38:23,2020-10-21 18:38:43
73,41,403,2020-10-21 18:38:24,2020-10-21 18:38:34
69,0,0,2020-10-21 18:38:26,2020-10-21 18:47:28
95,52,326,2020-10-21 18:38:28,2020-10-21 18:38:40
64,0,0,2020-10-21 18:38:29,2020-10-21 18:48:45
68,0,0,2020-10-21 18:38:33,2020-10-21 18:47:50
81,0,415,2020-10-21 18:38:33,2020-10-21 18:39:31
73,41,204,2020-10-21 18:38:34,2020-10-21 19:40:55
137,92,213,2020-10-21 18:38:37,2020-10-21 18:32:29
95,52,320,2020-10-21 18:38:40,2020-10-21 18:40:14
122,91,326,2020-10-21 18:38:41,2020-10-21 18:39:23
11,46,148,2020-10-21 18:38:43,2020-10-21 19:29:41
126,0,414,2020-10-21 18:38:45,2020-10-21 18:39:14
37,0,0,2020-10-21 18:38:48,2020-10-21 18:49:08
14,0,0,2020-10-21 18:38:49,2020-10-21 18:49:12
131,125,303,2020-10-21 18:38:51,2020-10-21 18:39:21
37,54,415,2020-10-21 18:38:56,2020-10-21 18:39:31
122,107,325,2020-10-21 18:39:06,2020-10-21 18:40:53
126,0,415,2020-10-21 18:39:14,2020-10-21 18:40:02
137,0,0,2020-10-21 18:39:16,2020-10-21 18:43:24
114,0,0,2020-10-21 18:39:16,2020-10-21 18:47:15
131,125,304,2020-10-21 18:39:21,2020-10-21 18:39:57
122,91,102,2020-10-21 18:39:23,2020-10-21 18:40:37
66,0,0,2020-10-21 18:39:23,2020-10-21 18:49:09
134,111,0,2020-10-21 18:39:23,2020-10-21 18:45:36
154,0,0,2020-10-21 18:39:23,2020-10-21 18:50:02
128,0,0,2020-10-21 18:39:24,2020-10-21 18:45:41
81,0,412,2020-10-21 18:39:31,2020-10-21 18:40:49
37,54,414,2020-10-21 18:39:31,2020-10-21 18:39:46
153,0,0,2020-10-21 18:39:41,2020-10-21 18:50:53
115,0,0,2020-10-21 18:39:44,2020-10-21 18:50:22
37,54,238,2020-10-21 18:39:46,2020-10-21 18:08:00
105,0,254,2020-10-21 18:39:47,2020-10-21 18:40:21
131,125,305,2020-10-21 18:39:57,2020-10-21 18:40:12
44,0,0,2020-10-21 18:39:58,2020-10-21 18:49:54
75,0,0,2020-10-21 18:40:01,2020-10-21 18:47:27
126,0,412,2020-10-21 18:40:02,2020-10-21 18:41:28
40,0,0,2020-10-21 18:40:04,2020-10-21 18:50:59
131,125,127,2020-10-21 18:40:12,2020-10-21 19:25:26
78,16,0,2020-10-21 18:40:13,2020-10-21 18:41:03
101,0,0,2020-10-21 18:40:13,2020-10-21 18:50:57
95,52,315,2020-10-21 18:40:14,2020-10-21 18:41:40
74,0,0,2020-10-21 18:40:17,2020-10-21 18:50:11
86,0,0,2020-10-21 18:40:20,2020-10-21 18:49:29
105,0,418,2020-10-21 18:40:21,2020-10-21 18:40:29
100,0,0,2020-10-21 18:40:24,2020-10-21 18:42:15
105,0,419,2020-10-21 18:40:29,2020-10-21 18:40:51
136,0,0,2020-10-21 18:40:34,2020-10-21 18:50:46
122,91,321,2020-10-21 18:40:37,2020-10-21 18:41:34
45,0,255,2020-10-21 18:40:47,2020-10-21 18:41:24
81,0,403,2020-10-21 18:40:49,2020-10-21 18:41:23
105,0,421,2020-10-21 18:40:51,2020-10-21 18:43:00
122,107,421,2020-10-21 18:40:53,2020-10-21 18:42:31
78,16,326,2020-10-21 18:41:03,2020-10-21 18:42:04
81,0,402,2020-10-21 18:41:23,2020-10-21 18:41:35
45,0,418,2020-10-21 18:41:24,2020-10-21 18:41:33
17,79,177,2020-10-21 18:41:27,2020-10-21 18:42:26
126,0,403,2020-10-21 18:41:28,2020-10-21 18:41:50
45,0,419,2020-10-21 18:41:33,2020-10-21 18:42:04
122,91,178,2020-10-21 18:41:34,2020-10-21 18:38:05
81,0,401,2020-10-21 18:41:35,2020-10-21 18:41:45
121,0,175,2020-10-21 18:41:38,2020-10-21 18:42:52
95,52,303,2020-10-21 18:41:40,2020-10-21 18:42:04
81,0,301,2020-10-21 18:41:45,2020-10-21 18:45:48
126,0,402,2020-10-21 18:41:50,2020-10-21 18:42:05
118,0,222,2020-10-21 18:41:53,2020-10-21 18:42:23
98,0,207,2020-10-21 18:41:54,2020-10-21 18:42:08
46,67,0,2020-10-21 18:41:58,2020-10-21 18:45:01
135,107,0,2020-10-21 18:42:03,2020-10-21 18:42:44
45,0,421,2020-10-21 18:42:04,2020-10-21 18:43:43
95,52,304,2020-10-21 18:42:04,2020-10-21 18:42:18
78,16,102,2020-10-21 18:42:04,2020-10-21 18:43:21
28,0,0,2020-10-21 18:42:04,2020-10-21 18:50:59
126,0,401,2020-10-21 18:42:05,2020-10-21 18:42:18
98,0,404,2020-10-21 18:42:08,2020-10-21 18:42:46
100,0,0,2020-10-21 18:42:15,2020-10-21 18:50:33
90,0,0,2020-10-21 18:42:17,2020-10-21 18:50:27
126,0,301,2020-10-21 18:42:18,2020-10-21 18:44:27
95,52,124,2020-10-21 18:42:18,2020-10-21 19:18:27
45,0,0,2020-10-21 18:42:19,2020-10-21 18:52:01
118,0,404,2020-10-21 18:42:23,2020-10-21 18:42:50
102,116,0,2020-10-21 18:42:24,2020-10-21 18:49:37
17,79,324,2020-10-21 18:42:26,2020-10-21 18:43:37
65,0,0,2020-10-21 18:42:30,2020-10-21 18:52:29
122,107,417,2020-10-21 18:42:31,2020-10-21 18:42:55
135,107,326,2020-10-21 18:42:44,2020-10-21 18:43:02
152,0,202,2020-10-21 18:42:44,2020-10-21 18:42:59
98,0,403,2020-10-21 18:42:46,2020-10-21 18:43:05
118,0,403,2020-10-21 18:42:50,2020-10-21 18:43:10
83,52,150,2020-10-21 18:42:51,2020-10-21 18:43:08
121,0,324,2020-10-21 18:42:52,2020-10-21 18:48:26
82,58,161,2020-10-21 18:42:52,2020-10-21 18:43:41
122,107,416,2020-10-21 18:42:55,2020-10-21 18:43:28
152,0,402,2020-10-21 18:42:59,2020-10-21 18:43:13
105,0,325,2020-10-21 18:43:00,2020-10-21 18:47:44
135,107,320,2020-10-21 18:43:02,2020-10-21 18:44:22
60,0,0,2020-10-21 18:43:02,2020-10-21 18:53:12
98,0,402,2020-10-21 18:43:05,2020-10-21 18:43:18
83,52,309,2020-10-21 18:43:08,2020-10-21 18:43:34
118,0,402,2020-10-21 18:43:10,2020-10-21 18:43:27
120,0,134,2020-10-21 18:43:10,2020-10-21 18:43:29
152,0,401,2020-10-21 18:43:13,2020-10-21 18:43:23
98,0,401,2020-10-21 18:43:18,2020-10-21 18:43:29
19,0,128,2020-10-21 18:43:20,2020-10-21 18:43:49
78,16,321,2020-10-21 18:43:21,2020-10-21 18:46:45
152,0,301,2020-10-21 18:43:23,2020-10-21 18:46:46
137,119,0,2020-10-21 18:43:24,2020-10-21 18:44:02
116,140,0,2020-10-21 18:43:24,2020-10-21 18:50:24
118,0,401,2020-10-21 18:43:27,2020-10-21 18:43:40
122,107,415,2020-10-21 18:43:28,2020-10-21 18:45:10
120,0,303,2020-10-21 18:43:29,2020-10-21 18:43:46
98,0,301,2020-10-21 18:43:29,2020-10-21 18:46:28
2,0,0,2020-10-21 18:43:34,2020-10-21 18:51:53
83,52,308,2020-10-21 18:43:34,2020-10-21 18:44:24
17,79,323,2020-10-21 18:43:37,2020-10-21 18:43:57
118,0,301,2020-10-21 18:43:40,2020-10-21 18:45:55
16,0,0,2020-10-21 18:43:41,2020-10-21 18:52:18
82,58,310,2020-10-21 18:43:41,2020-10-21 18:44:00
6,0,0,2020-10-21 18:43:42,2020-10-21 18:53:57
45,0,325,2020-10-21 18:43:43,2020-10-21 18:48:47
120,0,302,2020-10-21 18:43:46,2020-10-21 18:44:01
117,0,0,2020-10-21 18:43:47,2020-10-21 18:54:58
19,0,306,2020-10-21 18:43:49,2020-10-21 18:48:57
35,0,254,2020-10-21 18:43:53,2020-10-21 18:44:27
17,79,322,2020-10-21 18:43:57,2020-10-21 18:44:41
82,58,158,2020-10-21 18:44:00,2020-10-21 19:36:51
120,0,301,2020-10-21 18:44:01,2020-10-21 18:46:52
137,119,326,2020-10-21 18:44:02,2020-10-21 18:44:24
38,0,142,2020-10-21 18:44:03,2020-10-21 18:44:32
128,0,0,2020-10-21 18:44:04,2020-10-21 18:54:54
32,0,0,2020-10-21 18:44:14,2020-10-21 18:52:42
129,0,0,2020-10-21 18:44:20,2020-10-21 18:52:22
135,107,315,2020-10-21 18:44:22,2020-10-21 18:46:14
137,119,320,2020-10-21 18:44:24,2020-10-21 18:44:49
83,52,312,2020-10-21 18:44:24,2020-10-21 18:44:35
70,142,324,2020-10-21 18:44:25,2020-10-21 18:45:31
76,0,0,2020-10-21 18:44:25,2020-10-21 18:54:03
35,0,418,2020-10-21 18:44:27,2020-10-21 18:44:35
126,0,0,2020-10-21 18:44:27,2020-10-21 18:45:37
38,0,320,2020-10-21 18:44:32,2020-10-21 18:44:52
83,52,409,2020-10-21 18:44:35,2020-10-21 18:46:46
35,0,419,2020-10-21 18:44:35,2020-10-21 18:44:57
97,0,0,2020-10-21 18:44:39,2020-10-21 18:54:54
17,79,319,2020-10-21 18:44:41,2020-10-21 18:45:16
99,0,0,2020-10-21 18:44:47,2020-10-21 18:55:13
137,119,142,2020-10-21 18:44:49,2020-10-21 17:19:09
10,0,0,2020-10-21 18:44:49,2020-10-21 18:55:51
38,0,326,2020-10-21 18:44:52,2020-10-21 18:45:47
35,0,421,2020-10-21 18:44:57,2020-10-21 18:47:06
46,67,301,2020-10-21 18:45:01,2020-10-21 18:45:23
53,0,225,2020-10-21 18:45:02,2020-10-21 18:45:18
140,0,0,2020-10-21 18:45:08,2020-10-21 18:55:57
122,107,412,2020-10-21 18:45:10,2020-10-21 18:46:03
17,79,318,2020-10-21 18:45:16,2020-10-21 18:45:45
53,0,405,2020-10-21 18:45:18,2020-10-21 18:45:55
158,0,0,2020-10-21 18:45:19,2020-10-21 18:54:50
46,67,302,2020-10-21 18:45:23,2020-10-21 18:45:37
138,0,0,2020-10-21 18:45:30,2020-10-21 18:55:06
70,142,176,2020-10-21 18:45:31,2020-10-21 19:26:57
4,0,0,2020-10-21 18:45:35,2020-10-21 18:55:49
134,111,306,2020-10-21 18:45:36,2020-10-21 18:46:09
46,67,121,2020-10-21 18:45:37,2020-10-21 18:26:58
126,0,0,2020-10-21 18:45:37,2020-10-21 18:54:06
77,0,230,2020-10-21 18:45:40,2020-10-21 18:45:58
128,140,0,2020-10-21 18:45:41,2020-10-21 18:53:10
17,79,308,2020-10-21 18:45:45,2020-10-21 18:46:20
38,0,0,2020-10-21 18:45:47,2020-10-21 18:54:36
81,0,0,2020-10-21 18:45:48,2020-10-21 18:48:49
53,0,404,2020-10-21 18:45:55,2020-10-21 18:46:31
118,0,0,2020-10-21 18:45:55,2020-10-21 18:51:41
49,0,0,2020-10-21 18:45:56,2020-10-21 18:57:16
77,0,411,2020-10-21 18:45:58,2020-10-21 18:46:19
122,107,233,2020-10-21 18:46:03,2020-10-21 18:53:59
125,0,139,2020-10-21 18:46:09,2020-10-21 18:46:38
59,0,155,2020-10-21 18:46:09,2020-10-21 18:46:40
134,111,139,2020-10-21 18:46:09,2020-10-21 19:14:37
135,107,303,2020-10-21 18:46:14,2020-10-21 18:46:43
77,0,412,2020-10-21 18:46:19,2020-10-21 18:47:36
17,79,307,2020-10-21 18:46:20,2020-10-21 18:47:03
98,0,0,2020-10-21 18:46:28,2020-10-21 18:51:35
53,0,403,2020-10-21 18:46:31,2020-10-21 18:47:03
79,0,0,2020-10-21 18:46:33,2020-10-21 18:55:42
107,126,0,2020-10-21 18:46:33,2020-10-21 18:50:08
125,0,306,2020-10-21 18:46:38,2020-10-21 18:51:02
59,0,318,2020-10-21 18:46:40,2020-10-21 18:47:19
104,0,251,2020-10-21 18:46:42,2020-10-21 18:46:53
135,107,304,2020-10-21 18:46:43,2020-10-21 18:47:01
78,16,322,2020-10-21 18:46:45,2020-10-21 18:47:00
110,0,0,2020-10-21 18:46:45,2020-10-21 18:56:23
83,52,418,2020-10-21 18:46:46,2020-10-21 18:46:55
152,0,0,2020-10-21 18:46:46,2020-10-21 18:52:53
120,0,0,2020-10-21 18:46:52,2020-10-21 18:53:18
104,0,417,2020-10-21 18:46:53,2020-10-21 18:48:13
11,57,0,2020-10-21 18:46:54,2020-10-21 18:49:31
83,52,419,2020-10-21 18:46:55,2020-10-21 18:47:22
78,16,171,2020-10-21 18:47:00,2020-10-21 19:46:28
135,107,136,2020-10-21 18:47:01,2020-10-21 18:47:44
17,79,306,2020-10-21 18:47:03,2020-10-21 18:47:32
53,0,402,2020-10-21 18:47:03,2020-10-21 18:47:18
35,0,325,2020-10-21 18:47:06,2020-10-21 18:51:50
26,49,239,2020-10-21 18:47:11,2020-10-21 18:47:21
114,0,0,2020-10-21 18:47:15,2020-10-21 18:57:26
39,0,0,2020-10-21 18:47:17,2020-10-21 18:56:56
53,0,401,2020-10-21 18:47:18,2020-10-21 18:47:28
59,0,319,2020-10-21 18:47:19,2020-10-21 18:49:16
26,49,415,2020-10-21 18:47:21,2020-10-21 18:48:07
83,52,421,2020-10-21 18:47:22,2020-10-21 18:48:36
5,0,0,2020-10-21 18:47:23,2020-10-21 18:56:09
101,113,0,2020-10-21 18:47:24,2020-10-21 18:50:18
75,0,0,2020-10-21 18:47:27,2020-10-21 18:57:17
137,0,0,2020-10-21 18:47:27,2020-10-21 18:58:44
69,0,0,2020-10-21 18:47:28,2020-10-21 18:57:24
53,0,301,2020-10-21 18:47:28,2020-10-21 18:50:19
92,0,0,2020-10-21 18:47:32,2020-10-21 18:59:14
17,79,128,2020-10-21 18:47:32,2020-10-21 20:03:42
156,0,0,2020-10-21 18:47:35,2020-10-21 18:57:01
77,0,403,2020-10-21 18:47:36,2020-10-21 18:48:03
135,0,136,2020-10-21 18:47:44,2020-10-21 18:48:02
105,0,0,2020-10-21 18:47:44,2020-10-21 18:50:25
68,0,0,2020-10-21 18:47:50,2020-10-21 18:59:37
46,0,0,2020-10-21 18:47:54,2020-10-21 18:56:01
135,0,304,2020-10-21 18:48:02,2020-10-21 18:48:35
77,0,402,2020-10-21 18:48:03,2020-10-21 18:48:25
26,49,416,2020-10-21 18:48:07,2020-10-21 18:48:37
104,0,421,2020-10-21 18:48:13,2020-10-21 18:49:54
77,0,401,2020-10-21 18:48:25,2020-10-21 18:48:36
121,0,0,2020-10-21 18:48:26,2020-10-21 18:53:25
100,118,151,2020-10-21 18:48:26,2020-10-21 18:49:11
135,0,303,2020-10-21 18:48:35,2020-10-21 18:48:55
83,52,417,2020-10-21 18:48:36,2020-10-21 18:48:46
77,0,301,2020-10-21 18:48:36,2020-10-21 18:50:38
26,49,417,2020-10-21 18:48:37,2020-10-21 18:50:07
64,0,0,2020-10-21 18:48:45,2020-10-21 19:00:14
83,52,251,2020-10-21 18:48:46,2020-10-21 19:51:55
45,0,0,2020-10-21 18:48:47,2020-10-21 18:50:11
81,0,0,2020-10-21 18:48:49,2020-10-21 19:00:22
135,0,302,2020-10-21 18:48:55,2020-10-21 18:49:25
19,0,0,2020-10-21 18:48:57,2020-10-21 18:53:34
96,0,0,2020-10-21 18:48:58,2020-10-21 18:59:20
18,0,0,2020-10-21 18:49:06,2020-10-21 18:59:01
37,0,0,2020-10-21 18:49:08,2020-10-21 19:00:09
66,0,0,2020-10-21 18:49:09,2020-10-21 18:58:47
100,118,309,2020-10-21 18:49:11,2020-10-21 18:49:38
14,0,0,2020-10-21 18:49:12,2020-10-21 18:59:02
59,0,317,2020-10-21 18:49:16,2020-10-21 18:49:48
135,0,301,2020-10-21 18:49:25,2020-10-21 18:52:09
86,0,0,2020-10-21 18:49:29,2020-10-21 18:58:57
11,57,301,2020-10-21 18:49:31,2020-10-21 18:49:43
102,116,312,2020-10-21 18:49:37,2020-10-21 18:50:32
63,0,132,2020-10-21 18:49:37,2020-10-21 18:49:52
100,118,308,2020-10-21 18:49:38,2020-10-21 18:50:29
11,57,401,2020-10-21 18:49:43,2020-10-21 18:49:56
59,0,316,2020-10-21 18:49:48,2020-10-21 18:50:28
63,0,302,2020-10-21 18:49:52,2020-10-21 18:50:21
104,0,325,2020-10-21 18:49:54,2020-10-21 18:56:44
44,59,0,2020-10-21 18:49:54,2020-10-21 18:52:45
103,116,247,2020-10-21 18:49:54,2020-10-21 18:50:25
11,57,402,2020-10-21 18:49:56,2020-10-21 18:50:24
154,0,0,2020-10-21 18:50:02,2020-10-21 19:01:28
26,49,421,2020-10-21 18:50:07,2020-10-21 18:50:37
107,126,301,2020-10-21 18:50:08,2020-10-21 18:50:19
67,82,0,2020-10-21 18:50:10,2020-10-21 18:53:19
45,0,0,2020-10-21 18:50:11,2020-10-21 19:00:00
74,0,0,2020-10-21 18:50:11,2020-10-21 18:58:54
101,113,301,2020-10-21 18:50:18,2020-10-21 18:50:29
53,0,0,2020-10-21 18:50:19,2020-10-21 18:54:26
107,126,401,2020-10-21 18:50:19,2020-10-21 18:50:31
63,0,301,2020-10-21 18:50:21,2020-10-21 18:54:12
115,0,0,2020-10-21 18:50:22,2020-10-21 19:00:51
88,0,103,2020-10-21 18:50:22,2020-10-21 18:50:32
11,57,403,2020-10-21 18:50:24,2020-10-21 18:51:24
116,140,313,2020-10-21 18:50:24,2020-10-21 18:50:34
105,0,0,2020-10-21 18:50:25,2020-10-21 19:00:48
103,116,414,2020-10-21 18:50:25,2020-10-21 18:50:50
90,0,0,2020-10-21 18:50:27,2020-10-21 19:00:03
59,0,315,2020-10-21 18:50:28,2020-10-21 18:51:56
100,118,312,2020-10-21 18:50:29,2020-10-21 18:50:40
101,113,401,2020-10-21 18:50:29,2020-10-21 18:50:48
31,0,117,2020-10-21 18:50:30,2020-10-21 18:51:10
107,126,402,2020-10-21 18:50:31,2020-10-21 18:50:58
102,116,308,2020-10-21 18:50:32,2020-10-21 18:51:03
88,0,314,2020-10-21 18:50:32,2020-10-21 18:50:57
100,0,0,2020-10-21 18:50:33,2020-10-21 19:00:52
116,140,410,2020-10-21 18:50:34,2020-10-21 18:52:01
26,49,419,2020-10-21 18:50:37,2020-10-21 18:50:47
77,0,0,2020-10-21 18:50:38,2020-10-21 18:55:51
100,118,409,2020-10-21 18:50:40,2020-10-21 18:52:59
136,0,0,2020-10-21 18:50:46,2020-10-21 19:00:46
26,49,418,2020-10-21 18:50:47,2020-10-21 18:52:29
101,113,402,2020-10-21 18:50:48,2020-10-21 18:51:18
103,116,415,2020-10-21 18:50:50,2020-10-21 18:52:41
153,0,0,2020-10-21 18:50:53,2020-10-21 19:01:15
101,0,0,2020-10-21 18:50:57,2020-10-21 19:01:25
88,0,315,2020-10-21 18:50:57,2020-10-21 18:52:07
107,126,403,2020-10-21 18:50:58,2020-10-21 18:51:43
40,0,0,2020-10-21 18:50:59,2020-10-21 19:00:20
28,0,0,2020-10-21 18:50:59,2020-10-21 19:01:31
125,0,0,2020-10-21 18:51:02,2020-10-21 18:57:07
102,116,309,2020-10-21 18:51:03,2020-10-21 18:51:13
31,0,315,2020-10-21 18:51:10,2020-10-21 18:52:41
102,116,310,2020-10-21 18:51:13,2020-10-21 18:51:53
101,113,403,2020-10-21 18:51:18,2020-10-21 18:52:02
11,57,412,2020-10-21 18:51:24,2020-10-21 18:51:38
98,0,0,2020-10-21 18:51:35,2020-10-21 19:02:49
11,57,236,2020-10-21 18:51:38,2020-10-21 18:21:18
118,0,0,2020-10-21 18:51:41,2020-10-21 18:58:50
107,126,412,2020-10-21 18:51:43,2020-10-21 18:52:07
35,0,0,2020-10-21 18:51:50,2020-10-21 18:55:55
102,116,152,2020-10-21 18:51:53,2020-10-21 19:13:29
2,0,0,2020-10-21 18:51:53,2020-10-21 19:01:59
59,0,320,2020-10-21 18:51:56,2020-10-21 18:52:18
45,20,0,2020-10-21 18:52:01,2020-10-21 18:58:07
116,140,217,2020-10-21 18:52:01,2020-10-21 19:50:57
101,113,404,2020-10-21 18:52:02,2020-10-21 18:52:33
107,126,411,2020-10-21 18:52:07,2020-10-21 18:52:27
88,0,320,2020-10-21 18:52:07,2020-10-21 18:52:28
135,0,0,2020-10-21 18:52:09,2020-10-21 18:57:39
59,0,326,2020-10-21 18:52:18,2020-10-21 18:52:55
16,66,0,2020-10-21 18:52:18,2020-10-21 18:54:54
129,0,0,2020-10-21 18:52:22,2020-10-21 19:02:20
30,88,256,2020-10-21 18:52:23,2020-10-21 18:52:49
107,126,229,2020-10-21 18:52:27,2020-10-21 19:06:33
88,0,326,2020-10-21 18:52:28,2020-10-21 18:53:13
26,49,409,2020-10-21 18:52:29,2020-10-21 18:52:38
65,0,0,2020-10-21 18:52:29,2020-10-21 19:01:40
101,113,208,2020-10-21 18:52:33,2020-10-21 18:11:20
26,49,312,2020-10-21 18:52:38,2020-10-21 18:53:40
31,0,320,2020-10-21 18:52:41,2020-10-21 18:52:58
103,116,412,2020-10-21 18:52:41,2020-10-21 18:54:08
32,37,0,2020-10-21 18:52:42,2020-10-21 18:53:21
44,59,301,2020-10-21 18:52:45,2020-10-21 18:52:55
30,88,419,2020-10-21 18:52:49,2020-10-21 18:53:16
152,0,0,2020-10-21 18:52:53,2020-10-21 19:01:28
59,0,0,2020-10-21 18:52:55,2020-10-21 18:56:08
44,59,401,2020-10-21 18:52:55,2020-10-21 18:53:14
56,0,145,2020-10-21 18:52:57,2020-10-21 19:11:14
31,0,326,2020-10-21 18:52:58,2020-10-21 18:53:40
100,118,418,2020-10-21 18:52:59,2020-10-21 18:53:10
128,140,324,2020-10-21 18:53:10,2020-10-21 18:54:16
100,118,419,2020-10-21 18:53:10,2020-10-21 18:53:31
60,0,0,2020-10-21 18:53:12,2020-10-21 19:02:44
88,0,0,2020-10-21 18:53:13,2020-10-21 19:00:14
44,59,402,2020-10-21 18:53:14,2020-10-21 18:53:43
30,88,421,2020-10-21 18:53:16,2020-10-21 18:54:23
120,0,0,2020-10-21 18:53:18,2020-10-21 19:03:41
67,82,301,2020-10-21 18:53:19,2020-10-21 18:53:27
32,37,326,2020-10-21 18:53:21,2020-10-21 18:53:43
121,0,0,2020-10-21 18:53:25,2020-10-21 19:04:15
67,82,401,2020-10-21 18:53:27,2020-10-21 18:53:43
100,118,421,2020-10-21 18:53:31,2020-10-21 18:54:17
147,0,252,2020-10-21 18:53:33,2020-10-21 18:54:15
19,0,0,2020-10-21 18:53:34,2020-10-21 19:03:35
123,0,210,2020-10-21 18:53:38,2020-10-21 18:54:03
26,49,308,2020-10-21 18:53:40,2020-10-21 18:54:03
31,0,0,2020-10-21 18:53:40,2020-10-21 18:59:40
44,59,403,2020-10-21 18:53:43,2020-10-21 18:53:53
67,82,402,2020-10-21 18:53:43,2020-10-21 18:54:02
32,37,320,2020-10-21 18:53:43,2020-10-21 18:55:05
44,59,204,2020-10-21 18:53:53,2020-10-21 19:26:31
6,0,0,2020-10-21 18:53:57,2020-10-21 19:05:40
122,0,233,2020-10-21 18:53:59,2020-10-21 18:54:44
67,82,403,2020-10-21 18:54:02,2020-10-21 18:55:38
123,0,405,2020-10-21 18:54:03,2020-10-21 18:54:35
26,49,309,2020-10-21 18:54:03,2020-10-21 18:54:41
76,0,0,2020-10-21 18:54:03,2020-10-21 19:03:24
126,0,0,2020-10-21 18:54:06,2020-10-21 19:04:14
103,116,403,2020-10-21 18:54:08,2020-10-21 18:54:33
63,0,0,2020-10-21 18:54:12,2020-10-21 19:00:00
147,0,421,2020-10-21 18:54:15,2020-10-21 18:55:39
128,140,176,2020-10-21 18:54:16,2020-10-21 20:13:22
100,118,417,2020-10-21 18:54:17,2020-10-21 18:54:41
30,88,417,2020-10-21 18:54:23,2020-10-21 18:54:46
53,0,0,2020-10-21 18:54:26,2020-10-21 19:06:08
103,116,220,2020-10-21 18:54:33,2020-10-21 19:09:31
123,0,404,2020-10-21 18:54:35,2020-10-21 18:55:24
38,0,0,2020-10-21 18:54:36,2020-10-21 19:05:42
84,0,222,2020-10-21 18:54:40,2020-10-21 18:55:10
100,118,416,2020-10-21 18:54:41,2020-10-21 18:55:28
26,49,151,2020-10-21 18:54:41,2020-10-21 19:46:42
122,0,412,2020-10-21 18:54:44,2020-10-21 18:56:11
30,88,416,2020-10-21 18:54:46,2020-10-21 18:55:06
158,0,0,2020-10-21 18:54:50,2020-10-21 19:03:30
128,108,0,2020-10-21 18:54:54,2020-10-21 18:57:31
16,66,301,2020-10-21 18:54:54,2020-10-21 18:55:06
97,0,0,2020-10-21 18:54:54,2020-10-21 19:05:11
117,0,0,2020-10-21 18:54:58,2020-10-21 19:04:44
94,0,132,2020-10-21 18:54:58,2020-10-21 18:55:13
32,37,315,2020-10-21 18:55:05,2020-10-21 18:56:28
138,0,0,2020-10-21 18:55:06,2020-10-21 19:04:41
16,66,401,2020-10-21 18:55:06,2020-10-21 18:55:25
30,88,241,2020-10-21 18:55:06,2020-10-21 19:55:42
84,0,404,2020-10-21 18:55:10,2020-10-21 18:55:37
94,0,302,2020-10-21 18:55:13,2020-10-21 18:55:42
99,0,0,2020-10-21 18:55:13,2020-10-21 19:06:21
123,0,403,2020-10-21 18:55:24,2020-10-21 18:55:45
16,66,218,2020-10-21 18:55:25,2020-10-21 19:17:15
109,0,104,2020-10-21 18:55:26,2020-10-21 18:55:53
100,118,415,2020-10-21 18:55:28,2020-10-21 18:55:54
84,0,403,2020-10-21 18:55:37,2020-10-21 18:55:57
67,82,412,2020-10-21 18:55:38,2020-10-21 18:57:05
147,0,325,2020-10-21 18:55:39,2020-10-21 19:01:19
94,0,301,2020-10-21 18:55:42,2020-10-21 18:59:33
79,0,0,2020-10-21 18:55:42,2020-10-21 19:05:44
123,0,402,2020-10-21 18:55:45,2020-10-21 18:56:00
4,2,0,2020-10-21 18:55:49,2020-10-21 18:57:35
10,68,0,2020-10-21 18:55:51,2020-10-21 18:56:36
77,0,0,2020-10-21 18:55:51,2020-10-21 19:04:40
109,0,315,2020-10-21 18:55:53,2020-10-21 18:57:15
100,118,414,2020-10-21 18:55:54,2020-10-21 18:56:08
35,58,0,2020-10-21 18:55:55,2020-10-21 18:58:39
84,0,402,2020-10-21 18:55:57,2020-10-21 18:56:14
140,0,0,2020-10-21 18:55:57,2020-10-21 19:04:41
123,0,401,2020-10-21 18:56:00,2020-10-21 18:56:09
46,0,0,2020-10-21 18:56:01,2020-10-21 19:06:22
59,0,0,2020-10-21 18:56:08,2020-10-21 19:06:37
100,118,237,2020-10-21 18:56:08,2020-10-21 18:32:57
123,0,301,2020-10-21 18:56:09,2020-10-21 18:59:59
127,0,136,2020-10-21 18:56:09,2020-10-21 18:56:27
5,0,0,2020-10-21 18:56:09,2020-10-21 19:07:00
122,0,403,2020-10-21 18:56:11,2020-10-21 18:56:37
84,0,401,2020-10-21 18:56:14,2020-10-21 18:56:27
71,0,110,2020-10-21 18:56:22,2020-10-21 18:56:44
110,0,0,2020-10-21 18:56:23,2020-10-21 19:05:58
84,0,301,2020-10-21 18:56:27,2020-10-21 18:58:42
127,0,304,2020-10-21 18:56:27,2020-10-21 18:57:00
32,37,303,2020-10-21 18:56:28,2020-10-21 18:56:55
10,68,326,2020-10-21 18:56:36,2020-10-21 18:57:27
122,0,402,2020-10-21 18:56:37,2020-10-21 18:56:52
104,0,0,2020-10-21 18:56:44,2020-10-21 18:58:46
71,0,317,2020-10-21 18:56:44,2020-10-21 18:57:17
122,0,401,2020-10-21 18:56:52,2020-10-21 18:56:59
32,37,304,2020-10-21 18:56:55,2020-10-21 18:57:14
39,0,0,2020-10-21 18:56:56,2020-10-21 19:05:47
122,0,301,2020-10-21 18:56:59,2020-10-21 18:59:40
127,0,303,2020-10-21 18:57:00,2020-10-21 18:57:20
156,0,0,2020-10-21 18:57:01,2020-10-21 19:06:01
50,0,150,2020-10-21 18:57:04,2020-10-21 18:57:20
67,82,415,2020-10-21 18:57:05,2020-10-21 18:57:49
125,142,0,2020-10-21 18:57:07,2020-10-21 19:03:59
32,37,305,2020-10-21 18:57:14,2020-10-21 18:57:31
109,0,320,2020-10-21 18:57:15,2020-10-21 18:57:46
49,0,0,2020-10-21 18:57:16,2020-10-21 19:06:17
75,0,0,2020-10-21 18:57:17,2020-10-21 19:09:00
71,0,316,2020-10-21 18:57:17,2020-10-21 18:57:59
106,0,102,2020-10-21 18:57:19,2020-10-21 18:57:46
50,0,309,2020-10-21 18:57:20,2020-10-21 18:57:52
127,0,302,2020-10-21 18:57:20,2020-10-21 18:57:50
69,0,0,2020-10-21 18:57:24,2020-10-21 19:06:08
114,0,0,2020-10-21 18:57:26,2020-10-21 19:07:02
10,68,102,2020-10-21 18:57:27,2020-10-21 20:37:29
128,108,301,2020-10-21 18:57:31,2020-10-21 18:57:43
32,37,126,2020-10-21 18:57:31,2020-10-21 19:29:05
4,2,301,2020-10-21 18:57:35,2020-10-21 18:57:45
135,0,0,2020-10-21 18:57:39,2020-10-21 19:07:52
43,0,221,2020-10-21 18:57:39,2020-10-21 18:57:59
128,108,401,2020-10-21 18:57:43,2020-10-21 18:57:57
4,2,401,2020-10-21 18:57:45,2020-10-21 18:57:57
109,0,326,2020-10-21 18:57:46,2020-10-21 18:58:26
106,0,326,2020-10-21 18:57:46,2020-10-21 18:58:40
67,82,416,2020-10-21 18:57:49,2020-10-21 18:58:14
127,0,301,2020-10-21 18:57:50,2020-10-21 19:00:34
50,0,308,2020-10-21 18:57:52,2020-10-21 18:58:19
128,108,201,2020-10-21 18:57:57,2020-10-21 18:36:16
4,2,402,2020-10-21 18:57:57,2020-10-21 18:58:23
43,0,403,2020-10-21 18:57:59,2020-10-21 18:58:24
71,0,315,2020-10-21 18:57:59,2020-10-21 18:58:39
45,20,325,2020-10-21 18:58:07,2020-10-21 18:59:18
67,82,243,2020-10-21 18:58:14,2020-10-21 19:59:08
50,0,307,2020-10-21 18:58:19,2020-10-21 19:04:50
4,2,403,2020-10-21 18:58:23,2020-10-21 18:59:53
43,0,402,2020-10-21 18:58:24,2020-10-21 18:58:47
109,0,0,2020-10-21 18:58:26,2020-10-21 19:05:36
71,0,320,2020-10-21 18:58:39,2020-10-21 18:58:54
35,58,301,2020-10-21 18:58:39,2020-10-21 18:58:53
106,0,0,2020-10-21 18:58:40,2020-10-21 19:07:35
84,0,0,2020-10-21 18:58:42,2020-10-21 19:05:54
137,0,0,2020-10-21 18:58:44,2020-10-21 19:07:41
104,106,0,2020-10-21 18:58:46,2020-10-21 19:00:32
43,0,401,2020-10-21 18:58:47,2020-10-21 18:58:56
66,0,0,2020-10-21 18:58:47,2020-10-21 19:09:07
118,0,0,2020-10-21 18:58:50,2020-10-21 19:09:38
35,58,401,2020-10-21 18:58:53,2020-10-21 18:59:12
74,0,0,2020-10-21 18:58:54,2020-10-21 19:10:00
71,0,326,2020-10-21 18:58:54,2020-10-21 18:59:35
62,0,172,2020-10-21 18:58:55,2020-10-21 18:59:23
43,0,301,2020-10-21 18:58:56,2020-10-21 19:03:14
86,0,0,2020-10-21 18:58:57,2020-10-21 19:09:00
18,0,0,2020-10-21 18:59:01,2020-10-21 19:07:28
14,45,0,2020-10-21 18:59:02,2020-10-21 19:00:03
35,58,402,2020-10-21 18:59:12,2020-10-21 18:59:37
92,0,0,2020-10-21 18:59:14,2020-10-21 19:09:37
45,20,421,2020-10-21 18:59:18,2020-10-21 18:59:49
96,0,0,2020-10-21 18:59:20,2020-10-21 19:10:47
62,0,323,2020-10-21 18:59:23,2020-10-21 18:59:43
94,0,0,2020-10-21 18:59:33,2020-10-21 19:06:05
71,0,0,2020-10-21 18:59:35,2020-10-21 19:05:53
35,58,403,2020-10-21 18:59:37,2020-10-21 19:00:57
68,0,0,2020-10-21 18:59:37,2020-10-21 19:11:17
31,0,0,2020-10-21 18:59:40,2020-10-21 19:09:33
122,0,0,2020-10-21 18:59:40,2020-10-21 19:02:29
62,0,322,2020-10-21 18:59:43,2020-10-21 19:00:23
45,20,419,2020-10-21 18:59:49,2020-10-21 18:59:59
4,2,412,2020-10-21 18:59:53,2020-10-21 19:00:54
45,20,418,2020-10-21 18:59:59,2020-10-21 19:00:37
123,0,0,2020-10-21 18:59:59,2020-10-21 19:03:00
63,0,0,2020-10-21 19:00:00,2020-10-21 19:11:02
45,0,0,2020-10-21 19:00:00,2020-10-21 19:10:57
14,45,326,2020-10-21 19:00:03,2020-10-21 19:00:26
90,0,0,2020-10-21 19:00:03,2020-10-21 19:09:00
37,0,0,2020-10-21 19:00:09,2020-10-21 19:09:40
88,0,0,2020-10-21 19:00:14,2020-10-21 19:10:14
64,0,0,2020-10-21 19:00:14,2020-10-21 19:10:14
40,0,0,2020-10-21 19:00:20,2020-10-21 19:10:00
81,50,0,2020-10-21 19:00:22,2020-10-21 19:01:09
62,0,325,2020-10-21 19:00:23,2020-10-21 19:04:46
14,45,320,2020-10-21 19:00:26,2020-10-21 19:01:43
104,106,301,2020-10-21 19:00:32,2020-10-21 19:00:41
127,0,0,2020-10-21 19:00:34,2020-10-21 19:05:12
45,20,255,2020-10-21 19:00:37,2020-10-21 18:40:47
104,106,401,2020-10-21 19:00:41,2020-10-21 19:00:58
136,0,0,2020-10-21 19:00:46,2020-10-21 19:09:43
105,0,0,2020-10-21 19:00:48,2020-10-21 19:11:48
25,0,138,2020-10-21 19:00:48,2020-10-21 19:01:05
115,0,0,2020-10-21 19:00:51,2020-10-21 19:11:18
100,0,0,2020-10-21 19:00:52,2020-10-21 19:10:12
4,2,415,2020-10-21 19:00:54,2020-10-21 19:01:17
35,58,412,2020-10-21 19:00:57,2020-10-21 19:01:58
104,106,402,2020-10-21 19:00:58,2020-10-21 19:01:25
25,0,305,2020-10-21 19:01:05,2020-10-21 19:01:42
81,50,326,2020-10-21 19:01:09,2020-10-21 19:01:57
153,132,0,2020-10-21 19:01:15,2020-10-21 19:03:44
4,2,239,2020-10-21 19:01:17,2020-10-21 19:03:58
147,0,0,2020-10-21 19:01:19,2020-10-21 19:03:21
104,106,403,2020-10-21 19:01:25,2020-10-21 19:02:29
101,108,0,2020-10-21 19:01:25,2020-10-21 19:07:13
154,0,0,2020-10-21 19:01:28,2020-10-21 19:11:14
152,0,0,2020-10-21 19:01:28,2020-10-21 19:11:16
28,0,0,2020-10-21 19:01:31,2020-10-21 19:10:23
65,140,0,2020-10-21 19:01:40,2020-10-21 19:12:18
25,0,304,2020-10-21 19:01:42,2020-10-21 19:02:20
14,45,315,2020-10-21 19:01:43,2020-10-21 19:02:15
81,50,102,2020-10-21 19:01:57,2020-10-21 19:03:21
35,58,415,2020-10-21 19:01:58,2020-10-21 19:02:39
2,0,0,2020-10-21 19:01:59,2020-10-21 19:12:58
14,45,316,2020-10-21 19:02:15,2020-10-21 19:02:32
33,0,175,2020-10-21 19:02:20,2020-10-21 19:03:34
129,0,0,2020-10-21 19:02:20,2020-10-21 19:12:29
25,0,303,2020-10-21 19:02:20,2020-10-21 19:02:40
104,106,412,2020-10-21 19:02:29,2020-10-21 19:03:45
122,0,0,2020-10-21 19:02:29,2020-10-21 19:12:11
14,45,118,2020-10-21 19:02:32,2020-10-21 19:35:26
35,58,416,2020-10-21 19:02:39,2020-10-21 19:02:52
25,0,302,2020-10-21 19:02:40,2020-10-21 19:03:05
60,0,0,2020-10-21 19:02:44,2020-10-21 19:11:41
98,0,0,2020-10-21 19:02:49,2020-10-21 19:11:51
35,58,250,2020-10-21 19:02:52,2020-10-21 20:41:40
123,109,0,2020-10-21 19:03:00,2020-10-21 19:04:46
56,0,0,2020-10-21 19:03:02,2020-10-21 19:14:02
21,0,141,2020-10-21 19:03:03,2020-10-21 19:03:30
25,0,301,2020-10-21 19:03:05,2020-10-21 19:06:02
43,0,0,2020-10-21 19:03:14,2020-10-21 19:08:02
81,50,321,2020-10-21 19:03:21,2020-10-21 19:05:46
147,140,0,2020-10-21 19:03:21,2020-10-21 19:04:07
76,0,0,2020-10-21 19:03:24,2020-10-21 19:14:36
158,0,0,2020-10-21 19:03:30,2020-10-21 19:12:24
21,0,306,2020-10-21 19:03:30,2020-10-21 19:09:37
33,0,324,2020-10-21 19:03:34,2020-10-21 19:09:08
19,0,0,2020-10-21 19:03:35,2020-10-21 19:13:26
149,0,246,2020-10-21 19:03:40,2020-10-21 19:03:50
120,0,0,2020-10-21 19:03:41,2020-10-21 19:13:45
153,132,301,2020-10-21 19:03:44,2020-10-21 19:03:57
104,106,415,2020-10-21 19:03:45,2020-10-21 19:04:20
149,0,414,2020-10-21 19:03:50,2020-10-21 19:04:09
153,132,401,2020-10-21 19:03:57,2020-10-21 19:04:11
4,0,239,2020-10-21 19:03:58,2020-10-21 19:04:18
125,142,324,2020-10-21 19:03:59,2020-10-21 19:04:55
147,140,326,2020-10-21 19:04:07,2020-10-21 19:04:25
149,0,415,2020-10-21 19:04:09,2020-10-21 19:05:24
153,132,402,2020-10-21 19:04:11,2020-10-21 19:04:39
126,0,0,2020-10-21 19:04:14,2020-10-21 19:14:36
121,0,0,2020-10-21 19:04:15,2020-10-21 19:14:55
4,0,415,2020-10-21 19:04:18,2020-10-21 19:05:38
104,106,414,2020-10-21 19:04:20,2020-10-21 19:04:35
147,140,320,2020-10-21 19:04:25,2020-10-21 19:04:37
104,106,238,2020-10-21 19:04:35,2020-10-21 19:51:29
147,140,101,2020-10-21 19:04:37,2020-10-21 19:52:25
153,132,403,2020-10-21 19:04:39,2020-10-21 19:05:14
77,0,0,2020-10-21 19:04:40,2020-10-21 19:14:04
140,0,0,2020-10-21 19:04:41,2020-10-21 19:13:56
138,0,0,2020-10-21 19:04:41,2020-10-21 19:13:44
117,0,0,2020-10-21 19:04:44,2020-10-21 19:15:04
123,109,301,2020-10-21 19:04:46,2020-10-21 19:04:56
62,0,0,2020-10-21 19:04:46,2020-10-21 19:07:13
50,0,0,2020-10-21 19:04:50,2020-10-21 19:06:17
125,142,177,2020-10-21 19:04:55,2020-10-21 20:12:21
123,109,401,2020-10-21 19:04:56,2020-10-21 19:05:08
123,109,402,2020-10-21 19:05:08,2020-10-21 19:05:34
97,0,0,2020-10-21 19:05:11,2020-10-21 19:15:47
127,0,0,2020-10-21 19:05:12,2020-10-21 19:14:46
153,132,404,2020-10-21 19:05:14,2020-10-21 19:05:44
149,0,412,2020-10-21 19:05:24,2020-10-21 19:06:44
123,109,403,2020-10-21 19:05:34,2020-10-21 19:07:04
109,0,0,2020-10-21 19:05:36,2020-10-21 19:14:37
4,0,412,2020-10-21 19:05:38,2020-10-21 19:07:07
6,0,0,2020-10-21 19:05:40,2020-10-21 19:14:51
38,0,0,2020-10-21 19:05:42,2020-10-21 19:15:31
79,0,0,2020-10-21 19:05:44,2020-10-21 19:15:22
153,132,405,2020-10-21 19:05:44,2020-10-21 19:06:17
81,50,322,2020-10-21 19:05:46,2020-10-21 19:06:06
39,0,0,2020-10-21 19:05:47,2020-10-21 19:15:35
71,0,0,2020-10-21 19:05:53,2020-10-21 19:15:25
84,0,0,2020-10-21 19:05:54,2020-10-21 19:14:55
55,0,158,2020-10-21 19:05:55,2020-10-21 19:06:15
110,0,0,2020-10-21 19:05:58,2020-10-21 19:16:57
156,0,0,2020-10-21 19:06:01,2020-10-21 19:17:08
25,0,0,2020-10-21 19:06:02,2020-10-21 19:12:19
94,0,0,2020-10-21 19:06:05,2020-10-21 19:17:09
81,50,323,2020-10-21 19:06:06,2020-10-21 19:06:37
69,0,0,2020-10-21 19:06:08,2020-10-21 19:16:56
53,0,0,2020-10-21 19:06:08,2020-10-21 19:17:43
55,0,309,2020-10-21 19:06:15,2020-10-21 19:06:47
50,0,0,2020-10-21 19:06:17,2020-10-21 19:16:01
49,0,0,2020-10-21 19:06:17,2020-10-21 19:16:40
153,132,211,2020-10-21 19:06:17,2020-10-21 20:05:26
99,140,0,2020-10-21 19:06:21,2020-10-21 19:09:22
46,0,0,2020-10-21 19:06:22,2020-10-21 19:15:28
107,140,229,2020-10-21 19:06:33,2020-10-21 19:07:03
59,0,0,2020-10-21 19:06:37,2020-10-21 19:15:27
81,50,172,2020-10-21 19:06:37,2020-10-21 19:19:08
149,0,403,2020-10-21 19:06:44,2020-10-21 19:07:10
55,0,308,2020-10-21 19:06:47,2020-10-21 19:07:32
5,0,0,2020-10-21 19:07:00,2020-10-21 19:17:07
114,0,0,2020-10-21 19:07:02,2020-10-21 19:15:27
126,0,206,2020-10-21 19:07:03,2020-10-21 19:07:28
107,140,411,2020-10-21 19:07:03,2020-10-21 19:07:24
123,109,412,2020-10-21 19:07:04,2020-10-21 19:08:05
4,0,403,2020-10-21 19:07:07,2020-10-21 19:07:32
149,0,402,2020-10-21 19:07:10,2020-10-21 19:07:22
101,108,306,2020-10-21 19:07:13,2020-10-21 19:07:21
62,0,0,2020-10-21 19:07:13,2020-10-21 19:15:56
101,108,140,2020-10-21 19:07:21,2020-10-21 19:16:33
149,0,401,2020-10-21 19:07:22,2020-10-21 19:07:30
107,140,412,2020-10-21 19:07:24,2020-10-21 19:09:16
126,0,403,2020-10-21 19:07:28,2020-10-21 19:07:49
18,0,0,2020-10-21 19:07:28,2020-10-21 19:19:41
149,0,301,2020-10-21 19:07:30,2020-10-21 19:09:38
55,0,307,2020-10-21 19:07:32,2020-10-21 19:11:41
4,0,402,2020-10-21 19:07:32,2020-10-21 19:07:47
106,0,0,2020-10-21 19:07:35,2020-10-21 19:17:29
137,0,0,2020-10-21 19:07:41,2020-10-21 19:18:41
4,0,401,2020-10-21 19:07:47,2020-10-21 19:07:57
126,0,402,2020-10-21 19:07:49,2020-10-21 19:08:10
135,0,0,2020-10-21 19:07:52,2020-10-21 19:18:47
4,0,301,2020-10-21 19:07:57,2020-10-21 19:11:36
43,0,0,2020-10-21 19:08:02,2020-10-21 19:17:35
123,109,415,2020-10-21 19:08:05,2020-10-21 19:08:28
126,0,401,2020-10-21 19:08:10,2020-10-21 19:08:20
126,0,301,2020-10-21 19:08:20,2020-10-21 19:11:15
141,125,255,2020-10-21 19:08:21,2020-10-21 19:09:19
92,0,203,2020-10-21 19:08:22,2020-10-21 19:08:48
146,0,229,2020-10-21 19:08:28,2020-10-21 19:08:56
123,109,239,2020-10-21 19:08:28,2020-10-21 19:15:05
92,0,402,2020-10-21 19:08:48,2020-10-21 19:09:00
146,0,411,2020-10-21 19:08:56,2020-10-21 19:09:20
86,0,0,2020-10-21 19:09:00,2020-10-21 19:19:07
92,0,401,2020-10-21 19:09:00,2020-10-21 19:09:11
90,0,0,2020-10-21 19:09:00,2020-10-21 19:20:29
75,34,0,2020-10-21 19:09:00,2020-10-21 19:15:06
66,0,0,2020-10-21 19:09:07,2020-10-21 19:18:55
33,0,0,2020-10-21 19:09:08,2020-10-21 19:10:50
93,0,175,2020-10-21 19:09:11,2020-10-21 19:10:25
92,0,301,2020-10-21 19:09:11,2020-10-21 19:11:28
107,140,403,2020-10-21 19:09:16,2020-10-21 19:10:05
141,125,418,2020-10-21 19:09:19,2020-10-21 19:09:28
146,0,412,2020-10-21 19:09:20,2020-10-21 19:10:44
99,140,301,2020-10-21 19:09:22,2020-10-21 19:09:33
141,125,419,2020-10-21 19:09:28,2020-10-21 19:09:54
103,0,220,2020-10-21 19:09:31,2020-10-21 19:09:49
99,140,401,2020-10-21 19:09:33,2020-10-21 19:09:48
31,0,0,2020-10-21 19:09:33,2020-10-21 19:19:57
21,0,0,2020-10-21 19:09:37,2020-10-21 19:12:30
92,64,0,2020-10-21 19:09:37,2020-10-21 19:13:08
149,0,0,2020-10-21 19:09:38,2020-10-21 19:13:50
118,0,0,2020-10-21 19:09:38,2020-10-21 19:20:15
37,19,0,2020-10-21 19:09:40,2020-10-21 19:10:11
136,0,0,2020-10-21 19:09:43,2020-10-21 19:18:47
99,140,402,2020-10-21 19:09:48,2020-10-21 19:10:15
103,0,403,2020-10-21 19:09:49,2020-10-21 19:10:14
141,125,421,2020-10-21 19:09:54,2020-10-21 19:11:52
74,0,0,2020-10-21 19:10:00,2020-10-21 19:22:10
40,0,0,2020-10-21 19:10:00,2020-10-21 19:18:35
107,140,404,2020-10-21 19:10:05,2020-10-21 19:10:26
143,0,175,2020-10-21 19:10:08,2020-10-21 19:11:22
37,19,326,2020-10-21 19:10:11,2020-10-21 19:10:33
100,0,0,2020-10-21 19:10:12,2020-10-21 19:19:36
139,142,145,2020-10-21 19:10:13,2020-10-21 19:11:14
88,0,0,2020-10-21 19:10:14,2020-10-21 19:21:11
103,0,402,2020-10-21 19:10:14,2020-10-21 19:10:29
64,0,0,2020-10-21 19:10:14,2020-10-21 19:19:34
99,140,403,2020-10-21 19:10:15,2020-10-21 19:11:03
28,0,0,2020-10-21 19:10:23,2020-10-21 19:18:41
93,0,324,2020-10-21 19:10:25,2020-10-21 19:15:59
107,140,405,2020-10-21 19:10:26,2020-10-21 19:11:12
103,0,401,2020-10-21 19:10:29,2020-10-21 19:10:38
37,19,320,2020-10-21 19:10:33,2020-10-21 19:11:51
103,0,301,2020-10-21 19:10:38,2020-10-21 19:13:46
146,0,403,2020-10-21 19:10:44,2020-10-21 19:11:09
96,0,0,2020-10-21 19:10:47,2020-10-21 19:19:49
33,0,0,2020-10-21 19:10:50,2020-10-21 19:19:13
45,0,0,2020-10-21 19:10:57,2020-10-21 19:18:18
145,0,247,2020-10-21 19:10:57,2020-10-21 19:11:25
63,0,0,2020-10-21 19:11:02,2020-10-21 19:23:03
99,140,404,2020-10-21 19:11:03,2020-10-21 19:11:22
146,0,402,2020-10-21 19:11:09,2020-10-21 19:11:31
107,140,406,2020-10-21 19:11:12,2020-10-21 19:11:44
56,0,320,2020-10-21 19:11:14,2020-10-21 19:11:37
139,142,321,2020-10-21 19:11:14,2020-10-21 19:14:03
154,0,0,2020-10-21 19:11:14,2020-10-21 19:21:44
126,0,0,2020-10-21 19:11:15,2020-10-21 19:17:37
152,0,0,2020-10-21 19:11:16,2020-10-21 19:21:25
68,0,0,2020-10-21 19:11:17,2020-10-21 19:19:54
115,0,0,2020-10-21 19:11:18,2020-10-21 19:21:40
143,0,324,2020-10-21 19:11:22,2020-10-21 19:16:56
99,140,405,2020-10-21 19:11:22,2020-10-21 19:12:12
145,0,414,2020-10-21 19:11:25,2020-10-21 19:11:54
92,0,0,2020-10-21 19:11:28,2020-10-21 19:19:35
146,0,401,2020-10-21 19:11:31,2020-10-21 19:11:38
4,0,0,2020-10-21 19:11:36,2020-10-21 19:15:00
56,0,326,2020-10-21 19:11:37,2020-10-21 19:12:25
146,0,301,2020-10-21 19:11:38,2020-10-21 19:15:41
55,0,0,2020-10-21 19:11:41,2020-10-21 19:16:31
60,12,0,2020-10-21 19:11:41,2020-10-21 19:12:33
107,140,407,2020-10-21 19:11:44,2020-10-21 19:12:31
105,0,0,2020-10-21 19:11:48,2020-10-21 19:21:27
98,0,0,2020-10-21 19:11:51,2020-10-21 19:20:31
37,19,315,2020-10-21 19:11:51,2020-10-21 19:12:17
141,125,325,2020-10-21 19:11:52,2020-10-21 19:12:38
145,0,415,2020-10-21 19:11:54,2020-10-21 19:12:42
122,0,0,2020-10-21 19:12:11,2020-10-21 19:22:18
99,140,406,2020-10-21 19:12:12,2020-10-21 19:12:43
37,19,316,2020-10-21 19:12:17,2020-10-21 19:12:45
65,140,313,2020-10-21 19:12:18,2020-10-21 19:13:22
25,0,0,2020-10-21 19:12:19,2020-10-21 19:23:50
158,0,0,2020-10-21 19:12:24,2020-10-21 19:22:13
56,0,0,2020-10-21 19:12:25,2020-10-21 19:03:02
129,0,0,2020-10-21 19:12:29,2020-10-21 19:21:23
21,0,0,2020-10-21 19:12:30,2020-10-21 19:21:48
107,140,216,2020-10-21 19:12:31,2020-10-21 19:13:31
60,12,326,2020-10-21 19:12:33,2020-10-21 19:12:57
141,125,322,2020-10-21 19:12:38,2020-10-21 19:12:58
145,0,412,2020-10-21 19:12:42,2020-10-21 19:14:08
99,140,407,2020-10-21 19:12:43,2020-10-21 19:13:42
160,0,227,2020-10-21 19:12:45,2020-10-21 19:13:13
37,19,106,2020-10-21 19:12:45,2020-10-21 20:42:31
60,12,320,2020-10-21 19:12:57,2020-10-21 19:14:05
2,0,0,2020-10-21 19:12:58,2020-10-21 19:22:02
141,125,323,2020-10-21 19:12:58,2020-10-21 19:13:19
92,64,301,2020-10-21 19:13:08,2020-10-21 19:13:16
155,133,207,2020-10-21 19:13:12,2020-10-21 19:46:17
160,0,406,2020-10-21 19:13:13,2020-10-21 19:14:01
157,0,233,2020-10-21 19:13:14,2020-10-21 19:13:59
92,64,401,2020-10-21 19:13:16,2020-10-21 19:13:33
12,0,252,2020-10-21 19:13:18,2020-10-21 19:14:00
141,125,172,2020-10-21 19:13:19,2020-10-21 19:31:29
65,140,163,2020-10-21 19:13:22,2020-10-21 19:54:47
137,0,105,2020-10-21 19:13:23,2020-10-21 19:13:52
19,0,0,2020-10-21 19:13:26,2020-10-21 19:24:32
102,0,152,2020-10-21 19:13:29,2020-10-21 19:14:31
107,140,408,2020-10-21 19:13:31,2020-10-21 19:14:14
92,64,402,2020-10-21 19:13:33,2020-10-21 19:13:56
99,140,214,2020-10-21 19:13:42,2020-10-21 20:06:58
138,0,0,2020-10-21 19:13:44,2020-10-21 19:23:35
120,0,0,2020-10-21 19:13:45,2020-10-21 19:23:58
103,0,0,2020-10-21 19:13:46,2020-10-21 19:20:26
149,0,0,2020-10-21 19:13:50,2020-10-21 19:24:19
137,0,315,2020-10-21 19:13:52,2020-10-21 19:15:04
92,64,203,2020-10-21 19:13:56,2020-10-21 19:08:22
140,0,0,2020-10-21 19:13:56,2020-10-21 19:24:32
157,0,412,2020-10-21 19:13:59,2020-10-21 19:15:26
12,0,421,2020-10-21 19:14:00,2020-10-21 19:15:24
160,0,405,2020-10-21 19:14:01,2020-10-21 19:14:25
56,86,0,2020-10-21 19:14:02,2020-10-21 19:16:48
139,142,322,2020-10-21 19:14:03,2020-10-21 19:14:27
77,0,0,2020-10-21 19:14:04,2020-10-21 19:23:01
34,0,169,2020-10-21 19:14:05,2020-10-21 19:14:34
60,12,315,2020-10-21 19:14:05,2020-10-21 19:15:27
145,0,403,2020-10-21 19:14:08,2020-10-21 19:14:30
107,140,410,2020-10-21 19:14:14,2020-10-21 19:14:27
160,0,404,2020-10-21 19:14:25,2020-10-21 19:15:12
107,140,313,2020-10-21 19:14:27,2020-10-21 19:15:32
139,142,323,2020-10-21 19:14:27,2020-10-21 19:16:22
145,0,402,2020-10-21 19:14:30,2020-10-21 19:14:45
102,0,310,2020-10-21 19:14:31,2020-10-21 19:14:41
34,0,323,2020-10-21 19:14:34,2020-10-21 19:14:56
76,0,0,2020-10-21 19:14:36,2020-10-21 19:24:02
126,0,0,2020-10-21 19:14:36,2020-10-21 19:24:23
134,0,139,2020-10-21 19:14:37,2020-10-21 19:15:06
109,0,0,2020-10-21 19:14:37,2020-10-21 19:25:54
102,0,309,2020-10-21 19:14:41,2020-10-21 19:14:58
119,0,169,2020-10-21 19:14:44,2020-10-21 19:15:13
145,0,401,2020-10-21 19:14:45,2020-10-21 19:14:58
127,0,0,2020-10-21 19:14:46,2020-10-21 19:26:20
6,0,0,2020-10-21 19:14:51,2020-10-21 19:26:17
84,0,0,2020-10-21 19:14:55,2020-10-21 19:25:01
121,0,0,2020-10-21 19:14:55,2020-10-21 19:24:24
34,0,322,2020-10-21 19:14:56,2020-10-21 19:15:46
145,0,301,2020-10-21 19:14:58,2020-10-21 19:17:07
102,0,308,2020-10-21 19:14:58,2020-10-21 19:15:55
4,0,0,2020-10-21 19:15:00,2020-10-21 19:26:20
137,0,320,2020-10-21 19:15:04,2020-10-21 19:15:32
117,0,0,2020-10-21 19:15:04,2020-10-21 19:25:52
123,0,239,2020-10-21 19:15:05,2020-10-21 19:15:25
75,34,325,2020-10-21 19:15:06,2020-10-21 19:16:17
134,0,306,2020-10-21 19:15:06,2020-10-21 19:19:30
160,0,403,2020-10-21 19:15:12,2020-10-21 19:15:36
119,0,323,2020-10-21 19:15:13,2020-10-21 19:15:35
79,0,0,2020-10-21 19:15:22,2020-10-21 19:26:03
12,0,325,2020-10-21 19:15:24,2020-10-21 19:21:04
71,0,0,2020-10-21 19:15:25,2020-10-21 19:25:28
123,0,415,2020-10-21 19:15:25,2020-10-21 19:16:45
157,0,403,2020-10-21 19:15:26,2020-10-21 19:15:52
59,0,0,2020-10-21 19:15:27,2020-10-21 19:25:04
60,12,303,2020-10-21 19:15:27,2020-10-21 19:15:48
114,0,0,2020-10-21 19:15:27,2020-10-21 19:24:52
46,0,0,2020-10-21 19:15:28,2020-10-21 19:25:57
38,0,0,2020-10-21 19:15:31,2020-10-21 19:26:01
107,140,163,2020-10-21 19:15:32,2020-10-21 19:52:51
137,0,326,2020-10-21 19:15:32,2020-10-21 19:16:18
39,0,0,2020-10-21 19:15:35,2020-10-21 19:25:35
119,0,322,2020-10-21 19:15:35,2020-10-21 19:16:25
160,0,402,2020-10-21 19:15:36,2020-10-21 19:15:57
146,0,0,2020-10-21 19:15:41,2020-10-21 19:18:02
34,0,325,2020-10-21 19:15:46,2020-10-21 19:19:56
97,0,0,2020-10-21 19:15:47,2020-10-21 19:25:32
60,12,123,2020-10-21 19:15:48,2020-10-21 19:57:55
157,0,402,2020-10-21 19:15:52,2020-10-21 19:16:07
102,0,307,2020-10-21 19:15:55,2020-10-21 19:20:56
62,0,0,2020-10-21 19:15:56,2020-10-21 19:26:35
160,0,401,2020-10-21 19:15:57,2020-10-21 19:16:06
93,0,0,2020-10-21 19:15:59,2020-10-21 19:19:13
50,0,0,2020-10-21 19:16:01,2020-10-21 19:26:37
160,0,301,2020-10-21 19:16:06,2020-10-21 19:19:15
157,0,401,2020-10-21 19:16:07,2020-10-21 19:16:14
157,0,301,2020-10-21 19:16:14,2020-10-21 19:18:55
75,34,421,2020-10-21 19:16:17,2020-10-21 19:16:48
48,0,227,2020-10-21 19:16:17,2020-10-21 19:16:45
137,0,0,2020-10-21 19:16:18,2020-10-21 19:25:09
139,142,324,2020-10-21 19:16:22,2020-10-21 19:18:22
119,0,325,2020-10-21 19:16:25,2020-10-21 19:20:35
55,0,0,2020-10-21 19:16:31,2020-10-21 19:26:08
101,0,140,2020-10-21 19:16:33,2020-10-21 19:16:43
49,0,0,2020-10-21 19:16:40,2020-10-21 19:24:02
101,0,306,2020-10-21 19:16:43,2020-10-21 19:17:14
48,0,406,2020-10-21 19:16:45,2020-10-21 19:17:33
123,0,412,2020-10-21 19:16:45,2020-10-21 19:18:14
56,86,301,2020-10-21 19:16:48,2020-10-21 19:16:58
75,34,419,2020-10-21 19:16:48,2020-10-21 19:16:58
143,0,0,2020-10-21 19:16:56,2020-10-21 19:21:37
69,0,0,2020-10-21 19:16:56,2020-10-21 19:27:00
110,0,0,2020-10-21 19:16:57,2020-10-21 19:24:57
56,86,401,2020-10-21 19:16:58,2020-10-21 19:17:13
75,34,418,2020-10-21 19:16:58,2020-10-21 19:17:36
5,11,0,2020-10-21 19:17:07,2020-10-21 19:24:35
145,0,0,2020-10-21 19:17:07,2020-10-21 19:21:57
156,131,0,2020-10-21 19:17:08,2020-10-21 19:19:54
94,80,0,2020-10-21 19:17:09,2020-10-21 19:17:56
56,86,402,2020-10-21 19:17:13,2020-10-21 19:17:48
101,0,305,2020-10-21 19:17:14,2020-10-21 19:17:45
16,0,218,2020-10-21 19:17:15,2020-10-21 19:17:34
106,0,0,2020-10-21 19:17:29,2020-10-21 19:27:15
48,0,405,2020-10-21 19:17:33,2020-10-21 19:17:57
16,0,401,2020-10-21 19:17:34,2020-10-21 19:17:45
43,0,0,2020-10-21 19:17:35,2020-10-21 19:26:52
75,34,255,2020-10-21 19:17:36,2020-10-21 20:13:00
126,0,0,2020-10-21 19:17:37,2020-10-21 19:25:42
53,0,0,2020-10-21 19:17:43,2020-10-21 19:26:20
101,0,304,2020-10-21 19:17:45,2020-10-21 19:18:16
16,0,301,2020-10-21 19:17:45,2020-10-21 19:21:05
56,86,403,2020-10-21 19:17:48,2020-10-21 19:18:50
94,80,326,2020-10-21 19:17:56,2020-10-21 19:18:44
48,0,404,2020-10-21 19:17:57,2020-10-21 19:18:44
146,0,0,2020-10-21 19:18:02,2020-10-21 19:27:58
123,0,403,2020-10-21 19:18:14,2020-10-21 19:18:39
101,0,303,2020-10-21 19:18:16,2020-10-21 19:19:48
45,56,0,2020-10-21 19:18:18,2020-10-21 19:18:56
139,142,313,2020-10-21 19:18:22,2020-10-21 19:18:28
95,34,124,2020-10-21 19:18:27,2020-10-21 19:18:53
139,142,410,2020-10-21 19:18:28,2020-10-21 19:18:55
40,0,0,2020-10-21 19:18:35,2020-10-21 19:28:35
123,0,402,2020-10-21 19:18:39,2020-10-21 19:18:54
28,0,0,2020-10-21 19:18:41,2020-10-21 19:27:50
137,123,0,2020-10-21 19:18:41,2020-10-21 19:19:27
94,80,102,2020-10-21 19:18:44,2020-10-21 19:20:08
48,0,403,2020-10-21 19:18:44,2020-10-21 19:19:08
136,0,0,2020-10-21 19:18:47,2020-10-21 19:27:11
135,0,0,2020-10-21 19:18:47,2020-10-21 19:27:36
56,86,412,2020-10-21 19:18:50,2020-10-21 19:19:17
95,34,304,2020-10-21 19:18:53,2020-10-21 19:19:26
123,0,401,2020-10-21 19:18:54,2020-10-21 19:19:04
66,0,0,2020-10-21 19:18:55,2020-10-21 19:28:26
157,0,0,2020-10-21 19:18:55,2020-10-21 19:22:16
139,142,215,2020-10-21 19:18:55,2020-10-21 20:51:01
45,56,326,2020-10-21 19:18:56,2020-10-21 19:19:18
123,0,301,2020-10-21 19:19:04,2020-10-21 19:22:43
86,0,0,2020-10-21 19:19:07,2020-10-21 19:30:08
81,19,172,2020-10-21 19:19:08,2020-10-21 19:19:32
48,0,402,2020-10-21 19:19:08,2020-10-21 19:19:29
33,0,0,2020-10-21 19:19:13,2020-10-21 19:27:46
93,0,0,2020-10-21 19:19:13,2020-10-21 19:28:54
160,0,0,2020-10-21 19:19:15,2020-10-21 19:22:16
56,86,411,2020-10-21 19:19:17,2020-10-21 19:19:28
45,56,320,2020-10-21 19:19:18,2020-10-21 19:19:43
95,34,305,2020-10-21 19:19:26,2020-10-21 19:19:56
137,123,326,2020-10-21 19:19:27,2020-10-21 19:19:44
56,86,235,2020-10-21 19:19:28,2020-10-21 19:34:25
48,0,401,2020-10-21 19:19:29,2020-10-21 19:19:38
134,0,0,2020-10-21 19:19:30,2020-10-21 19:24:20
81,19,323,2020-10-21 19:19:32,2020-10-21 19:19:50
64,0,0,2020-10-21 19:19:34,2020-10-21 19:30:41
92,0,0,2020-10-21 19:19:35,2020-10-21 19:29:23
100,0,0,2020-10-21 19:19:36,2020-10-21 19:29:11
48,0,301,2020-10-21 19:19:38,2020-10-21 19:22:47
18,0,0,2020-10-21 19:19:41,2020-10-21 19:29:28
45,56,142,2020-10-21 19:19:43,2020-10-21 19:33:22
137,123,320,2020-10-21 19:19:44,2020-10-21 19:21:08
101,0,315,2020-10-21 19:19:48,2020-10-21 19:21:24
96,0,0,2020-10-21 19:19:49,2020-10-21 19:30:21
81,19,322,2020-10-21 19:19:50,2020-10-21 19:20:37
68,0,0,2020-10-21 19:19:54,2020-10-21 19:29:59
156,131,301,2020-10-21 19:19:54,2020-10-21 19:20:04
34,0,0,2020-10-21 19:19:56,2020-10-21 19:23:05
95,34,306,2020-10-21 19:19:56,2020-10-21 19:20:50
31,0,0,2020-10-21 19:19:57,2020-10-21 19:29:14
85,0,210,2020-10-21 19:20:03,2020-10-21 19:20:28
156,131,401,2020-10-21 19:20:04,2020-10-21 19:20:19
94,80,321,2020-10-21 19:20:08,2020-10-21 19:22:33
118,0,0,2020-10-21 19:20:15,2020-10-21 19:30:32
156,131,402,2020-10-21 19:20:19,2020-10-21 19:20:54
103,0,0,2020-10-21 19:20:26,2020-10-21 19:30:05
85,0,405,2020-10-21 19:20:28,2020-10-21 19:21:00
90,0,0,2020-10-21 19:20:29,2020-10-21 19:31:27
98,0,0,2020-10-21 19:20:31,2020-10-21 19:30:41
119,0,0,2020-10-21 19:20:35,2020-10-21 19:26:12
81,19,319,2020-10-21 19:20:37,2020-10-21 19:21:22
95,34,307,2020-10-21 19:20:50,2020-10-21 19:21:36
156,131,403,2020-10-21 19:20:54,2020-10-21 19:21:56
102,0,0,2020-10-21 19:20:56,2020-10-21 19:23:03
85,0,404,2020-10-21 19:21:00,2020-10-21 19:21:49
12,0,0,2020-10-21 19:21:04,2020-10-21 19:21:45
16,0,0,2020-10-21 19:21:05,2020-10-21 19:26:31
137,123,315,2020-10-21 19:21:08,2020-10-21 19:21:45
88,0,0,2020-10-21 19:21:11,2020-10-21 19:32:42
81,19,318,2020-10-21 19:21:22,2020-10-21 19:21:52
129,0,0,2020-10-21 19:21:23,2020-10-21 19:30:45
101,0,320,2020-10-21 19:21:24,2020-10-21 19:21:41
152,132,0,2020-10-21 19:21:25,2020-10-21 19:24:16
105,0,0,2020-10-21 19:21:27,2020-10-21 19:31:57
130,0,220,2020-10-21 19:21:30,2020-10-21 19:21:48
95,34,308,2020-10-21 19:21:36,2020-10-21 19:22:10
143,0,0,2020-10-21 19:21:37,2020-10-21 19:30:58
115,0,0,2020-10-21 19:21:40,2020-10-21 19:31:51
101,0,326,2020-10-21 19:21:41,2020-10-21 19:22:46
154,0,0,2020-10-21 19:21:44,2020-10-21 19:33:10
12,0,0,2020-10-21 19:21:45,2020-10-21 19:31:15
137,123,105,2020-10-21 19:21:45,2020-10-21 19:13:23
21,0,0,2020-10-21 19:21:48,2020-10-21 19:31:27
130,0,403,2020-10-21 19:21:48,2020-10-21 19:22:13
85,0,403,2020-10-21 19:21:49,2020-10-21 19:22:10
81,19,308,2020-10-21 19:21:52,2020-10-21 19:22:47
156,131,412,2020-10-21 19:21:56,2020-10-21 19:22:23
145,-1,0,2020-10-21 19:21:57,2020-10-21 23:59:59
138,0,313,2020-10-21 19:22:01,2020-10-21 19:31:45
138,0,162,2020-10-21 19:22:01,2020-10-21 19:22:01
2,0,0,2020-10-21 19:22:02,2020-10-21 19:33:05
74,0,0,2020-10-21 19:22:10,2020-10-21 19:32:30
95,34,318,2020-10-21 19:22:10,2020-10-21 19:22:50
85,0,402,2020-10-21 19:22:10,2020-10-21 19:22:25
158,0,0,2020-10-21 19:22:13,2020-10-21 19:31:22
130,0,402,2020-10-21 19:22:13,2020-10-21 19:22:28
160,0,0,2020-10-21 19:22:16,2020-10-21 19:32:19
157,0,0,2020-10-21 19:22:16,2020-10-21 19:31:12
122,0,0,2020-10-21 19:22:18,2020-10-21 19:33:04
156,131,411,2020-10-21 19:22:23,2020-10-21 19:22:34
85,0,401,2020-10-21 19:22:25,2020-10-21 19:22:34
130,0,401,2020-10-21 19:22:28,2020-10-21 19:22:37
94,80,322,2020-10-21 19:22:33,2020-10-21 19:22:53
85,0,301,2020-10-21 19:22:34,2020-10-21 19:26:24
156,131,235,2020-10-21 19:22:34,2020-10-21 19:54:12
130,0,301,2020-10-21 19:22:37,2020-10-21 19:25:45
123,0,0,2020-10-21 19:22:43,2020-10-21 19:24:34
101,0,0,2020-10-21 19:22:46,2020-10-21 19:25:58
81,19,312,2020-10-21 19:22:47,2020-10-21 19:22:57
48,0,0,2020-10-21 19:22:47,2020-10-21 19:24:32
51,0,142,2020-10-21 19:22:48,2020-10-21 19:23:17
95,34,319,2020-10-21 19:22:50,2020-10-21 19:23:46
94,80,323,2020-10-21 19:22:53,2020-10-21 19:23:24
81,19,409,2020-10-21 19:22:57,2020-10-21 19:23:25
77,0,0,2020-10-21 19:23:01,2020-10-21 19:32:41
63,0,0,2020-10-21 19:23:03,2020-10-21 19:32:41
102,140,0,2020-10-21 19:23:03,2020-10-21 19:30:03
34,0,0,2020-10-21 19:23:05,2020-10-21 19:34:00
51,0,320,2020-10-21 19:23:17,2020-10-21 19:23:37
94,80,172,2020-10-21 19:23:24,2020-10-21 19:29:34
81,19,407,2020-10-21 19:23:25,2020-10-21 19:23:57
138,0,0,2020-10-21 19:23:35,2020-10-21 19:33:10
51,0,326,2020-10-21 19:23:37,2020-10-21 19:24:32
95,34,322,2020-10-21 19:23:46,2020-10-21 19:24:08
25,0,0,2020-10-21 19:23:50,2020-10-21 19:33:13
81,19,406,2020-10-21 19:23:57,2020-10-21 19:24:11
120,0,0,2020-10-21 19:23:58,2020-10-21 19:33:25
76,0,0,2020-10-21 19:24:02,2020-10-21 19:32:34
49,0,0,2020-10-21 19:24:02,2020-10-21 19:35:06
133,0,225,2020-10-21 19:24:04,2020-10-21 19:24:20
95,34,323,2020-10-21 19:24:08,2020-10-21 19:24:42
81,19,212,2020-10-21 19:24:11,2020-10-21 19:35:30
152,132,301,2020-10-21 19:24:16,2020-10-21 19:24:26
149,131,0,2020-10-21 19:24:19,2020-10-21 19:29:45
134,0,0,2020-10-21 19:24:20,2020-10-21 19:33:40
133,0,405,2020-10-21 19:24:20,2020-10-21 19:24:57
126,96,0,2020-10-21 19:24:23,2020-10-21 19:26:52
121,0,0,2020-10-21 19:24:24,2020-10-21 19:34:37
152,132,401,2020-10-21 19:24:26,2020-10-21 19:24:45
140,0,0,2020-10-21 19:24:32,2020-10-21 19:33:06
51,0,0,2020-10-21 19:24:32,2020-10-21 19:31:06
48,0,0,2020-10-21 19:24:32,2020-10-21 19:34:02
19,0,0,2020-10-21 19:24:32,2020-10-21 19:34:30
123,0,0,2020-10-21 19:24:34,2020-10-21 19:37:38
5,11,312,2020-10-21 19:24:35,2020-10-21 19:25:23
95,34,169,2020-10-21 19:24:42,2020-10-21 19:28:56
152,132,402,2020-10-21 19:24:45,2020-10-21 19:25:14
114,0,0,2020-10-21 19:24:52,2020-10-21 19:35:38
133,0,404,2020-10-21 19:24:57,2020-10-21 19:25:33
110,0,0,2020-10-21 19:24:57,2020-10-21 19:35:20
84,0,0,2020-10-21 19:25:01,2020-10-21 19:34:32
59,0,0,2020-10-21 19:25:04,2020-10-21 19:34:03
137,0,0,2020-10-21 19:25:09,2020-10-21 19:36:21
152,132,403,2020-10-21 19:25:14,2020-10-21 19:25:24
5,11,308,2020-10-21 19:25:23,2020-10-21 19:25:45
152,132,204,2020-10-21 19:25:24,2020-10-21 21:19:19
131,0,127,2020-10-21 19:25:26,2020-10-21 19:25:56
71,0,0,2020-10-21 19:25:28,2020-10-21 19:36:44
9,0,111,2020-10-21 19:25:29,2020-10-21 19:25:43
97,0,0,2020-10-21 19:25:32,2020-10-21 19:37:21
133,0,403,2020-10-21 19:25:33,2020-10-21 19:26:05
39,0,0,2020-10-21 19:25:35,2020-10-21 19:35:05
148,139,155,2020-10-21 19:25:42,2020-10-21 19:25:47
126,0,0,2020-10-21 19:25:42,2020-10-21 19:36:44
9,0,314,2020-10-21 19:25:43,2020-10-21 19:26:13
130,0,0,2020-10-21 19:25:45,2020-10-21 19:32:27
5,11,149,2020-10-21 19:25:45,2020-10-21 19:26:17
148,139,308,2020-10-21 19:25:47,2020-10-21 19:26:16
117,0,0,2020-10-21 19:25:52,2020-10-21 19:35:56
109,0,0,2020-10-21 19:25:54,2020-10-21 19:36:33
131,0,305,2020-10-21 19:25:56,2020-10-21 19:26:23
46,0,0,2020-10-21 19:25:57,2020-10-21 19:36:24
101,0,0,2020-10-21 19:25:58,2020-10-21 19:35:50
38,0,0,2020-10-21 19:26:01,2020-10-21 19:36:57
79,0,0,2020-10-21 19:26:03,2020-10-21 19:37:05
133,0,402,2020-10-21 19:26:05,2020-10-21 19:26:20
55,0,0,2020-10-21 19:26:08,2020-10-21 19:35:35
119,0,0,2020-10-21 19:26:12,2020-10-21 19:34:55
9,0,315,2020-10-21 19:26:13,2020-10-21 19:27:40
148,139,307,2020-10-21 19:26:16,2020-10-21 19:27:02
6,0,0,2020-10-21 19:26:17,2020-10-21 19:36:05
5,0,149,2020-10-21 19:26:17,2020-10-21 19:26:40
53,20,0,2020-10-21 19:26:20,2020-10-21 19:31:46
4,0,0,2020-10-21 19:26:20,2020-10-21 19:36:35
133,0,401,2020-10-21 19:26:20,2020-10-21 19:26:30
127,0,0,2020-10-21 19:26:20,2020-10-21 19:34:58
131,0,304,2020-10-21 19:26:23,2020-10-21 19:26:57
85,0,0,2020-10-21 19:26:24,2020-10-21 19:30:03
133,0,301,2020-10-21 19:26:30,2020-10-21 19:29:21
44,0,204,2020-10-21 19:26:31,2020-10-21 19:26:46
16,0,0,2020-10-21 19:26:31,2020-10-21 19:36:48
62,0,0,2020-10-21 19:26:35,2020-10-21 19:35:25
50,0,0,2020-10-21 19:26:37,2020-10-21 19:36:25
5,0,308,2020-10-21 19:26:40,2020-10-21 19:27:25
44,0,403,2020-10-21 19:26:46,2020-10-21 19:27:22
126,96,301,2020-10-21 19:26:52,2020-10-21 19:27:00
43,0,0,2020-10-21 19:26:52,2020-10-21 19:37:27
131,0,303,2020-10-21 19:26:57,2020-10-21 19:27:13
70,0,176,2020-10-21 19:26:57,2020-10-21 19:28:04
69,0,0,2020-10-21 19:27:00,2020-10-21 19:37:34
126,96,401,2020-10-21 19:27:00,2020-10-21 19:27:18
148,139,306,2020-10-21 19:27:02,2020-10-21 19:27:31
136,0,0,2020-10-21 19:27:11,2020-10-21 19:37:48
131,0,302,2020-10-21 19:27:13,2020-10-21 19:27:41
106,0,0,2020-10-21 19:27:15,2020-10-21 19:35:35
126,96,402,2020-10-21 19:27:18,2020-10-21 19:27:46
36,0,232,2020-10-21 19:27:18,2020-10-21 19:27:53
44,0,402,2020-10-21 19:27:22,2020-10-21 19:27:36
5,0,307,2020-10-21 19:27:25,2020-10-21 19:33:20
15,0,103,2020-10-21 19:27:31,2020-10-21 19:27:41
148,139,305,2020-10-21 19:27:31,2020-10-21 19:28:02
135,0,0,2020-10-21 19:27:36,2020-10-21 19:37:49
44,0,401,2020-10-21 19:27:36,2020-10-21 19:27:46
9,0,320,2020-10-21 19:27:40,2020-10-21 19:28:01
15,0,314,2020-10-21 19:27:41,2020-10-21 19:28:06
131,0,301,2020-10-21 19:27:41,2020-10-21 19:30:26
33,0,0,2020-10-21 19:27:46,2020-10-21 19:37:45
44,0,301,2020-10-21 19:27:46,2020-10-21 19:29:53
126,96,403,2020-10-21 19:27:46,2020-10-21 19:28:33
28,16,0,2020-10-21 19:27:50,2020-10-21 19:37:43
36,0,412,2020-10-21 19:27:53,2020-10-21 19:28:41
146,0,0,2020-10-21 19:27:58,2020-10-21 19:39:08
8,0,171,2020-10-21 19:28:01,2020-10-21 19:28:17
9,0,326,2020-10-21 19:28:01,2020-10-21 19:28:45
148,139,304,2020-10-21 19:28:02,2020-10-21 19:28:23
70,0,324,2020-10-21 19:28:04,2020-10-21 19:34:24
15,0,315,2020-10-21 19:28:06,2020-10-21 19:29:16
8,0,322,2020-10-21 19:28:17,2020-10-21 19:29:16
148,139,135,2020-10-21 19:28:23,2020-10-21 20:02:13
66,0,0,2020-10-21 19:28:26,2020-10-21 19:37:48
126,96,206,2020-10-21 19:28:33,2020-10-21 19:07:03
40,0,0,2020-10-21 19:28:35,2020-10-21 19:38:26
36,0,403,2020-10-21 19:28:41,2020-10-21 19:29:04
9,0,0,2020-10-21 19:28:45,2020-10-21 19:34:56
93,61,0,2020-10-21 19:28:54,2020-10-21 19:32:28
95,0,169,2020-10-21 19:28:56,2020-10-21 19:29:25
36,0,402,2020-10-21 19:29:04,2020-10-21 19:29:21
32,0,126,2020-10-21 19:29:05,2020-10-21 19:29:22
100,0,0,2020-10-21 19:29:11,2020-10-21 19:40:26
31,0,0,2020-10-21 19:29:14,2020-10-21 19:39:45
8,0,325,2020-10-21 19:29:16,2020-10-21 19:34:25
15,0,320,2020-10-21 19:29:16,2020-10-21 19:29:37
36,0,401,2020-10-21 19:29:21,2020-10-21 19:29:29
133,0,0,2020-10-21 19:29:21,2020-10-21 19:33:07
32,0,305,2020-10-21 19:29:22,2020-10-21 19:29:50
92,0,0,2020-10-21 19:29:23,2020-10-21 19:38:42
95,0,323,2020-10-21 19:29:25,2020-10-21 19:29:47
18,0,0,2020-10-21 19:29:28,2020-10-21 19:39:33
36,0,301,2020-10-21 19:29:29,2020-10-21 19:31:31
94,0,172,2020-10-21 19:29:34,2020-10-21 19:30:02
15,0,326,2020-10-21 19:29:37,2020-10-21 19:30:22
102,0,217,2020-10-21 19:29:40,2020-10-21 19:31:06
11,0,148,2020-10-21 19:29:41,2020-10-21 19:30:08
149,131,312,2020-10-21 19:29:45,2020-10-21 19:30:30
95,0,322,2020-10-21 19:29:47,2020-10-21 19:30:37
32,0,304,2020-10-21 19:29:50,2020-10-21 19:30:21
44,0,0,2020-10-21 19:29:53,2020-10-21 19:36:50
68,0,0,2020-10-21 19:29:59,2020-10-21 19:40:21
94,0,323,2020-10-21 19:30:02,2020-10-21 19:30:22
85,0,0,2020-10-21 19:30:03,2020-10-21 19:39:42
102,140,313,2020-10-21 19:30:03,2020-10-21 19:30:13
103,0,0,2020-10-21 19:30:05,2020-10-21 19:40:39
11,0,308,2020-10-21 19:30:08,2020-10-21 19:30:55
86,0,0,2020-10-21 19:30:08,2020-10-21 19:40:07
102,140,410,2020-10-21 19:30:13,2020-10-21 19:31:40
93,0,237,2020-10-21 19:30:19,2020-10-21 19:30:42
96,0,0,2020-10-21 19:30:21,2020-10-21 19:41:03
32,0,303,2020-10-21 19:30:21,2020-10-21 19:30:38
94,0,322,2020-10-21 19:30:22,2020-10-21 19:31:02
15,0,0,2020-10-21 19:30:22,2020-10-21 19:37:37
131,0,0,2020-10-21 19:30:26,2020-10-21 19:34:52
149,131,308,2020-10-21 19:30:30,2020-10-21 19:30:50
118,0,0,2020-10-21 19:30:32,2020-10-21 19:39:38
95,0,325,2020-10-21 19:30:37,2020-10-21 19:34:47
32,0,302,2020-10-21 19:30:38,2020-10-21 19:31:07
98,0,0,2020-10-21 19:30:41,2020-10-21 19:40:36
64,0,0,2020-10-21 19:30:41,2020-10-21 19:42:42
93,0,414,2020-10-21 19:30:42,2020-10-21 19:31:05
129,0,0,2020-10-21 19:30:45,2020-10-21 19:40:01
149,131,148,2020-10-21 19:30:50,2020-10-21 20:12:23
11,0,307,2020-10-21 19:30:55,2020-10-21 19:38:12
143,0,0,2020-10-21 19:30:58,2020-10-21 19:40:36
94,0,325,2020-10-21 19:31:02,2020-10-21 19:35:25
93,0,415,2020-10-21 19:31:05,2020-10-21 19:32:07
51,0,0,2020-10-21 19:31:06,2020-10-21 19:40:38
102,0,410,2020-10-21 19:31:06,2020-10-21 19:31:13
32,0,301,2020-10-21 19:31:07,2020-10-21 19:33:52
157,131,0,2020-10-21 19:31:12,2020-10-21 19:34:01
102,0,313,2020-10-21 19:31:13,2020-10-21 19:41:26
12,0,0,2020-10-21 19:31:15,2020-10-21 19:42:29
158,0,0,2020-10-21 19:31:22,2020-10-21 19:41:13
21,0,0,2020-10-21 19:31:27,2020-10-21 19:40:59
90,0,0,2020-10-21 19:31:27,2020-10-21 19:41:33
141,0,172,2020-10-21 19:31:29,2020-10-21 19:31:57
36,0,0,2020-10-21 19:31:31,2020-10-21 19:37:26
102,140,217,2020-10-21 19:31:40,2020-10-21 19:29:40
138,0,0,2020-10-21 19:31:45,2020-10-21 19:31:52
53,20,325,2020-10-21 19:31:46,2020-10-21 19:33:46
115,0,0,2020-10-21 19:31:51,2020-10-21 19:42:36
138,0,0,2020-10-21 19:31:52,2020-10-21 19:40:11
141,0,323,2020-10-21 19:31:57,2020-10-21 19:32:17
105,0,0,2020-10-21 19:31:57,2020-10-21 19:40:58
93,0,412,2020-10-21 19:32:07,2020-10-21 19:33:39
141,0,322,2020-10-21 19:32:17,2020-10-21 19:32:57
160,0,0,2020-10-21 19:32:19,2020-10-21 19:42:55
130,0,0,2020-10-21 19:32:27,2020-10-21 19:43:42
93,61,301,2020-10-21 19:32:28,2020-10-21 19:32:37
74,0,0,2020-10-21 19:32:30,2020-10-21 19:43:10
76,0,0,2020-10-21 19:32:34,2020-10-21 19:43:07
45,0,205,2020-10-21 19:32:36,2020-10-21 19:33:06
93,61,401,2020-10-21 19:32:37,2020-10-21 19:32:50
63,0,0,2020-10-21 19:32:41,2020-10-21 19:43:21
77,0,0,2020-10-21 19:32:41,2020-10-21 19:41:50
88,0,0,2020-10-21 19:32:42,2020-10-21 19:42:42
93,61,402,2020-10-21 19:32:50,2020-10-21 19:33:21
141,0,325,2020-10-21 19:32:57,2020-10-21 19:37:20
122,0,0,2020-10-21 19:33:04,2020-10-21 19:43:59
25,0,203,2020-10-21 19:33:04,2020-10-21 19:33:30
2,0,0,2020-10-21 19:33:05,2020-10-21 19:42:33
140,0,0,2020-10-21 19:33:06,2020-10-21 19:40:47
45,0,403,2020-10-21 19:33:06,2020-10-21 19:33:29
133,0,0,2020-10-21 19:33:07,2020-10-21 19:43:33
138,0,0,2020-10-21 19:33:10,2020-10-21 19:42:00
154,0,0,2020-10-21 19:33:10,2020-10-21 19:44:08
25,63,0,2020-10-21 19:33:13,2020-10-21 19:36:44
5,0,0,2020-10-21 19:33:20,2020-10-21 19:35:46
93,61,403,2020-10-21 19:33:21,2020-10-21 19:34:52
45,0,142,2020-10-21 19:33:22,2020-10-21 19:33:51
120,0,0,2020-10-21 19:33:25,2020-10-21 19:44:43
45,0,402,2020-10-21 19:33:29,2020-10-21 19:33:42
25,0,402,2020-10-21 19:33:30,2020-10-21 19:33:42
93,0,403,2020-10-21 19:33:39,2020-10-21 19:34:06
134,0,0,2020-10-21 19:33:40,2020-10-21 19:43:02
45,0,401,2020-10-21 19:33:42,2020-10-21 19:33:52
25,0,401,2020-10-21 19:33:42,2020-10-21 19:33:53
53,20,421,2020-10-21 19:33:46,2020-10-21 19:34:43
45,0,320,2020-10-21 19:33:51,2020-10-21 19:34:11
32,0,0,2020-10-21 19:33:52,2020-10-21 19:41:16
45,0,301,2020-10-21 19:33:52,2020-10-21 19:37:04
25,0,301,2020-10-21 19:33:53,2020-10-21 19:36:10
34,0,0,2020-10-21 19:34:00,2020-10-21 19:44:41
157,131,301,2020-10-21 19:34:01,2020-10-21 19:34:13
48,0,0,2020-10-21 19:34:02,2020-10-21 19:46:07
59,0,0,2020-10-21 19:34:03,2020-10-21 19:45:06
93,0,402,2020-10-21 19:34:06,2020-10-21 19:34:22
45,0,326,2020-10-21 19:34:11,2020-10-21 19:35:06
157,131,401,2020-10-21 19:34:13,2020-10-21 19:34:28
93,0,401,2020-10-21 19:34:22,2020-10-21 19:34:29
70,0,0,2020-10-21 19:34:24,2020-10-21 19:35:39
56,0,235,2020-10-21 19:34:25,2020-10-21 19:34:33
8,0,0,2020-10-21 19:34:25,2020-10-21 19:38:01
157,131,402,2020-10-21 19:34:28,2020-10-21 19:34:51
93,0,301,2020-10-21 19:34:29,2020-10-21 19:37:46
19,0,0,2020-10-21 19:34:30,2020-10-21 19:42:30
84,0,0,2020-10-21 19:34:32,2020-10-21 19:44:32
56,0,411,2020-10-21 19:34:33,2020-10-21 19:34:55
121,0,0,2020-10-21 19:34:37,2020-10-21 19:45:33
53,20,417,2020-10-21 19:34:43,2020-10-21 19:34:53
95,0,0,2020-10-21 19:34:47,2020-10-21 19:38:12
157,131,403,2020-10-21 19:34:51,2020-10-21 19:36:06
131,0,0,2020-10-21 19:34:52,2020-10-21 19:44:53
93,61,412,2020-10-21 19:34:52,2020-10-21 19:36:23
53,20,251,2020-10-21 19:34:53,2020-10-21 20:17:04
119,0,0,2020-10-21 19:34:55,2020-10-21 19:45:56
56,0,412,2020-10-21 19:34:55,2020-10-21 19:36:03
9,0,0,2020-10-21 19:34:56,2020-10-21 19:46:20
127,0,0,2020-10-21 19:34:58,2020-10-21 19:45:12
39,0,0,2020-10-21 19:35:05,2020-10-21 19:46:18
45,0,0,2020-10-21 19:35:06,2020-10-21 19:44:19
49,0,0,2020-10-21 19:35:06,2020-10-21 19:42:25
110,0,0,2020-10-21 19:35:20,2020-10-21 19:45:11
94,0,0,2020-10-21 19:35:25,2020-10-21 19:37:55
62,0,0,2020-10-21 19:35:25,2020-10-21 19:45:58
14,0,118,2020-10-21 19:35:26,2020-10-21 19:35:43
81,0,212,2020-10-21 19:35:30,2020-10-21 19:35:43
55,0,0,2020-10-21 19:35:35,2020-10-21 19:45:26
106,0,0,2020-10-21 19:35:35,2020-10-21 19:43:49
114,0,0,2020-10-21 19:35:38,2020-10-21 19:45:36
70,0,0,2020-10-21 19:35:39,2020-10-21 19:43:17
14,0,316,2020-10-21 19:35:43,2020-10-21 19:36:16
81,0,406,2020-10-21 19:35:43,2020-10-21 19:36:28
5,0,0,2020-10-21 19:35:46,2020-10-21 19:47:12
101,0,0,2020-10-21 19:35:50,2020-10-21 19:47:00
117,0,0,2020-10-21 19:35:56,2020-10-21 19:45:26
56,0,403,2020-10-21 19:36:03,2020-10-21 19:36:43
111,0,217,2020-10-21 19:36:03,2020-10-21 19:37:29
6,0,0,2020-10-21 19:36:05,2020-10-21 19:46:27
157,131,412,2020-10-21 19:36:06,2020-10-21 19:36:30
25,0,0,2020-10-21 19:36:10,2020-10-21 19:43:01
14,0,315,2020-10-21 19:36:16,2020-10-21 19:37:37
137,0,0,2020-10-21 19:36:21,2020-10-21 19:45:52
93,61,415,2020-10-21 19:36:23,2020-10-21 19:36:43
46,0,0,2020-10-21 19:36:24,2020-10-21 19:47:01
50,83,0,2020-10-21 19:36:25,2020-10-21 19:37:11
81,0,405,2020-10-21 19:36:28,2020-10-21 19:36:57
157,131,411,2020-10-21 19:36:30,2020-10-21 19:36:49
109,0,0,2020-10-21 19:36:33,2020-10-21 19:47:21
4,0,0,2020-10-21 19:36:35,2020-10-21 19:47:10
56,0,402,2020-10-21 19:36:43,2020-10-21 19:37:00
93,61,414,2020-10-21 19:36:43,2020-10-21 19:37:08
25,63,301,2020-10-21 19:36:44,2020-10-21 19:36:52
126,0,0,2020-10-21 19:36:44,2020-10-21 19:49:03
71,0,0,2020-10-21 19:36:44,2020-10-21 19:47:28
16,0,0,2020-10-21 19:36:48,2020-10-21 19:45:53
157,131,230,2020-10-21 19:36:49,2020-10-21 21:58:52
44,0,0,2020-10-21 19:36:50,2020-10-21 19:47:42
82,0,158,2020-10-21 19:36:51,2020-10-21 19:37:11
25,63,401,2020-10-21 19:36:52,2020-10-21 19:37:09
81,0,404,2020-10-21 19:36:57,2020-10-21 19:37:41
38,0,0,2020-10-21 19:36:57,2020-10-21 19:48:00
56,0,401,2020-10-21 19:37:00,2020-10-21 19:37:10
45,0,0,2020-10-21 19:37:04,2020-10-21 19:42:26
79,0,0,2020-10-21 19:37:05,2020-10-21 19:45:58
93,61,237,2020-10-21 19:37:08,2020-10-21 19:30:19
25,63,402,2020-10-21 19:37:09,2020-10-21 19:37:32
56,0,301,2020-10-21 19:37:10,2020-10-21 19:41:10
82,0,309,2020-10-21 19:37:11,2020-10-21 19:37:43
50,83,326,2020-10-21 19:37:11,2020-10-21 19:37:23
141,0,0,2020-10-21 19:37:20,2020-10-21 19:39:28
97,0,0,2020-10-21 19:37:21,2020-10-21 19:47:50
50,83,320,2020-10-21 19:37:23,2020-10-21 19:38:57
36,0,0,2020-10-21 19:37:26,2020-10-21 19:47:53
43,0,0,2020-10-21 19:37:27,2020-10-21 19:47:05
111,0,410,2020-10-21 19:37:29,2020-10-21 19:37:36
25,63,203,2020-10-21 19:37:32,2020-10-21 19:33:04
69,0,0,2020-10-21 19:37:34,2020-10-21 19:47:25
111,0,313,2020-10-21 19:37:36,2020-10-21 19:47:49
14,0,320,2020-10-21 19:37:37,2020-10-21 19:37:56
15,0,0,2020-10-21 19:37:37,2020-10-21 19:46:55
123,0,0,2020-10-21 19:37:38,2020-10-21 19:47:44
81,0,403,2020-10-21 19:37:41,2020-10-21 19:38:09
82,0,308,2020-10-21 19:37:43,2020-10-21 19:38:28
28,16,324,2020-10-21 19:37:43,2020-10-21 19:38:35
33,0,0,2020-10-21 19:37:45,2020-10-21 19:47:11
93,0,0,2020-10-21 19:37:46,2020-10-21 19:38:52
66,0,0,2020-10-21 19:37:48,2020-10-21 19:49:45
136,0,0,2020-10-21 19:37:48,2020-10-21 19:45:32
135,0,0,2020-10-21 19:37:49,2020-10-21 19:46:39
23,0,214,2020-10-21 19:37:51,2020-10-21 19:39:10
11,0,0,2020-10-21 19:37:52,2020-10-21 19:47:23
94,0,0,2020-10-21 19:37:55,2020-10-21 19:48:43
14,0,326,2020-10-21 19:37:56,2020-10-21 19:38:37
154,0,121,2020-10-21 19:37:59,2020-10-21 19:38:17
8,0,0,2020-10-21 19:38:01,2020-10-21 19:48:11
81,0,402,2020-10-21 19:38:09,2020-10-21 19:38:24
95,0,0,2020-10-21 19:38:12,2020-10-21 19:49:07
11,0,0,2020-10-21 19:38:12,2020-10-21 19:37:52
154,0,302,2020-10-21 19:38:17,2020-10-21 19:38:42
81,0,401,2020-10-21 19:38:24,2020-10-21 19:38:36
40,0,0,2020-10-21 19:38:26,2020-10-21 19:48:06
80,0,140,2020-10-21 19:38:26,2020-10-21 19:38:36
82,0,307,2020-10-21 19:38:28,2020-10-21 19:42:37
28,16,174,2020-10-21 19:38:35,2020-10-21 20:17:04
81,0,301,2020-10-21 19:38:36,2020-10-21 19:41:40
80,0,306,2020-10-21 19:38:36,2020-10-21 19:39:07
14,0,0,2020-10-21 19:38:37,2020-10-21 19:43:59
92,0,0,2020-10-21 19:38:42,2020-10-21 19:47:13
154,0,301,2020-10-21 19:38:42,2020-10-21 19:41:49
102,0,0,2020-10-21 19:38:49,2020-10-21 19:49:49
93,0,0,2020-10-21 19:38:52,2020-10-21 19:47:57
50,83,315,2020-10-21 19:38:57,2020-10-21 19:40:23
80,0,305,2020-10-21 19:39:07,2020-10-21 19:39:38
146,0,0,2020-10-21 19:39:08,2020-10-21 19:51:10
23,0,407,2020-10-21 19:39:10,2020-10-21 19:39:37
54,0,228,2020-10-21 19:39:10,2020-10-21 19:39:25
54,0,406,2020-10-21 19:39:25,2020-10-21 19:40:10
141,0,0,2020-10-21 19:39:28,2020-10-21 19:51:03
18,0,0,2020-10-21 19:39:33,2020-10-21 19:48:35
23,0,406,2020-10-21 19:39:37,2020-10-21 19:40:27
118,0,0,2020-10-21 19:39:38,2020-10-21 19:50:39
80,0,304,2020-10-21 19:39:38,2020-10-21 19:40:09
85,0,0,2020-10-21 19:39:42,2020-10-21 19:51:00
57,0,145,2020-10-21 19:39:42,2020-10-21 19:40:46
31,0,0,2020-10-21 19:39:45,2020-10-21 19:47:52
129,0,0,2020-10-21 19:40:01,2020-10-21 19:49:21
86,0,0,2020-10-21 19:40:07,2020-10-21 19:47:34
80,0,303,2020-10-21 19:40:09,2020-10-21 19:41:41
54,0,405,2020-10-21 19:40:10,2020-10-21 19:40:50
138,0,0,2020-10-21 19:40:11,2020-10-21 19:50:36
68,0,0,2020-10-21 19:40:21,2020-10-21 19:48:32
50,83,303,2020-10-21 19:40:23,2020-10-21 19:40:47
100,0,0,2020-10-21 19:40:26,2020-10-21 19:49:55
23,0,405,2020-10-21 19:40:27,2020-10-21 19:41:04
143,0,0,2020-10-21 19:40:36,2020-10-21 19:51:20
98,0,0,2020-10-21 19:40:36,2020-10-21 19:50:22
51,0,0,2020-10-21 19:40:38,2020-10-21 19:51:47
103,0,0,2020-10-21 19:40:39,2020-10-21 19:50:05
57,0,320,2020-10-21 19:40:46,2020-10-21 19:41:09
140,0,0,2020-10-21 19:40:47,2020-10-21 19:50:46
50,83,304,2020-10-21 19:40:47,2020-10-21 19:41:01
54,0,404,2020-10-21 19:40:50,2020-10-21 19:41:38
73,0,204,2020-10-21 19:40:55,2020-10-21 19:41:10
105,0,0,2020-10-21 19:40:58,2020-10-21 19:51:46
21,0,0,2020-10-21 19:40:59,2020-10-21 19:50:34
50,83,124,2020-10-21 19:41:01,2020-10-21 20:26:40
96,0,0,2020-10-21 19:41:03,2020-10-21 19:50:49
23,0,404,2020-10-21 19:41:04,2020-10-21 19:41:29
57,0,326,2020-10-21 19:41:09,2020-10-21 19:41:57
56,0,0,2020-10-21 19:41:10,2020-10-21 19:43:17
73,0,403,2020-10-21 19:41:10,2020-10-21 19:41:46
158,0,0,2020-10-21 19:41:13,2020-10-21 19:51:27
32,0,0,2020-10-21 19:41:16,2020-10-21 19:50:25
102,0,0,2020-10-21 19:41:26,2020-10-21 19:38:49
23,0,403,2020-10-21 19:41:29,2020-10-21 19:41:55
90,0,0,2020-10-21 19:41:33,2020-10-21 19:52:10
160,0,107,2020-10-21 19:41:35,2020-10-21 19:41:58
54,0,403,2020-10-21 19:41:38,2020-10-21 19:42:04
81,0,0,2020-10-21 19:41:40,2020-10-21 19:45:34
80,0,315,2020-10-21 19:41:41,2020-10-21 19:43:17
73,0,402,2020-10-21 19:41:46,2020-10-21 19:42:00
154,0,0,2020-10-21 19:41:49,2020-10-21 19:47:30
77,0,0,2020-10-21 19:41:50,2020-10-21 19:51:28
34,0,167,2020-10-21 19:41:52,2020-10-21 19:43:27
23,0,402,2020-10-21 19:41:55,2020-10-21 19:42:09
57,0,0,2020-10-21 19:41:57,2020-10-21 19:48:19
160,0,316,2020-10-21 19:41:58,2020-10-21 19:42:35
73,0,401,2020-10-21 19:42:00,2020-10-21 19:42:10
138,97,0,2020-10-21 19:42:00,2020-10-21 19:48:59
54,0,402,2020-10-21 19:42:04,2020-10-21 19:42:18
23,0,401,2020-10-21 19:42:09,2020-10-21 19:42:17
73,0,301,2020-10-21 19:42:10,2020-10-21 19:44:17
23,0,301,2020-10-21 19:42:17,2020-10-21 19:44:32
54,0,401,2020-10-21 19:42:18,2020-10-21 19:42:29
49,0,0,2020-10-21 19:42:25,2020-10-21 19:51:01
45,0,0,2020-10-21 19:42:26,2020-10-21 19:51:24
12,0,0,2020-10-21 19:42:29,2020-10-21 19:53:23
54,0,301,2020-10-21 19:42:29,2020-10-21 19:45:46
19,0,0,2020-10-21 19:42:30,2020-10-21 19:52:49
2,0,0,2020-10-21 19:42:33,2020-10-21 19:52:41
160,0,315,2020-10-21 19:42:35,2020-10-21 19:43:27
115,0,0,2020-10-21 19:42:36,2020-10-21 19:53:10
82,0,0,2020-10-21 19:42:37,2020-10-21 19:48:06
64,0,0,2020-10-21 19:42:42,2020-10-21 19:52:18
88,0,0,2020-10-21 19:42:42,2020-10-21 19:51:16
160,136,0,2020-10-21 19:42:55,2020-10-21 19:43:40
25,0,0,2020-10-21 19:43:01,2020-10-21 19:54:11
134,0,0,2020-10-21 19:43:02,2020-10-21 19:53:33
76,0,0,2020-10-21 19:43:07,2020-10-21 19:53:22
74,0,0,2020-10-21 19:43:10,2020-10-21 19:52:43
80,0,320,2020-10-21 19:43:17,2020-10-21 19:43:34
70,0,0,2020-10-21 19:43:17,2020-10-21 19:54:45
56,2,0,2020-10-21 19:43:17,2020-10-21 19:51:17
63,0,0,2020-10-21 19:43:21,2020-10-21 19:52:37
34,0,317,2020-10-21 19:43:27,2020-10-21 19:43:55
160,0,320,2020-10-21 19:43:27,2020-10-21 19:43:47
133,0,0,2020-10-21 19:43:33,2020-10-21 19:52:44
80,0,326,2020-10-21 19:43:34,2020-10-21 19:44:39
160,136,326,2020-10-21 19:43:40,2020-10-21 19:44:00
130,0,0,2020-10-21 19:43:42,2020-10-21 19:52:36
160,0,326,2020-10-21 19:43:47,2020-10-21 19:44:39
56,0,151,2020-10-21 19:43:49,2020-10-21 19:44:31
106,0,0,2020-10-21 19:43:49,2020-10-21 19:54:33
144,0,144,2020-10-21 19:43:55,2020-10-21 19:45:01
34,0,316,2020-10-21 19:43:55,2020-10-21 19:44:31
14,0,0,2020-10-21 19:43:59,2020-10-21 19:53:54
122,0,0,2020-10-21 19:43:59,2020-10-21 19:53:10
160,136,320,2020-10-21 19:44:00,2020-10-21 19:45:22
154,137,0,2020-10-21 19:44:08,2020-10-21 19:47:11
111,0,0,2020-10-21 19:44:16,2020-10-21 19:54:39
73,0,0,2020-10-21 19:44:17,2020-10-21 19:52:42
45,14,0,2020-10-21 19:44:19,2020-10-21 19:47:26
34,0,315,2020-10-21 19:44:31,2020-10-21 19:45:50
56,0,309,2020-10-21 19:44:31,2020-10-21 19:44:52
84,0,0,2020-10-21 19:44:32,2020-10-21 19:52:28
23,0,0,2020-10-21 19:44:32,2020-10-21 19:46:24
80,0,0,2020-10-21 19:44:39,2020-10-21 19:49:40
160,0,0,2020-10-21 19:44:39,2020-10-21 19:49:40
34,76,0,2020-10-21 19:44:41,2020-10-21 19:45:19
120,0,0,2020-10-21 19:44:43,2020-10-21 19:52:39
56,0,308,2020-10-21 19:44:52,2020-10-21 19:45:33
131,0,0,2020-10-21 19:44:53,2020-10-21 19:54:30
144,0,320,2020-10-21 19:45:01,2020-10-21 19:45:20
59,0,0,2020-10-21 19:45:06,2020-10-21 19:55:54
110,0,0,2020-10-21 19:45:11,2020-10-21 19:54:45
127,0,0,2020-10-21 19:45:12,2020-10-21 19:55:23
34,76,326,2020-10-21 19:45:19,2020-10-21 19:45:41
144,0,326,2020-10-21 19:45:20,2020-10-21 19:46:14
160,136,315,2020-10-21 19:45:22,2020-10-21 19:45:54
55,0,0,2020-10-21 19:45:26,2020-10-21 19:57:45
117,0,0,2020-10-21 19:45:26,2020-10-21 19:53:52
136,0,0,2020-10-21 19:45:32,2020-10-21 19:55:14
121,0,0,2020-10-21 19:45:33,2020-10-21 19:53:13
56,0,307,2020-10-21 19:45:33,2020-10-21 19:50:07
81,0,0,2020-10-21 19:45:34,2020-10-21 19:53:13
114,0,0,2020-10-21 19:45:36,2020-10-21 19:56:45
34,76,320,2020-10-21 19:45:41,2020-10-21 19:47:08
151,0,240,2020-10-21 19:45:46,2020-10-21 19:46:15
54,0,0,2020-10-21 19:45:46,2020-10-21 19:48:57
34,0,320,2020-10-21 19:45:50,2020-10-21 19:46:08
137,0,0,2020-10-21 19:45:52,2020-10-21 19:56:05
16,0,0,2020-10-21 19:45:53,2020-10-21 19:55:43
160,136,316,2020-10-21 19:45:54,2020-10-21 19:46:18
119,0,0,2020-10-21 19:45:56,2020-10-21 19:56:11
79,0,0,2020-10-21 19:45:58,2020-10-21 19:57:19
62,0,0,2020-10-21 19:45:58,2020-10-21 19:55:11
48,0,0,2020-10-21 19:46:07,2020-10-21 19:56:13
34,0,326,2020-10-21 19:46:08,2020-10-21 19:47:01
144,0,0,2020-10-21 19:46:14,2020-10-21 19:53:12
151,0,415,2020-10-21 19:46:15,2020-10-21 19:47:10
155,0,207,2020-10-21 19:46:17,2020-10-21 19:46:31
39,0,0,2020-10-21 19:46:18,2020-10-21 19:56:38
160,136,107,2020-10-21 19:46:18,2020-10-21 19:41:35
9,0,0,2020-10-21 19:46:20,2020-10-21 19:56:39
23,0,0,2020-10-21 19:46:24,2020-10-21 19:57:08
6,0,0,2020-10-21 19:46:27,2020-10-21 19:58:10
78,0,171,2020-10-21 19:46:28,2020-10-21 19:46:44
155,0,404,2020-10-21 19:46:31,2020-10-21 19:47:09
90,0,168,2020-10-21 19:46:32,2020-10-21 19:46:50
135,0,0,2020-10-21 19:46:39,2020-10-21 19:57:26
26,0,151,2020-10-21 19:46:42,2020-10-21 19:47:24
78,0,322,2020-10-21 19:46:44,2020-10-21 19:47:43
90,0,322,2020-10-21 19:46:50,2020-10-21 19:47:34
15,0,0,2020-10-21 19:46:55,2020-10-21 19:58:39
101,0,0,2020-10-21 19:47:00,2020-10-21 19:57:31
34,0,0,2020-10-21 19:47:01,2020-10-21 19:52:00
46,0,0,2020-10-21 19:47:01,2020-10-21 19:57:12
43,0,0,2020-10-21 19:47:05,2020-10-21 19:56:09
34,76,315,2020-10-21 19:47:08,2020-10-21 19:47:44
155,0,403,2020-10-21 19:47:09,2020-10-21 19:47:28
4,0,0,2020-10-21 19:47:10,2020-10-21 19:58:08
151,0,412,2020-10-21 19:47:10,2020-10-21 19:48:16
154,137,301,2020-10-21 19:47:11,2020-10-21 19:47:33
33,0,0,2020-10-21 19:47:11,2020-10-21 19:56:55
5,0,0,2020-10-21 19:47:12,2020-10-21 19:56:07
92,0,0,2020-10-21 19:47:13,2020-10-21 19:58:20
109,0,0,2020-10-21 19:47:21,2020-10-21 19:56:13
11,0,0,2020-10-21 19:47:23,2020-10-21 19:57:18
26,0,309,2020-10-21 19:47:24,2020-10-21 19:47:45
69,0,0,2020-10-21 19:47:25,2020-10-21 19:56:56
45,14,301,2020-10-21 19:47:26,2020-10-21 19:47:35
155,0,402,2020-10-21 19:47:28,2020-10-21 19:47:41
71,0,0,2020-10-21 19:47:28,2020-10-21 19:57:45
154,0,0,2020-10-21 19:47:30,2020-10-21 19:58:31
154,137,302,2020-10-21 19:47:33,2020-10-21 19:47:47
90,0,325,2020-10-21 19:47:34,2020-10-21 19:52:52
86,0,0,2020-10-21 19:47:34,2020-10-21 19:55:33
45,14,401,2020-10-21 19:47:35,2020-10-21 19:47:50
155,0,401,2020-10-21 19:47:41,2020-10-21 19:47:52
44,0,0,2020-10-21 19:47:42,2020-10-21 19:56:29
78,0,325,2020-10-21 19:47:43,2020-10-21 19:52:52
34,76,316,2020-10-21 19:47:44,2020-10-21 19:48:10
123,0,0,2020-10-21 19:47:44,2020-10-21 19:56:10
26,0,308,2020-10-21 19:47:45,2020-10-21 19:48:26
154,137,121,2020-10-21 19:47:47,2020-10-21 19:37:59
111,0,0,2020-10-21 19:47:49,2020-10-21 19:44:16
45,14,402,2020-10-21 19:47:50,2020-10-21 19:48:15
97,0,0,2020-10-21 19:47:50,2020-10-21 19:56:31
31,0,0,2020-10-21 19:47:52,2020-10-21 19:57:42
155,0,301,2020-10-21 19:47:52,2020-10-21 19:50:51
36,0,0,2020-10-21 19:47:53,2020-10-21 19:58:22
93,0,0,2020-10-21 19:47:57,2020-10-21 19:57:06
38,0,0,2020-10-21 19:48:00,2020-10-21 19:56:09
40,73,0,2020-10-21 19:48:06,2020-10-21 19:49:02
82,0,0,2020-10-21 19:48:06,2020-10-21 19:56:43
34,76,317,2020-10-21 19:48:10,2020-10-21 19:50:06
8,84,0,2020-10-21 19:48:11,2020-10-21 19:51:27
45,14,403,2020-10-21 19:48:15,2020-10-21 19:48:40
151,0,403,2020-10-21 19:48:16,2020-10-21 19:48:41
57,0,0,2020-10-21 19:48:19,2020-10-21 19:57:30
26,0,307,2020-10-21 19:48:26,2020-10-21 19:53:00
68,0,0,2020-10-21 19:48:32,2020-10-21 19:58:08
18,0,0,2020-10-21 19:48:35,2020-10-21 19:57:22
45,14,205,2020-10-21 19:48:40,2020-10-21 19:32:36
151,0,402,2020-10-21 19:48:41,2020-10-21 19:48:57
94,0,0,2020-10-21 19:48:43,2020-10-21 19:58:25
151,0,401,2020-10-21 19:48:57,2020-10-21 19:49:09
54,0,0,2020-10-21 19:48:57,2020-10-21 19:59:16
138,97,313,2020-10-21 19:48:59,2020-10-21 19:48:59
138,97,162,2020-10-21 19:48:59,2020-10-21 19:22:01
40,73,326,2020-10-21 19:49:02,2020-10-21 19:49:20
126,0,0,2020-10-21 19:49:03,2020-10-21 20:00:23
95,0,0,2020-10-21 19:49:07,2020-10-21 20:00:02
151,0,301,2020-10-21 19:49:09,2020-10-21 19:52:18
40,73,320,2020-10-21 19:49:20,2020-10-21 19:50:57
129,0,0,2020-10-21 19:49:21,2020-10-21 20:00:35
80,0,0,2020-10-21 19:49:40,2020-10-21 19:59:03
160,0,0,2020-10-21 19:49:40,2020-10-21 19:58:38
66,0,0,2020-10-21 19:49:45,2020-10-21 19:59:01
102,0,0,2020-10-21 19:49:49,2020-10-21 19:59:53
100,0,0,2020-10-21 19:49:55,2020-10-21 19:59:52
103,0,0,2020-10-21 19:50:05,2020-10-21 19:58:03
34,76,167,2020-10-21 19:50:06,2020-10-21 19:41:52
56,0,0,2020-10-21 19:50:07,2020-10-21 19:53:20
98,0,0,2020-10-21 19:50:22,2020-10-21 20:01:04
32,0,0,2020-10-21 19:50:25,2020-10-21 20:00:53
21,0,0,2020-10-21 19:50:34,2020-10-21 20:01:28
138,0,0,2020-10-21 19:50:36,2020-10-21 20:00:40
118,0,0,2020-10-21 19:50:39,2020-10-21 20:01:06
140,0,0,2020-10-21 19:50:46,2020-10-21 19:59:54
96,0,0,2020-10-21 19:50:49,2020-10-21 20:02:12
155,0,0,2020-10-21 19:50:51,2020-10-21 19:56:36
116,0,217,2020-10-21 19:50:57,2020-10-21 19:52:23
40,73,315,2020-10-21 19:50:57,2020-10-21 19:51:30
85,0,0,2020-10-21 19:51:00,2020-10-21 20:02:09
49,0,0,2020-10-21 19:51:01,2020-10-21 20:00:05
141,0,0,2020-10-21 19:51:03,2020-10-21 20:00:29
146,0,0,2020-10-21 19:51:10,2020-10-21 20:00:17
88,0,0,2020-10-21 19:51:16,2020-10-21 20:00:30
56,2,312,2020-10-21 19:51:17,2020-10-21 19:52:00
143,0,0,2020-10-21 19:51:20,2020-10-21 20:01:38
45,0,0,2020-10-21 19:51:24,2020-10-21 20:00:51
8,84,312,2020-10-21 19:51:27,2020-10-21 19:52:24
158,0,0,2020-10-21 19:51:27,2020-10-21 20:02:01
77,0,0,2020-10-21 19:51:28,2020-10-21 20:01:34
104,0,238,2020-10-21 19:51:29,2020-10-21 19:51:46
40,73,316,2020-10-21 19:51:30,2020-10-21 19:52:07
104,0,414,2020-10-21 19:51:46,2020-10-21 19:52:12
105,0,0,2020-10-21 19:51:46,2020-10-21 20:01:54
51,0,0,2020-10-21 19:51:47,2020-10-21 20:00:28
83,0,251,2020-10-21 19:51:55,2020-10-21 19:52:06
34,0,0,2020-10-21 19:52:00,2020-10-21 20:03:47
56,2,308,2020-10-21 19:52:00,2020-10-21 19:52:41
83,0,417,2020-10-21 19:52:06,2020-10-21 19:53:26
40,73,317,2020-10-21 19:52:07,2020-10-21 19:54:03
90,0,0,2020-10-21 19:52:10,2020-10-21 19:59:55
104,0,415,2020-10-21 19:52:12,2020-10-21 19:53:10
151,0,0,2020-10-21 19:52:18,2020-10-21 19:55:41
64,0,0,2020-10-21 19:52:18,2020-10-21 20:02:56
116,0,410,2020-10-21 19:52:23,2020-10-21 19:52:30
8,84,308,2020-10-21 19:52:24,2020-10-21 19:52:51
147,0,101,2020-10-21 19:52:25,2020-10-21 19:52:34
84,0,0,2020-10-21 19:52:28,2020-10-21 20:02:32
116,0,313,2020-10-21 19:52:30,2020-10-21 20:02:43
147,0,320,2020-10-21 19:52:34,2020-10-21 19:52:58
130,0,0,2020-10-21 19:52:36,2020-10-21 20:02:53
63,0,0,2020-10-21 19:52:37,2020-10-21 20:04:17
120,0,0,2020-10-21 19:52:39,2020-10-21 20:03:47
56,2,309,2020-10-21 19:52:41,2020-10-21 19:53:14
2,0,0,2020-10-21 19:52:41,2020-10-21 20:01:53
73,0,0,2020-10-21 19:52:42,2020-10-21 20:01:36
74,0,0,2020-10-21 19:52:43,2020-10-21 20:01:57
133,0,0,2020-10-21 19:52:44,2020-10-21 20:03:06
19,0,0,2020-10-21 19:52:49,2020-10-21 20:03:00
107,0,163,2020-10-21 19:52:51,2020-10-21 19:54:22
8,84,309,2020-10-21 19:52:51,2020-10-21 19:53:01
78,0,0,2020-10-21 19:52:52,2020-10-21 19:55:12
90,0,0,2020-10-21 19:52:52,2020-10-21 19:56:24
147,0,326,2020-10-21 19:52:58,2020-10-21 19:53:43
26,0,0,2020-10-21 19:53:00,2020-10-21 19:58:17
8,84,310,2020-10-21 19:53:01,2020-10-21 19:53:56
115,0,0,2020-10-21 19:53:10,2020-10-21 20:03:24
122,0,0,2020-10-21 19:53:10,2020-10-21 20:04:18
104,0,412,2020-10-21 19:53:10,2020-10-21 19:54:28
144,0,0,2020-10-21 19:53:12,2020-10-21 20:00:55
121,0,0,2020-10-21 19:53:13,2020-10-21 20:03:45
81,0,0,2020-10-21 19:53:13,2020-10-21 20:03:32
56,2,151,2020-10-21 19:53:14,2020-10-21 19:43:49
56,0,0,2020-10-21 19:53:20,2020-10-21 20:04:49
76,0,0,2020-10-21 19:53:22,2020-10-21 20:03:06
12,0,0,2020-10-21 19:53:23,2020-10-21 20:04:23
83,0,421,2020-10-21 19:53:26,2020-10-21 19:55:07
134,0,0,2020-10-21 19:53:33,2020-10-21 20:04:16
147,0,0,2020-10-21 19:53:43,2020-10-21 20:01:41
117,0,0,2020-10-21 19:53:52,2020-10-21 20:04:01
14,0,0,2020-10-21 19:53:54,2020-10-21 20:03:02
8,84,161,2020-10-21 19:53:56,2020-10-21 20:44:57
40,73,319,2020-10-21 19:54:03,2020-10-21 19:54:40
142,0,244,2020-10-21 19:54:07,2020-10-21 19:54:20
25,0,0,2020-10-21 19:54:11,2020-10-21 20:03:29
156,0,235,2020-10-21 19:54:12,2020-10-21 19:54:20
142,0,417,2020-10-21 19:54:20,2020-10-21 19:55:48
156,0,411,2020-10-21 19:54:20,2020-10-21 19:54:42
107,0,313,2020-10-21 19:54:22,2020-10-21 20:06:38
104,0,403,2020-10-21 19:54:28,2020-10-21 19:55:02
131,0,0,2020-10-21 19:54:30,2020-10-21 20:04:47
106,0,0,2020-10-21 19:54:33,2020-10-21 20:05:24
111,0,0,2020-10-21 19:54:39,2020-10-21 20:05:55
40,73,318,2020-10-21 19:54:40,2020-10-21 19:54:55
156,0,412,2020-10-21 19:54:42,2020-10-21 19:55:50
70,0,0,2020-10-21 19:54:45,2020-10-21 20:04:19
110,0,0,2020-10-21 19:54:45,2020-10-21 20:05:42
65,0,163,2020-10-21 19:54:47,2020-10-21 19:56:18
40,73,156,2020-10-21 19:54:55,2020-10-21 19:57:53
104,0,402,2020-10-21 19:55:02,2020-10-21 19:55:14
83,0,325,2020-10-21 19:55:07,2020-10-21 20:01:57
62,0,0,2020-10-21 19:55:11,2020-10-21 20:05:26
78,0,0,2020-10-21 19:55:12,2020-10-21 20:05:12
104,0,401,2020-10-21 19:55:14,2020-10-21 19:55:24
136,0,0,2020-10-21 19:55:14,2020-10-21 20:06:16
127,0,0,2020-10-21 19:55:23,2020-10-21 20:05:31
104,0,301,2020-10-21 19:55:24,2020-10-21 19:59:27
86,0,0,2020-10-21 19:55:33,2020-10-21 20:06:10
151,130,0,2020-10-21 19:55:41,2020-10-21 19:58:18
30,0,241,2020-10-21 19:55:42,2020-10-21 19:56:40
16,0,0,2020-10-21 19:55:43,2020-10-21 20:03:54
142,0,421,2020-10-21 19:55:48,2020-10-21 19:57:18
156,0,403,2020-10-21 19:55:50,2020-10-21 19:56:30
59,0,0,2020-10-21 19:55:54,2020-10-21 20:06:03
137,0,0,2020-10-21 19:56:05,2020-10-21 20:06:05
5,0,0,2020-10-21 19:56:07,2020-10-21 20:06:28
38,0,0,2020-10-21 19:56:09,2020-10-21 20:06:28
43,86,0,2020-10-21 19:56:09,2020-10-21 19:56:54
123,0,0,2020-10-21 19:56:10,2020-10-21 20:06:16
119,0,0,2020-10-21 19:56:11,2020-10-21 20:06:12
48,0,0,2020-10-21 19:56:13,2020-10-21 20:05:12
109,0,0,2020-10-21 19:56:13,2020-10-21 20:06:06
65,0,313,2020-10-21 19:56:18,2020-10-21 20:08:34
90,0,0,2020-10-21 19:56:24,2020-10-21 20:06:17
44,0,0,2020-10-21 19:56:29,2020-10-21 20:05:27
156,0,402,2020-10-21 19:56:30,2020-10-21 19:56:47
97,0,0,2020-10-21 19:56:31,2020-10-21 20:07:20
155,0,0,2020-10-21 19:56:36,2020-10-21 20:06:00
39,0,0,2020-10-21 19:56:38,2020-10-21 20:06:54
9,0,0,2020-10-21 19:56:39,2020-10-21 20:06:53
30,0,415,2020-10-21 19:56:40,2020-10-21 19:57:57
82,0,0,2020-10-21 19:56:43,2020-10-21 20:07:25
114,0,0,2020-10-21 19:56:45,2020-10-21 20:07:03
156,0,401,2020-10-21 19:56:47,2020-10-21 19:56:57
43,86,326,2020-10-21 19:56:54,2020-10-21 19:57:13
33,0,0,2020-10-21 19:56:55,2020-10-21 20:06:27
69,0,0,2020-10-21 19:56:56,2020-10-21 20:06:51
156,0,301,2020-10-21 19:56:57,2020-10-21 20:00:57
93,140,0,2020-10-21 19:57:06,2020-10-21 20:03:58
23,0,0,2020-10-21 19:57:08,2020-10-21 20:05:46
46,0,0,2020-10-21 19:57:12,2020-10-21 20:08:06
43,86,320,2020-10-21 19:57:13,2020-10-21 19:58:28
11,0,0,2020-10-21 19:57:18,2020-10-21 20:07:21
142,0,325,2020-10-21 19:57:18,2020-10-21 20:01:26
79,0,0,2020-10-21 19:57:19,2020-10-21 20:07:09
18,0,0,2020-10-21 19:57:22,2020-10-21 20:06:49
135,0,0,2020-10-21 19:57:26,2020-10-21 20:09:27
57,0,0,2020-10-21 19:57:30,2020-10-21 20:07:08
101,0,0,2020-10-21 19:57:31,2020-10-21 20:07:53
31,0,0,2020-10-21 19:57:42,2020-10-21 20:08:45
71,0,0,2020-10-21 19:57:45,2020-10-21 20:08:07
55,0,0,2020-10-21 19:57:45,2020-10-21 20:07:36
151,0,220,2020-10-21 19:57:52,2020-10-21 19:58:10
40,0,156,2020-10-21 19:57:53,2020-10-21 19:58:08
41,0,142,2020-10-21 19:57:55,2020-10-21 19:58:24
60,0,123,2020-10-21 19:57:55,2020-10-21 19:58:14
30,0,412,2020-10-21 19:57:57,2020-10-21 19:58:42
103,0,0,2020-10-21 19:58:03,2020-10-21 20:07:51
4,0,0,2020-10-21 19:58:08,2020-10-21 20:07:08
40,0,318,2020-10-21 19:58:08,2020-10-21 19:58:48
68,0,0,2020-10-21 19:58:08,2020-10-21 20:08:49
151,0,403,2020-10-21 19:58:10,2020-10-21 19:58:35
6,0,0,2020-10-21 19:58:10,2020-10-21 20:08:11
60,0,303,2020-10-21 19:58:14,2020-10-21 19:59:33
26,0,0,2020-10-21 19:58:17,2020-10-21 20:06:49
151,130,301,2020-10-21 19:58:18,2020-10-21 19:58:29
92,0,0,2020-10-21 19:58:20,2020-10-21 20:10:22
36,0,0,2020-10-21 19:58:22,2020-10-21 20:08:10
41,0,320,2020-10-21 19:58:24,2020-10-21 19:58:44
94,0,0,2020-10-21 19:58:25,2020-10-21 20:09:04
43,86,315,2020-10-21 19:58:28,2020-10-21 19:59:04
151,130,401,2020-10-21 19:58:29,2020-10-21 19:58:43
154,135,0,2020-10-21 19:58:31,2020-10-21 19:59:16
151,0,402,2020-10-21 19:58:35,2020-10-21 19:58:50
160,0,0,2020-10-21 19:58:38,2020-10-21 20:09:00
15,0,0,2020-10-21 19:58:39,2020-10-21 20:09:17
30,0,403,2020-10-21 19:58:42,2020-10-21 19:59:08
151,130,402,2020-10-21 19:58:43,2020-10-21 19:59:04
72,0,233,2020-10-21 19:58:44,2020-10-21 19:59:29
41,0,326,2020-10-21 19:58:44,2020-10-21 19:59:39
40,0,319,2020-10-21 19:58:48,2020-10-21 20:01:00
151,0,401,2020-10-21 19:58:50,2020-10-21 19:58:59
151,0,301,2020-10-21 19:58:59,2020-10-21 20:02:07
66,0,0,2020-10-21 19:59:01,2020-10-21 20:07:43
80,0,0,2020-10-21 19:59:03,2020-10-21 20:07:56
43,86,117,2020-10-21 19:59:04,2020-10-21 21:17:24
151,130,403,2020-10-21 19:59:04,2020-10-21 19:59:23
30,0,402,2020-10-21 19:59:08,2020-10-21 19:59:25
67,0,243,2020-10-21 19:59:08,2020-10-21 19:59:47
154,135,326,2020-10-21 19:59:16,2020-10-21 19:59:35
54,38,0,2020-10-21 19:59:16,2020-10-21 20:00:01
151,130,220,2020-10-21 19:59:23,2020-10-21 19:57:52
30,0,401,2020-10-21 19:59:25,2020-10-21 19:59:33
104,0,0,2020-10-21 19:59:27,2020-10-21 20:02:06
72,0,412,2020-10-21 19:59:29,2020-10-21 20:00:56
30,0,301,2020-10-21 19:59:33,2020-10-21 20:02:11
60,0,315,2020-10-21 19:59:33,2020-10-21 20:01:05
154,135,320,2020-10-21 19:59:35,2020-10-21 20:00:50
41,0,0,2020-10-21 19:59:39,2020-10-21 20:07:43
67,0,416,2020-10-21 19:59:47,2020-10-21 20:00:23
100,0,0,2020-10-21 19:59:52,2020-10-21 20:08:54
102,0,0,2020-10-21 19:59:53,2020-10-21 20:09:04
140,0,0,2020-10-21 19:59:54,2020-10-21 20:08:46
90,9,0,2020-10-21 19:59:55,2020-10-21 20:00:27
54,38,326,2020-10-21 20:00:01,2020-10-21 20:00:52
95,0,0,2020-10-21 20:00:02,2020-10-21 20:10:33
49,0,0,2020-10-21 20:00:05,2020-10-21 20:09:17
24,0,217,2020-10-21 20:00:13,2020-10-21 20:01:39
146,0,0,2020-10-21 20:00:17,2020-10-21 20:09:17
126,0,0,2020-10-21 20:00:23,2020-10-21 20:10:13
67,0,415,2020-10-21 20:00:23,2020-10-21 20:01:27
90,9,326,2020-10-21 20:00:27,2020-10-21 20:01:11
51,0,0,2020-10-21 20:00:28,2020-10-21 20:10:51
141,0,0,2020-10-21 20:00:29,2020-10-21 20:11:18
88,0,0,2020-10-21 20:00:30,2020-10-21 20:10:35
129,0,0,2020-10-21 20:00:35,2020-10-21 20:08:53
138,0,0,2020-10-21 20:00:40,2020-10-21 20:11:06
154,135,315,2020-10-21 20:00:50,2020-10-21 20:01:26
45,0,0,2020-10-21 20:00:51,2020-10-21 20:10:35
54,38,102,2020-10-21 20:00:52,2020-10-21 20:31:26
32,0,0,2020-10-21 20:00:53,2020-10-21 20:10:12
144,0,0,2020-10-21 20:00:55,2020-10-21 20:12:37
72,0,403,2020-10-21 20:00:56,2020-10-21 20:01:22
83,0,0,2020-10-21 20:00:56,2020-10-21 20:10:43
156,0,0,2020-10-21 20:00:57,2020-10-21 20:04:16
116,0,0,2020-10-21 20:00:58,2020-10-21 20:11:15
40,0,317,2020-10-21 20:01:00,2020-10-21 20:01:35
98,0,0,2020-10-21 20:01:04,2020-10-21 20:13:01
60,0,320,2020-10-21 20:01:05,2020-10-21 20:01:26
118,0,0,2020-10-21 20:01:06,2020-10-21 20:08:28
90,9,102,2020-10-21 20:01:11,2020-10-21 20:02:51
72,0,402,2020-10-21 20:01:22,2020-10-21 20:01:37
154,135,117,2020-10-21 20:01:26,2020-10-21 21:50:41
60,0,326,2020-10-21 20:01:26,2020-10-21 20:02:12
142,0,0,2020-10-21 20:01:26,2020-10-21 20:05:05
67,0,412,2020-10-21 20:01:27,2020-10-21 20:02:57
21,0,0,2020-10-21 20:01:28,2020-10-21 20:10:44
77,0,0,2020-10-21 20:01:34,2020-10-21 20:11:07
40,0,316,2020-10-21 20:01:35,2020-10-21 20:02:18
73,0,0,2020-10-21 20:01:36,2020-10-21 20:11:13
72,0,401,2020-10-21 20:01:37,2020-10-21 20:01:44
143,0,0,2020-10-21 20:01:38,2020-10-21 20:13:04
24,0,410,2020-10-21 20:01:39,2020-10-21 20:01:46
147,0,0,2020-10-21 20:01:41,2020-10-21 20:11:51
124,0,176,2020-10-21 20:01:42,2020-10-21 20:02:49
72,0,301,2020-10-21 20:01:44,2020-10-21 20:04:25
24,0,313,2020-10-21 20:01:46,2020-10-21 20:11:59
2,0,0,2020-10-21 20:01:53,2020-10-21 20:12:46
105,0,0,2020-10-21 20:01:54,2020-10-21 20:10:51
74,0,0,2020-10-21 20:01:57,2020-10-21 20:11:30
83,0,0,2020-10-21 20:01:57,2020-10-21 20:00:56
158,0,0,2020-10-21 20:02:01,2020-10-21 20:13:12
104,0,0,2020-10-21 20:02:06,2020-10-21 20:14:07
151,0,0,2020-10-21 20:02:07,2020-10-21 20:06:45
85,0,0,2020-10-21 20:02:09,2020-10-21 20:11:19
30,0,0,2020-10-21 20:02:11,2020-10-21 20:05:41
96,0,0,2020-10-21 20:02:12,2020-10-21 20:12:36
60,0,0,2020-10-21 20:02:12,2020-10-21 20:06:41
148,0,135,2020-10-21 20:02:13,2020-10-21 20:02:33
40,0,315,2020-10-21 20:02:18,2020-10-21 20:03:50
107,0,0,2020-10-21 20:02:29,2020-10-21 20:10:43
84,0,0,2020-10-21 20:02:32,2020-10-21 20:10:59
148,0,304,2020-10-21 20:02:33,2020-10-21 20:02:57
116,0,0,2020-10-21 20:02:43,2020-10-21 20:00:58
124,0,324,2020-10-21 20:02:49,2020-10-21 20:09:09
90,9,321,2020-10-21 20:02:51,2020-10-21 20:05:28
130,0,0,2020-10-21 20:02:53,2020-10-21 20:13:49
64,0,0,2020-10-21 20:02:56,2020-10-21 20:13:42
148,0,303,2020-10-21 20:02:57,2020-10-21 20:03:16
67,0,403,2020-10-21 20:02:57,2020-10-21 20:03:15
19,0,0,2020-10-21 20:03:00,2020-10-21 20:14:04
14,0,0,2020-10-21 20:03:02,2020-10-21 20:14:44
133,0,0,2020-10-21 20:03:06,2020-10-21 20:13:59
76,0,0,2020-10-21 20:03:06,2020-10-21 20:12:56
67,0,402,2020-10-21 20:03:15,2020-10-21 20:03:23
148,0,302,2020-10-21 20:03:16,2020-10-21 20:03:38
67,0,401,2020-10-21 20:03:23,2020-10-21 20:03:33
115,0,0,2020-10-21 20:03:24,2020-10-21 20:14:50
25,0,0,2020-10-21 20:03:29,2020-10-21 20:12:41
81,0,0,2020-10-21 20:03:32,2020-10-21 20:12:48
67,0,301,2020-10-21 20:03:33,2020-10-21 20:05:25
148,0,301,2020-10-21 20:03:38,2020-10-21 20:06:43
17,0,128,2020-10-21 20:03:42,2020-10-21 20:04:11
121,0,0,2020-10-21 20:03:45,2020-10-21 20:13:17
34,0,0,2020-10-21 20:03:47,2020-10-21 20:13:24
120,0,0,2020-10-21 20:03:47,2020-10-21 20:12:36
40,0,320,2020-10-21 20:03:50,2020-10-21 20:04:05
16,0,0,2020-10-21 20:03:54,2020-10-21 20:15:12
93,140,324,2020-10-21 20:03:58,2020-10-21 20:04:54
117,0,0,2020-10-21 20:04:01,2020-10-21 20:15:02
40,0,326,2020-10-21 20:04:05,2020-10-21 20:04:48
17,0,306,2020-10-21 20:04:11,2020-10-21 20:09:19
156,134,0,2020-10-21 20:04:16,2020-10-21 20:04:41
134,0,0,2020-10-21 20:04:16,2020-10-21 20:14:39
63,0,0,2020-10-21 20:04:17,2020-10-21 20:12:25
122,0,0,2020-10-21 20:04:18,2020-10-21 20:13:52
70,0,0,2020-10-21 20:04:19,2020-10-21 20:14:08
12,0,0,2020-10-21 20:04:23,2020-10-21 20:14:27
72,0,0,2020-10-21 20:04:25,2020-10-21 20:09:25
65,0,0,2020-10-21 20:04:37,2020-10-21 20:16:35
156,134,326,2020-10-21 20:04:41,2020-10-21 20:05:07
131,0,0,2020-10-21 20:04:47,2020-10-21 20:13:05
40,0,0,2020-10-21 20:04:48,2020-10-21 20:08:53
56,0,0,2020-10-21 20:04:49,2020-10-21 20:16:10
93,140,177,2020-10-21 20:04:54,2020-10-21 20:06:04
142,0,0,2020-10-21 20:05:05,2020-10-21 20:14:00
156,134,320,2020-10-21 20:05:07,2020-10-21 20:06:41
48,0,0,2020-10-21 20:05:12,2020-10-21 20:15:29
78,0,0,2020-10-21 20:05:12,2020-10-21 20:14:26
106,0,0,2020-10-21 20:05:24,2020-10-21 20:15:26
67,0,0,2020-10-21 20:05:25,2020-10-21 20:09:38
153,-1,211,2020-10-21 20:05:26,2020-10-21 20:05:57
62,0,0,2020-10-21 20:05:26,2020-10-21 20:15:17
44,0,0,2020-10-21 20:05:27,2020-10-21 20:15:34
90,9,322,2020-10-21 20:05:28,2020-10-21 20:05:57
127,0,0,2020-10-21 20:05:31,2020-10-21 20:16:32
30,0,0,2020-10-21 20:05:41,2020-10-21 20:16:00
110,0,0,2020-10-21 20:05:42,2020-10-21 20:17:07
23,0,0,2020-10-21 20:05:46,2020-10-21 20:14:58
111,0,0,2020-10-21 20:05:55,2020-10-21 20:16:48
153,-1,405,2020-10-21 20:05:57,2020-10-21 20:06:32
90,9,168,2020-10-21 20:05:57,2020-10-21 19:46:32
20,0,163,2020-10-21 20:05:58,2020-10-21 20:07:29
155,-1,0,2020-10-21 20:06:00,2020-10-21 23:59:59
59,0,0,2020-10-21 20:06:03,2020-10-21 20:16:39
93,0,177,2020-10-21 20:06:04,2020-10-21 20:06:56
137,0,0,2020-10-21 20:06:05,2020-10-21 20:15:37
109,0,0,2020-10-21 20:06:06,2020-10-21 20:15:11
86,0,0,2020-10-21 20:06:10,2020-10-21 20:16:35
119,0,0,2020-10-21 20:06:12,2020-10-21 20:15:24
123,0,0,2020-10-21 20:06:16,2020-10-21 20:14:46
136,0,0,2020-10-21 20:06:16,2020-10-21 20:16:10
90,0,0,2020-10-21 20:06:17,2020-10-21 20:16:46
89,0,228,2020-10-21 20:06:20,2020-10-21 20:06:35
33,0,0,2020-10-21 20:06:27,2020-10-21 20:14:35
38,0,0,2020-10-21 20:06:28,2020-10-21 20:16:44
5,0,0,2020-10-21 20:06:28,2020-10-21 20:18:16
153,-1,404,2020-10-21 20:06:32,2020-10-21 20:07:05
89,0,406,2020-10-21 20:06:35,2020-10-21 20:07:20
107,0,0,2020-10-21 20:06:38,2020-10-21 20:02:29
60,0,0,2020-10-21 20:06:41,2020-10-21 20:17:47
156,134,315,2020-10-21 20:06:41,2020-10-21 20:07:12
148,0,0,2020-10-21 20:06:43,2020-10-21 20:12:46
151,0,0,2020-10-21 20:06:45,2020-10-21 20:18:31
18,0,0,2020-10-21 20:06:49,2020-10-21 20:15:40
26,0,0,2020-10-21 20:06:49,2020-10-21 20:16:04
69,0,0,2020-10-21 20:06:51,2020-10-21 20:18:08
9,0,0,2020-10-21 20:06:53,2020-10-21 20:17:43
39,0,0,2020-10-21 20:06:54,2020-10-21 20:16:54
93,0,324,2020-10-21 20:06:56,2020-10-21 20:12:34
99,0,214,2020-10-21 20:06:58,2020-10-21 20:08:17
114,0,0,2020-10-21 20:07:03,2020-10-21 20:17:21
153,-1,403,2020-10-21 20:07:05,2020-10-21 20:07:26
57,0,0,2020-10-21 20:07:08,2020-10-21 20:17:44
4,0,0,2020-10-21 20:07:08,2020-10-21 20:16:05
79,0,0,2020-10-21 20:07:09,2020-10-21 20:16:09
156,134,112,2020-10-21 20:07:12,2020-10-21 20:34:47
97,0,0,2020-10-21 20:07:20,2020-10-21 20:17:27
89,0,405,2020-10-21 20:07:20,2020-10-21 20:08:00
11,0,0,2020-10-21 20:07:21,2020-10-21 20:17:30
82,0,0,2020-10-21 20:07:25,2020-10-21 20:17:11
153,-1,402,2020-10-21 20:07:26,2020-10-21 20:07:44
20,0,313,2020-10-21 20:07:29,2020-10-21 20:19:45
55,0,0,2020-10-21 20:07:36,2020-10-21 20:17:51
66,0,0,2020-10-21 20:07:43,2020-10-21 20:18:09
41,0,0,2020-10-21 20:07:43,2020-10-21 20:18:06
153,-1,401,2020-10-21 20:07:44,2020-10-21 20:07:54
103,0,0,2020-10-21 20:07:51,2020-10-21 20:17:05
101,0,0,2020-10-21 20:07:53,2020-10-21 20:17:21
153,-1,301,2020-10-21 20:07:54,2020-10-21 20:11:28
80,0,0,2020-10-21 20:07:56,2020-10-21 20:18:00
89,0,404,2020-10-21 20:08:00,2020-10-21 20:08:48
46,0,0,2020-10-21 20:08:06,2020-10-21 20:16:23
71,0,0,2020-10-21 20:08:07,2020-10-21 20:16:19
36,0,0,2020-10-21 20:08:10,2020-10-21 20:18:38
6,0,0,2020-10-21 20:08:11,2020-10-21 20:19:39
99,0,407,2020-10-21 20:08:17,2020-10-21 20:08:44
118,0,0,2020-10-21 20:08:28,2020-10-21 20:17:34
65,0,0,2020-10-21 20:08:34,2020-10-21 20:04:37
99,0,406,2020-10-21 20:08:44,2020-10-21 20:09:34
31,0,0,2020-10-21 20:08:45,2020-10-21 20:17:12
140,0,0,2020-10-21 20:08:46,2020-10-21 20:18:16
89,0,403,2020-10-21 20:08:48,2020-10-21 20:09:14
68,0,0,2020-10-21 20:08:49,2020-10-21 20:19:11
129,0,0,2020-10-21 20:08:53,2020-10-21 20:20:21
40,0,0,2020-10-21 20:08:53,2020-10-21 20:19:12
100,0,0,2020-10-21 20:08:54,2020-10-21 20:18:24
160,0,0,2020-10-21 20:09:00,2020-10-21 20:17:39
94,0,0,2020-10-21 20:09:04,2020-10-21 20:19:17
102,0,0,2020-10-21 20:09:04,2020-10-21 20:18:22
124,0,0,2020-10-21 20:09:09,2020-10-21 20:14:11
89,0,402,2020-10-21 20:09:14,2020-10-21 20:09:28
49,0,0,2020-10-21 20:09:17,2020-10-21 20:19:15
15,0,0,2020-10-21 20:09:17,2020-10-21 20:19:05
146,0,0,2020-10-21 20:09:17,2020-10-21 20:19:07
17,0,0,2020-10-21 20:09:19,2020-10-21 20:12:56
72,0,0,2020-10-21 20:09:25,2020-10-21 20:18:23
135,142,0,2020-10-21 20:09:27,2020-10-21 20:09:53
89,0,401,2020-10-21 20:09:28,2020-10-21 20:09:39
99,0,405,2020-10-21 20:09:34,2020-10-21 20:10:11
67,0,0,2020-10-21 20:09:38,2020-10-21 20:19:55
132,0,145,2020-10-21 20:09:38,2020-10-21 20:10:42
89,0,301,2020-10-21 20:09:39,2020-10-21 20:12:56
135,142,326,2020-10-21 20:09:53,2020-10-21 20:10:40
24,0,0,2020-10-21 20:10:07,2020-10-21 20:17:19
99,0,404,2020-10-21 20:10:11,2020-10-21 20:10:36
32,0,0,2020-10-21 20:10:12,2020-10-21 20:19:37
126,0,0,2020-10-21 20:10:13,2020-10-21 20:21:23
92,0,0,2020-10-21 20:10:22,2020-10-21 20:20:58
95,0,0,2020-10-21 20:10:33,2020-10-21 20:22:26
88,0,0,2020-10-21 20:10:35,2020-10-21 20:22:40
45,0,0,2020-10-21 20:10:35,2020-10-21 20:19:35
99,0,403,2020-10-21 20:10:36,2020-10-21 20:11:02
135,142,102,2020-10-21 20:10:40,2020-10-21 20:11:44
132,0,320,2020-10-21 20:10:42,2020-10-21 20:11:05
107,0,0,2020-10-21 20:10:43,2020-10-21 20:21:44
83,0,0,2020-10-21 20:10:43,2020-10-21 20:18:35
21,0,0,2020-10-21 20:10:44,2020-10-21 20:21:30
51,0,0,2020-10-21 20:10:51,2020-10-21 20:21:13
105,0,0,2020-10-21 20:10:51,2020-10-21 20:21:33
84,0,0,2020-10-21 20:10:59,2020-10-21 20:19:43
99,0,402,2020-10-21 20:11:02,2020-10-21 20:11:16
132,0,326,2020-10-21 20:11:05,2020-10-21 20:11:53
138,0,0,2020-10-21 20:11:06,2020-10-21 20:19:15
77,0,0,2020-10-21 20:11:07,2020-10-21 20:21:32
73,0,0,2020-10-21 20:11:13,2020-10-21 20:21:14
116,0,0,2020-10-21 20:11:15,2020-10-21 20:20:29
99,0,401,2020-10-21 20:11:16,2020-10-21 20:11:24
141,0,0,2020-10-21 20:11:18,2020-10-21 20:21:06
85,0,0,2020-10-21 20:11:19,2020-10-21 20:21:13
99,0,301,2020-10-21 20:11:24,2020-10-21 20:13:39
153,-1,0,2020-10-21 20:11:28,2020-10-21 23:59:59
74,0,0,2020-10-21 20:11:30,2020-10-21 20:20:32
135,142,321,2020-10-21 20:11:44,2020-10-21 20:14:02
147,0,0,2020-10-21 20:11:51,2020-10-21 20:21:20
132,0,0,2020-10-21 20:11:53,2020-10-21 20:18:57
24,0,0,2020-10-21 20:11:59,2020-10-21 20:10:07
125,0,177,2020-10-21 20:12:21,2020-10-21 20:13:13
149,-1,148,2020-10-21 20:12:23,2020-10-21 20:12:50
63,0,0,2020-10-21 20:12:25,2020-10-21 20:22:21
93,0,0,2020-10-21 20:12:34,2020-10-21 20:17:05
96,0,0,2020-10-21 20:12:36,2020-10-21 20:21:43
120,0,0,2020-10-21 20:12:36,2020-10-21 20:22:09
144,0,0,2020-10-21 20:12:37,2020-10-21 20:24:32
25,0,0,2020-10-21 20:12:41,2020-10-21 20:21:55
148,0,0,2020-10-21 20:12:46,2020-10-21 20:21:43
2,0,0,2020-10-21 20:12:46,2020-10-21 20:24:38
81,0,0,2020-10-21 20:12:48,2020-10-21 20:21:29
149,-1,308,2020-10-21 20:12:50,2020-10-21 20:13:37
89,0,0,2020-10-21 20:12:56,2020-10-21 20:16:06
17,0,0,2020-10-21 20:12:56,2020-10-21 20:23:24
76,0,0,2020-10-21 20:12:56,2020-10-21 20:23:51
75,0,255,2020-10-21 20:13:00,2020-10-21 20:13:37
98,142,0,2020-10-21 20:13:01,2020-10-21 20:19:53
143,0,0,2020-10-21 20:13:04,2020-10-21 20:23:18
131,0,0,2020-10-21 20:13:05,2020-10-21 20:23:35
158,0,0,2020-10-21 20:13:12,2020-10-21 20:23:16
125,0,324,2020-10-21 20:13:13,2020-10-21 20:18:51
121,0,0,2020-10-21 20:13:17,2020-10-21 20:23:25
128,0,176,2020-10-21 20:13:22,2020-10-21 20:14:29
34,0,0,2020-10-21 20:13:24,2020-10-21 20:22:43
149,-1,307,2020-10-21 20:13:37,2020-10-21 20:20:54
75,0,418,2020-10-21 20:13:37,2020-10-21 20:13:46
99,0,0,2020-10-21 20:13:39,2020-10-21 20:17:29
64,0,0,2020-10-21 20:13:42,2020-10-21 20:23:53
75,0,419,2020-10-21 20:13:46,2020-10-21 20:14:17
130,0,0,2020-10-21 20:13:49,2020-10-21 20:25:09
122,0,0,2020-10-21 20:13:52,2020-10-21 20:22:56
133,0,0,2020-10-21 20:13:59,2020-10-21 20:25:03
142,0,0,2020-10-21 20:14:00,2020-10-21 20:23:49
135,142,322,2020-10-21 20:14:02,2020-10-21 20:14:19
19,0,0,2020-10-21 20:14:04,2020-10-21 20:24:35
104,0,0,2020-10-21 20:14:07,2020-10-21 20:23:07
70,0,0,2020-10-21 20:14:08,2020-10-21 20:24:58
124,0,0,2020-10-21 20:14:11,2020-10-21 20:26:04
75,0,421,2020-10-21 20:14:17,2020-10-21 20:15:56
135,142,323,2020-10-21 20:14:19,2020-10-21 20:15:09
78,0,0,2020-10-21 20:14:26,2020-10-21 20:25:06
12,0,0,2020-10-21 20:14:27,2020-10-21 20:24:03
128,0,324,2020-10-21 20:14:29,2020-10-21 20:20:49
33,0,0,2020-10-21 20:14:35,2020-10-21 20:25:35
134,0,0,2020-10-21 20:14:39,2020-10-21 20:24:50
14,0,0,2020-10-21 20:14:44,2020-10-21 20:25:51
123,0,0,2020-10-21 20:14:46,2020-10-21 20:24:44
115,0,0,2020-10-21 20:14:50,2020-10-21 20:24:04
23,0,0,2020-10-21 20:14:58,2020-10-21 20:24:44
117,0,0,2020-10-21 20:15:02,2020-10-21 20:25:26
135,142,173,2020-10-21 20:15:09,2020-10-21 20:39:51
109,0,0,2020-10-21 20:15:11,2020-10-21 20:25:29
16,0,0,2020-10-21 20:15:12,2020-10-21 20:26:37
62,0,0,2020-10-21 20:15:17,2020-10-21 20:26:23
108,0,173,2020-10-21 20:15:20,2020-10-21 20:16:36
119,0,0,2020-10-21 20:15:24,2020-10-21 20:25:04
106,0,0,2020-10-21 20:15:26,2020-10-21 20:26:02
48,0,0,2020-10-21 20:15:29,2020-10-21 20:26:15
44,0,0,2020-10-21 20:15:34,2020-10-21 20:25:50
137,0,0,2020-10-21 20:15:37,2020-10-21 20:26:54
18,0,0,2020-10-21 20:15:40,2020-10-21 20:25:15
75,0,325,2020-10-21 20:15:56,2020-10-21 20:21:00
30,0,0,2020-10-21 20:16:00,2020-10-21 20:23:49
26,0,0,2020-10-21 20:16:04,2020-10-21 20:27:35
4,0,0,2020-10-21 20:16:05,2020-10-21 20:25:28
89,0,0,2020-10-21 20:16:06,2020-10-21 20:26:08
79,-1,0,2020-10-21 20:16:09,2020-10-21 23:59:59
136,0,0,2020-10-21 20:16:10,2020-10-21 20:26:24
56,0,0,2020-10-21 20:16:10,2020-10-21 20:25:23
71,0,0,2020-10-21 20:16:19,2020-10-21 20:26:32
46,0,0,2020-10-21 20:16:23,2020-10-21 20:27:24
127,0,0,2020-10-21 20:16:32,2020-10-21 20:25:11
65,0,0,2020-10-21 20:16:35,2020-10-21 20:27:08
86,0,0,2020-10-21 20:16:35,2020-10-21 20:26:29
108,0,323,2020-10-21 20:16:36,2020-10-21 20:16:51
59,0,0,2020-10-21 20:16:39,2020-10-21 20:25:17
38,0,0,2020-10-21 20:16:44,2020-10-21 20:26:43
90,0,0,2020-10-21 20:16:46,2020-10-21 20:28:18
111,0,0,2020-10-21 20:16:48,2020-10-21 20:25:11
108,0,322,2020-10-21 20:16:51,2020-10-21 20:17:30
39,-1,0,2020-10-21 20:16:54,2020-10-21 23:59:59
53,0,251,2020-10-21 20:17:04,2020-10-21 20:17:15
28,0,174,2020-10-21 20:17:04,2020-10-21 20:17:42
103,0,0,2020-10-21 20:17:05,2020-10-21 20:27:32
93,0,0,2020-10-21 20:17:05,2020-10-21 20:25:30
110,0,0,2020-10-21 20:17:07,2020-10-21 20:26:10
20,0,0,2020-10-21 20:17:10,2020-10-21 20:27:45
82,0,0,2020-10-21 20:17:11,2020-10-21 20:27:13
31,0,0,2020-10-21 20:17:12,2020-10-21 20:28:02
53,0,417,2020-10-21 20:17:15,2020-10-21 20:18:35
24,0,0,2020-10-21 20:17:19,2020-10-21 20:26:36
101,0,0,2020-10-21 20:17:21,2020-10-21 20:26:07
114,0,0,2020-10-21 20:17:21,2020-10-21 20:27:34
97,0,0,2020-10-21 20:17:27,2020-10-21 20:28:29
99,0,0,2020-10-21 20:17:29,2020-10-21 20:28:31
108,0,325,2020-10-21 20:17:30,2020-10-21 20:22:58
11,0,0,2020-10-21 20:17:30,2020-10-21 20:27:02
118,0,0,2020-10-21 20:17:34,2020-10-21 20:28:49
160,0,0,2020-10-21 20:17:39,2020-10-21 20:26:05
28,0,324,2020-10-21 20:17:42,2020-10-21 20:24:34
9,0,0,2020-10-21 20:17:43,2020-10-21 20:26:41
57,0,0,2020-10-21 20:17:44,2020-10-21 20:28:35
60,0,0,2020-10-21 20:17:47,2020-10-21 20:30:16
55,0,0,2020-10-21 20:17:51,2020-10-21 20:28:20
80,-1,0,2020-10-21 20:18:00,2020-10-21 23:59:59
41,0,0,2020-10-21 20:18:06,2020-10-21 20:28:26
69,0,0,2020-10-21 20:18:08,2020-10-21 20:26:59
66,0,0,2020-10-21 20:18:09,2020-10-21 20:27:44
140,0,0,2020-10-21 20:18:16,2020-10-21 20:28:42
5,0,0,2020-10-21 20:18:16,2020-10-21 20:28:21
102,0,0,2020-10-21 20:18:22,2020-10-21 20:29:54
72,0,0,2020-10-21 20:18:23,2020-10-21 20:29:20
100,0,0,2020-10-21 20:18:24,2020-10-21 20:28:00
151,0,0,2020-10-21 20:18:31,2020-10-21 20:29:06
83,0,0,2020-10-21 20:18:35,2020-10-21 20:27:48
53,0,421,2020-10-21 20:18:35,2020-10-21 20:20:16
36,0,0,2020-10-21 20:18:38,2020-10-21 20:29:46
125,0,0,2020-10-21 20:18:51,2020-10-21 20:21:56
132,0,0,2020-10-21 20:18:57,2020-10-21 20:28:08
15,0,0,2020-10-21 20:19:05,2020-10-21 20:28:20
98,0,177,2020-10-21 20:19:06,2020-10-21 20:19:58
146,0,0,2020-10-21 20:19:07,2020-10-21 20:29:03
68,0,0,2020-10-21 20:19:11,2020-10-21 20:28:59
40,0,0,2020-10-21 20:19:12,2020-10-21 20:28:01
138,0,0,2020-10-21 20:19:15,2020-10-21 20:28:28
49,0,0,2020-10-21 20:19:15,2020-10-21 20:29:00
94,0,0,2020-10-21 20:19:17,2020-10-21 20:29:55
45,0,0,2020-10-21 20:19:35,2020-10-21 20:27:05
32,0,0,2020-10-21 20:19:37,2020-10-21 20:29:02
6,0,0,2020-10-21 20:19:39,2020-10-21 20:31:13
84,0,0,2020-10-21 20:19:43,2020-10-21 20:29:39
20,0,0,2020-10-21 20:19:45,2020-10-21 20:17:10
98,142,324,2020-10-21 20:19:53,2020-10-21 20:20:49
67,0,0,2020-10-21 20:19:55,2020-10-21 20:27:01
98,0,324,2020-10-21 20:19:58,2020-10-21 20:25:36
53,0,325,2020-10-21 20:20:16,2020-10-21 20:27:06
129,0,0,2020-10-21 20:20:21,2020-10-21 20:29:31
116,0,0,2020-10-21 20:20:29,2020-10-21 20:31:12
74,0,0,2020-10-21 20:20:32,2020-10-21 20:29:53
128,0,0,2020-10-21 20:20:49,2020-10-21 20:23:26
98,142,177,2020-10-21 20:20:49,2020-10-21 20:19:06
149,-1,0,2020-10-21 20:20:54,2020-10-21 23:59:59
92,0,0,2020-10-21 20:20:58,2020-10-21 20:32:08
75,0,0,2020-10-21 20:21:00,2020-10-21 20:23:24
141,142,0,2020-10-21 20:21:06,2020-10-21 20:31:44
85,0,0,2020-10-21 20:21:13,2020-10-21 20:29:49
51,0,0,2020-10-21 20:21:13,2020-10-21 20:32:24
73,0,0,2020-10-21 20:21:14,2020-10-21 20:31:31
147,0,0,2020-10-21 20:21:20,2020-10-21 20:32:34
126,0,0,2020-10-21 20:21:23,2020-10-21 20:28:35
81,0,0,2020-10-21 20:21:29,2020-10-21 20:30:48
21,0,0,2020-10-21 20:21:30,2020-10-21 20:31:19
77,0,0,2020-10-21 20:21:32,2020-10-21 20:31:06
105,0,0,2020-10-21 20:21:33,2020-10-21 20:31:56
96,0,0,2020-10-21 20:21:43,2020-10-21 20:31:13
148,0,0,2020-10-21 20:21:43,2020-10-21 20:32:41
107,0,0,2020-10-21 20:21:44,2020-10-21 20:33:15
25,0,0,2020-10-21 20:21:55,2020-10-21 20:33:16
125,0,0,2020-10-21 20:21:56,2020-10-21 20:32:23
120,0,0,2020-10-21 20:22:09,2020-10-21 20:31:41
63,0,0,2020-10-21 20:22:21,2020-10-21 20:32:02
95,0,0,2020-10-21 20:22:26,2020-10-21 20:32:39
88,0,0,2020-10-21 20:22:40,2020-10-21 20:33:07
34,0,0,2020-10-21 20:22:43,2020-10-21 20:33:01
122,0,0,2020-10-21 20:22:56,2020-10-21 20:32:40
108,0,0,2020-10-21 20:22:58,2020-10-21 20:25:57
104,0,0,2020-10-21 20:23:07,2020-10-21 20:33:01
158,0,0,2020-10-21 20:23:16,2020-10-21 20:36:20
143,0,0,2020-10-21 20:23:18,2020-10-21 20:35:50
75,0,0,2020-10-21 20:23:24,2020-10-21 20:32:19
17,0,0,2020-10-21 20:23:24,2020-10-21 20:33:06
121,0,0,2020-10-21 20:23:25,2020-10-21 20:33:51
128,0,0,2020-10-21 20:23:26,2020-10-21 20:34:27
131,0,0,2020-10-21 20:23:35,2020-10-21 20:33:01
142,0,0,2020-10-21 20:23:49,2020-10-21 20:34:13
30,0,0,2020-10-21 20:23:49,2020-10-21 20:34:06
76,0,0,2020-10-21 20:23:51,2020-10-21 20:36:19
64,0,0,2020-10-21 20:23:53,2020-10-21 20:33:53
12,0,0,2020-10-21 20:24:03,2020-10-21 20:33:11
115,0,0,2020-10-21 20:24:04,2020-10-21 20:33:23
144,0,0,2020-10-21 20:24:32,2020-10-21 20:35:51
28,0,0,2020-10-21 20:24:34,2020-10-21 20:27:55
19,0,0,2020-10-21 20:24:35,2020-10-21 20:33:35
2,0,0,2020-10-21 20:24:38,2020-10-21 20:35:57
123,0,0,2020-10-21 20:24:44,2020-10-21 20:34:40
23,0,0,2020-10-21 20:24:44,2020-10-21 20:35:27
134,0,0,2020-10-21 20:24:50,2020-10-21 20:33:50
70,0,0,2020-10-21 20:24:58,2020-10-21 20:34:58
133,0,0,2020-10-21 20:25:03,2020-10-21 20:34:21
119,0,0,2020-10-21 20:25:04,2020-10-21 20:34:32
78,0,0,2020-10-21 20:25:06,2020-10-21 20:33:44
130,0,0,2020-10-21 20:25:09,2020-10-21 20:35:53
111,0,0,2020-10-21 20:25:11,2020-10-21 20:37:04
127,0,0,2020-10-21 20:25:11,2020-10-21 20:35:08
18,0,0,2020-10-21 20:25:15,2020-10-21 20:35:09
59,0,0,2020-10-21 20:25:17,2020-10-21 20:36:29
56,0,0,2020-10-21 20:25:23,2020-10-21 20:36:59
117,0,0,2020-10-21 20:25:26,2020-10-21 20:34:56
4,0,0,2020-10-21 20:25:28,2020-10-21 20:35:26
109,0,0,2020-10-21 20:25:29,2020-10-21 20:36:53
93,0,0,2020-10-21 20:25:30,2020-10-21 20:34:39
33,0,0,2020-10-21 20:25:35,2020-10-21 20:36:07
98,0,0,2020-10-21 20:25:36,2020-10-21 20:29:20
44,0,0,2020-10-21 20:25:50,2020-10-21 20:36:41
14,0,0,2020-10-21 20:25:51,2020-10-21 20:33:39
108,0,0,2020-10-21 20:25:57,2020-10-21 20:34:41
106,0,0,2020-10-21 20:26:02,2020-10-21 20:37:08
124,0,0,2020-10-21 20:26:04,2020-10-21 20:34:33
160,0,0,2020-10-21 20:26:05,2020-10-21 20:36:21
101,0,0,2020-10-21 20:26:07,2020-10-21 20:38:10
89,0,0,2020-10-21 20:26:08,2020-10-21 20:36:38
110,0,0,2020-10-21 20:26:10,2020-10-21 20:36:27
48,0,0,2020-10-21 20:26:15,2020-10-21 20:36:04
62,0,0,2020-10-21 20:26:23,2020-10-21 20:36:35
136,0,0,2020-10-21 20:26:24,2020-10-21 20:37:58
86,0,0,2020-10-21 20:26:29,2020-10-21 20:37:30
71,0,0,2020-10-21 20:26:32,2020-10-21 20:38:55
24,0,0,2020-10-21 20:26:36,2020-10-21 20:36:53
16,0,0,2020-10-21 20:26:37,2020-10-21 20:36:04
50,0,124,2020-10-21 20:26:40,2020-10-21 20:27:00
9,0,0,2020-10-21 20:26:41,2020-10-21 20:36:06
38,0,0,2020-10-21 20:26:43,2020-10-21 20:36:20
137,0,0,2020-10-21 20:26:54,2020-10-21 20:38:18
69,0,0,2020-10-21 20:26:59,2020-10-21 20:36:38
50,0,304,2020-10-21 20:27:00,2020-10-21 20:27:30
67,0,0,2020-10-21 20:27:01,2020-10-21 20:37:03
11,0,0,2020-10-21 20:27:02,2020-10-21 20:36:40
45,0,0,2020-10-21 20:27:05,2020-10-21 20:36:07
53,0,0,2020-10-21 20:27:06,2020-10-21 20:27:34
65,0,0,2020-10-21 20:27:08,2020-10-21 20:37:16
82,0,0,2020-10-21 20:27:13,2020-10-21 20:38:10
46,0,0,2020-10-21 20:27:24,2020-10-21 20:39:51
50,0,303,2020-10-21 20:27:30,2020-10-21 20:27:53
103,0,0,2020-10-21 20:27:32,2020-10-21 20:36:29
114,0,0,2020-10-21 20:27:34,2020-10-21 20:37:34
53,0,0,2020-10-21 20:27:34,2020-10-21 20:37:53
26,0,0,2020-10-21 20:27:35,2020-10-21 20:36:14
66,0,0,2020-10-21 20:27:44,2020-10-21 20:37:38
20,0,0,2020-10-21 20:27:45,2020-10-21 20:38:38
83,0,0,2020-10-21 20:27:48,2020-10-21 20:39:33
50,0,302,2020-10-21 20:27:53,2020-10-21 20:28:20
28,0,0,2020-10-21 20:27:55,2020-10-21 20:37:23
100,0,0,2020-10-21 20:28:00,2020-10-21 20:36:20
40,0,0,2020-10-21 20:28:01,2020-10-21 20:35:11
31,0,0,2020-10-21 20:28:02,2020-10-21 20:40:34
132,0,0,2020-10-21 20:28:08,2020-10-21 20:38:52
90,0,0,2020-10-21 20:28:18,2020-10-21 20:38:21
50,0,301,2020-10-21 20:28:20,2020-10-21 20:30:47
55,0,0,2020-10-21 20:28:20,2020-10-21 20:39:23
15,0,0,2020-10-21 20:28:20,2020-10-21 20:39:08
5,0,0,2020-10-21 20:28:21,2020-10-21 20:39:35
41,0,0,2020-10-21 20:28:26,2020-10-21 20:39:14
138,0,0,2020-10-21 20:28:28,2020-10-21 20:37:40
97,0,0,2020-10-21 20:28:29,2020-10-21 20:39:26
99,0,0,2020-10-21 20:28:31,2020-10-21 20:38:40
126,0,0,2020-10-21 20:28:35,2020-10-21 20:38:44
57,0,0,2020-10-21 20:28:35,2020-10-21 20:37:21
140,0,0,2020-10-21 20:28:42,2020-10-21 20:39:40
118,0,0,2020-10-21 20:28:49,2020-10-21 20:38:56
68,0,0,2020-10-21 20:28:59,2020-10-21 20:39:25
49,0,0,2020-10-21 20:29:00,2020-10-21 20:38:25
32,0,0,2020-10-21 20:29:02,2020-10-21 20:39:50
146,0,0,2020-10-21 20:29:03,2020-10-21 20:37:29
151,0,0,2020-10-21 20:29:06,2020-10-21 20:39:38
98,0,0,2020-10-21 20:29:20,2020-10-21 20:39:37
72,0,0,2020-10-21 20:29:20,2020-10-21 20:39:22
150,-1,224,2020-10-21 20:29:21,2020-10-21 20:29:59
129,0,0,2020-10-21 20:29:31,2020-10-21 20:41:13
84,0,0,2020-10-21 20:29:39,2020-10-21 20:38:08
36,0,0,2020-10-21 20:29:46,2020-10-21 20:39:11
85,0,0,2020-10-21 20:29:49,2020-10-21 20:40:27
74,0,0,2020-10-21 20:29:53,2020-10-21 20:38:19
102,0,0,2020-10-21 20:29:54,2020-10-21 20:39:12
94,0,0,2020-10-21 20:29:55,2020-10-21 20:39:49
150,-1,404,2020-10-21 20:29:59,2020-10-21 20:30:30
60,0,0,2020-10-21 20:30:16,2020-10-21 20:41:06
150,-1,403,2020-10-21 20:30:30,2020-10-21 20:30:55
50,0,0,2020-10-21 20:30:47,2020-10-21 20:36:30
81,0,0,2020-10-21 20:30:48,2020-10-21 20:39:30
150,-1,402,2020-10-21 20:30:55,2020-10-21 20:31:07
77,0,0,2020-10-21 20:31:06,2020-10-21 20:41:13
150,-1,401,2020-10-21 20:31:07,2020-10-21 20:31:17
116,0,0,2020-10-21 20:31:12,2020-10-21 20:41:55
6,0,0,2020-10-21 20:31:13,2020-10-21 20:40:09
96,-1,0,2020-10-21 20:31:13,2020-10-21 23:59:59
150,-1,301,2020-10-21 20:31:17,2020-10-21 20:33:43
21,0,0,2020-10-21 20:31:19,2020-10-21 20:41:54
54,0,102,2020-10-21 20:31:26,2020-10-21 20:31:53
73,0,0,2020-10-21 20:31:31,2020-10-21 20:42:37
120,0,0,2020-10-21 20:31:41,2020-10-21 20:42:15
141,142,313,2020-10-21 20:31:44,2020-10-21 20:32:48
54,0,326,2020-10-21 20:31:53,2020-10-21 20:32:47
105,0,0,2020-10-21 20:31:56,2020-10-21 20:42:11
63,0,0,2020-10-21 20:32:02,2020-10-21 20:42:00
92,-1,0,2020-10-21 20:32:08,2020-10-21 23:59:59
75,0,0,2020-10-21 20:32:19,2020-10-21 20:42:35
125,0,0,2020-10-21 20:32:23,2020-10-21 20:42:54
51,0,0,2020-10-21 20:32:24,2020-10-21 20:43:07
147,0,0,2020-10-21 20:32:34,2020-10-21 20:41:51
95,0,0,2020-10-21 20:32:39,2020-10-21 20:40:39
122,0,0,2020-10-21 20:32:40,2020-10-21 20:42:35
148,0,0,2020-10-21 20:32:41,2020-10-21 20:43:41
54,0,0,2020-10-21 20:32:47,2020-10-21 20:41:54
141,142,163,2020-10-21 20:32:48,2020-10-21 20:45:53
113,0,214,2020-10-21 20:32:53,2020-10-21 20:34:12
34,0,0,2020-10-21 20:33:01,2020-10-21 20:41:30
131,0,0,2020-10-21 20:33:01,2020-10-21 20:45:03
104,0,0,2020-10-21 20:33:01,2020-10-21 20:41:17
17,0,0,2020-10-21 20:33:06,2020-10-21 20:43:25
88,0,0,2020-10-21 20:33:07,2020-10-21 20:42:54
12,0,0,2020-10-21 20:33:11,2020-10-21 20:43:06
107,0,0,2020-10-21 20:33:15,2020-10-21 20:43:47
25,-1,0,2020-10-21 20:33:16,2020-10-21 23:59:59
115,0,0,2020-10-21 20:33:23,2020-10-21 20:42:08
19,0,0,2020-10-21 20:33:35,2020-10-21 20:44:11
14,0,0,2020-10-21 20:33:39,2020-10-21 20:43:05
150,-1,0,2020-10-21 20:33:43,2020-10-21 23:59:59
78,0,0,2020-10-21 20:33:44,2020-10-21 20:45:08
134,0,0,2020-10-21 20:33:50,2020-10-21 20:43:47
121,0,0,2020-10-21 20:33:51,2020-10-21 20:43:30
64,0,0,2020-10-21 20:33:53,2020-10-21 20:42:47
30,0,0,2020-10-21 20:34:06,2020-10-21 20:45:41
113,0,407,2020-10-21 20:34:12,2020-10-21 20:34:39
142,0,0,2020-10-21 20:34:13,2020-10-21 20:42:29
133,0,0,2020-10-21 20:34:21,2020-10-21 20:43:27
128,0,0,2020-10-21 20:34:27,2020-10-21 20:44:11
119,0,0,2020-10-21 20:34:32,2020-10-21 20:44:00
124,0,0,2020-10-21 20:34:33,2020-10-21 20:43:26
113,0,406,2020-10-21 20:34:39,2020-10-21 20:35:29
93,0,0,2020-10-21 20:34:39,2020-10-21 20:43:29
123,0,0,2020-10-21 20:34:40,2020-10-21 20:44:46
108,0,0,2020-10-21 20:34:41,2020-10-21 20:45:35
156,-1,112,2020-10-21 20:34:47,2020-10-21 20:35:16
117,0,0,2020-10-21 20:34:56,2020-10-21 20:45:00
70,0,0,2020-10-21 20:34:58,2020-10-21 20:45:57
127,0,0,2020-10-21 20:35:08,2020-10-21 20:45:25
18,0,0,2020-10-21 20:35:09,2020-10-21 20:46:41
40,0,0,2020-10-21 20:35:11,2020-10-21 20:45:33
156,-1,315,2020-10-21 20:35:16,2020-10-21 20:36:29
4,0,0,2020-10-21 20:35:26,2020-10-21 20:44:24
23,0,0,2020-10-21 20:35:27,2020-10-21 20:47:25
113,0,405,2020-10-21 20:35:29,2020-10-21 20:36:06
143,0,0,2020-10-21 20:35:50,2020-10-21 20:44:33
144,0,0,2020-10-21 20:35:51,2020-10-21 20:46:49
130,0,0,2020-10-21 20:35:53,2020-10-21 20:45:41
2,0,0,2020-10-21 20:35:57,2020-10-21 20:47:20
16,-1,0,2020-10-21 20:36:04,2020-10-21 23:59:59
48,-1,0,2020-10-21 20:36:04,2020-10-21 23:59:59
9,0,0,2020-10-21 20:36:06,2020-10-21 20:44:13
113,0,404,2020-10-21 20:36:06,2020-10-21 20:36:31
45,0,0,2020-10-21 20:36:07,2020-10-21 20:46:29
33,0,0,2020-10-21 20:36:07,2020-10-21 20:46:25
26,0,0,2020-10-21 20:36:14,2020-10-21 20:46:20
76,0,0,2020-10-21 20:36:19,2020-10-21 20:46:24
158,0,0,2020-10-21 20:36:20,2020-10-21 20:45:58
38,0,0,2020-10-21 20:36:20,2020-10-21 20:46:51
100,0,0,2020-10-21 20:36:20,2020-10-21 20:47:09
160,0,0,2020-10-21 20:36:21,2020-10-21 20:45:51
110,0,0,2020-10-21 20:36:27,2020-10-21 20:45:57
103,0,0,2020-10-21 20:36:29,2020-10-21 20:47:18
59,0,0,2020-10-21 20:36:29,2020-10-21 20:46:08
156,-1,320,2020-10-21 20:36:29,2020-10-21 20:36:50
50,0,0,2020-10-21 20:36:30,2020-10-21 20:46:58
113,0,403,2020-10-21 20:36:31,2020-10-21 20:36:57
62,0,0,2020-10-21 20:36:35,2020-10-21 20:46:30
89,0,0,2020-10-21 20:36:38,2020-10-21 20:46:38
69,-1,0,2020-10-21 20:36:38,2020-10-21 23:59:59
11,0,0,2020-10-21 20:36:40,2020-10-21 20:45:56
44,0,0,2020-10-21 20:36:41,2020-10-21 20:46:43
156,-1,326,2020-10-21 20:36:50,2020-10-21 20:37:12
24,0,0,2020-10-21 20:36:53,2020-10-21 20:46:18
109,0,0,2020-10-21 20:36:53,2020-10-21 20:47:19
113,0,402,2020-10-21 20:36:57,2020-10-21 20:37:11
56,0,0,2020-10-21 20:36:59,2020-10-21 20:47:44
67,0,0,2020-10-21 20:37:03,2020-10-21 20:48:13
111,0,0,2020-10-21 20:37:04,2020-10-21 20:48:03
106,0,0,2020-10-21 20:37:08,2020-10-21 20:46:37
113,0,401,2020-10-21 20:37:11,2020-10-21 20:37:19
156,-1,0,2020-10-21 20:37:12,2020-10-21 23:59:59
65,0,0,2020-10-21 20:37:16,2020-10-21 20:48:22
113,0,301,2020-10-21 20:37:19,2020-10-21 20:39:34
57,-1,0,2020-10-21 20:37:21,2020-10-21 23:59:59
28,0,0,2020-10-21 20:37:23,2020-10-21 20:46:54
146,0,0,2020-10-21 20:37:29,2020-10-21 20:49:13
10,0,102,2020-10-21 20:37:29,2020-10-21 20:37:56
86,0,0,2020-10-21 20:37:30,2020-10-21 20:47:42
114,0,0,2020-10-21 20:37:34,2020-10-21 20:47:04
66,0,0,2020-10-21 20:37:38,2020-10-21 20:48:44
138,0,0,2020-10-21 20:37:40,2020-10-21 20:47:50
53,0,0,2020-10-21 20:37:53,2020-10-21 20:47:26
10,0,326,2020-10-21 20:37:56,2020-10-21 20:38:50
136,0,0,2020-10-21 20:37:58,2020-10-21 20:48:05
84,0,0,2020-10-21 20:38:08,2020-10-21 20:48:58
82,-1,0,2020-10-21 20:38:10,2020-10-21 23:59:59
101,0,0,2020-10-21 20:38:10,2020-10-21 20:47:59
137,0,0,2020-10-21 20:38:18,2020-10-21 20:49:16
74,0,0,2020-10-21 20:38:19,2020-10-21 20:47:01
90,-1,0,2020-10-21 20:38:21,2020-10-21 23:59:59
49,0,0,2020-10-21 20:38:25,2020-10-21 20:47:17
20,0,0,2020-10-21 20:38:38,2020-10-21 20:50:29
99,0,0,2020-10-21 20:38:40,2020-10-21 20:50:55
126,0,0,2020-10-21 20:38:44,2020-10-21 20:50:20
10,0,0,2020-10-21 20:38:50,2020-10-21 20:48:59
132,0,0,2020-10-21 20:38:52,2020-10-21 20:49:55
71,0,0,2020-10-21 20:38:55,2020-10-21 20:48:15
118,0,0,2020-10-21 20:38:56,2020-10-21 20:46:59
15,-1,0,2020-10-21 20:39:08,2020-10-21 23:59:59
36,0,0,2020-10-21 20:39:11,2020-10-21 20:49:19
102,0,0,2020-10-21 20:39:12,2020-10-21 20:50:56
41,0,0,2020-10-21 20:39:14,2020-10-21 20:49:42
72,0,0,2020-10-21 20:39:22,2020-10-21 20:48:40
55,0,0,2020-10-21 20:39:23,2020-10-21 20:49:53
68,0,0,2020-10-21 20:39:25,2020-10-21 20:50:31
97,0,0,2020-10-21 20:39:26,2020-10-21 20:50:06
81,0,0,2020-10-21 20:39:30,2020-10-21 20:49:27
83,0,0,2020-10-21 20:39:33,2020-10-21 20:48:44
113,0,0,2020-10-21 20:39:34,2020-10-21 20:42:21
5,0,0,2020-10-21 20:39:35,2020-10-21 20:50:44
98,0,0,2020-10-21 20:39:37,2020-10-21 20:49:59
151,0,0,2020-10-21 20:39:38,2020-10-21 20:49:24
140,0,0,2020-10-21 20:39:40,2020-10-21 20:50:01
94,0,0,2020-10-21 20:39:49,2020-10-21 20:50:12
32,0,0,2020-10-21 20:39:50,2020-10-21 20:49:58
46,-1,0,2020-10-21 20:39:51,2020-10-21 23:59:59
135,0,173,2020-10-21 20:39:51,2020-10-21 20:41:07
6,0,0,2020-10-21 20:40:09,2020-10-21 20:50:03
85,0,0,2020-10-21 20:40:27,2020-10-21 20:52:10
31,0,0,2020-10-21 20:40:34,2020-10-21 20:49:04
95,-1,0,2020-10-21 20:40:39,2020-10-21 23:59:59
60,0,0,2020-10-21 20:41:06,2020-10-21 20:50:23
135,0,323,2020-10-21 20:41:07,2020-10-21 20:41:22
129,0,0,2020-10-21 20:41:13,2020-10-21 20:50:26
77,0,0,2020-10-21 20:41:13,2020-10-21 20:51:27
104,0,0,2020-10-21 20:41:17,2020-10-21 20:51:41
135,0,322,2020-10-21 20:41:22,2020-10-21 20:42:01
34,-1,0,2020-10-21 20:41:30,2020-10-21 23:59:59
35,0,250,2020-10-21 20:41:40,2020-10-21 20:42:00
147,0,0,2020-10-21 20:41:51,2020-10-21 20:51:50
54,0,0,2020-10-21 20:41:54,2020-10-21 20:51:27
21,-1,0,2020-10-21 20:41:54,2020-10-21 23:59:59
116,0,0,2020-10-21 20:41:55,2020-10-21 20:51:56
63,0,0,2020-10-21 20:42:00,2020-10-21 20:53:48
35,0,416,2020-10-21 20:42:00,2020-10-21 20:42:44
135,0,325,2020-10-21 20:42:01,2020-10-21 20:47:29
115,0,0,2020-10-21 20:42:08,2020-10-21 20:52:42
105,0,0,2020-10-21 20:42:11,2020-10-21 20:51:52
120,0,0,2020-10-21 20:42:15,2020-10-21 20:50:50
113,0,0,2020-10-21 20:42:21,2020-10-21 20:50:50
142,0,0,2020-10-21 20:42:29,2020-10-21 20:53:12
37,0,106,2020-10-21 20:42:31,2020-10-21 20:42:51
75,0,0,2020-10-21 20:42:35,2020-10-21 20:52:11
122,0,0,2020-10-21 20:42:35,2020-10-21 20:53:52
73,0,0,2020-10-21 20:42:37,2020-10-21 20:51:36
35,0,415,2020-10-21 20:42:44,2020-10-21 20:43:52
64,0,0,2020-10-21 20:42:47,2020-10-21 20:54:34
37,0,316,2020-10-21 20:42:51,2020-10-21 20:43:27
125,0,0,2020-10-21 20:42:54,2020-10-21 20:50:52
88,-1,0,2020-10-21 20:42:54,2020-10-21 23:59:59
14,0,0,2020-10-21 20:43:05,2020-10-21 20:52:13
12,0,0,2020-10-21 20:43:06,2020-10-21 20:52:28
51,0,0,2020-10-21 20:43:07,2020-10-21 20:52:17
17,0,0,2020-10-21 20:43:25,2020-10-21 20:52:45
124,0,0,2020-10-21 20:43:26,2020-10-21 20:53:30
133,0,0,2020-10-21 20:43:27,2020-10-21 20:51:09
37,0,315,2020-10-21 20:43:27,2020-10-21 20:45:06
93,0,0,2020-10-21 20:43:29,2020-10-21 20:53:29
121,0,0,2020-10-21 20:43:30,2020-10-21 20:53:01
148,0,0,2020-10-21 20:43:41,2020-10-21 20:53:21
134,0,0,2020-10-21 20:43:47,2020-10-21 20:53:51
107,0,0,2020-10-21 20:43:47,2020-10-21 20:54:04
35,0,412,2020-10-21 20:43:52,2020-10-21 20:45:06
119,0,0,2020-10-21 20:44:00,2020-10-21 20:53:42
128,0,0,2020-10-21 20:44:11,2020-10-21 20:53:58
19,-1,0,2020-10-21 20:44:11,2020-10-21 23:59:59
9,0,0,2020-10-21 20:44:13,2020-10-21 20:54:48
4,0,0,2020-10-21 20:44:24,2020-10-21 20:54:24
143,0,0,2020-10-21 20:44:33,2020-10-21 20:56:39
123,0,0,2020-10-21 20:44:46,2020-10-21 20:53:14
8,-1,161,2020-10-21 20:44:57,2020-10-21 20:45:45
117,0,0,2020-10-21 20:45:00,2020-10-21 20:56:23
131,0,0,2020-10-21 20:45:03,2020-10-21 20:55:36
37,0,320,2020-10-21 20:45:06,2020-10-21 20:45:23
35,0,403,2020-10-21 20:45:06,2020-10-21 20:45:39
78,0,0,2020-10-21 20:45:08,2020-10-21 20:55:48
37,0,326,2020-10-21 20:45:23,2020-10-21 20:46:13
127,0,0,2020-10-21 20:45:25,2020-10-21 20:56:15
40,0,0,2020-10-21 20:45:33,2020-10-21 20:56:03
108,0,0,2020-10-21 20:45:35,2020-10-21 20:54:17
35,0,402,2020-10-21 20:45:39,2020-10-21 20:45:56
30,0,0,2020-10-21 20:45:41,2020-10-21 20:55:27
130,0,0,2020-10-21 20:45:41,2020-10-21 20:54:35
8,-1,310,2020-10-21 20:45:45,2020-10-21 20:45:50
8,-1,309,2020-10-21 20:45:50,2020-10-21 20:46:24
160,0,0,2020-10-21 20:45:51,2020-10-21 20:55:28
141,0,163,2020-10-21 20:45:53,2020-10-21 20:47:24
11,0,0,2020-10-21 20:45:56,2020-10-21 20:56:22
35,0,401,2020-10-21 20:45:56,2020-10-21 20:46:05
70,0,0,2020-10-21 20:45:57,2020-10-21 20:55:00
110,0,0,2020-10-21 20:45:57,2020-10-21 20:54:35
158,0,0,2020-10-21 20:45:58,2020-10-21 20:55:13
35,0,301,2020-10-21 20:46:05,2020-10-21 20:48:20
59,0,0,2020-10-21 20:46:08,2020-10-21 20:58:02
37,0,0,2020-10-21 20:46:13,2020-10-21 20:51:49
24,-1,0,2020-10-21 20:46:18,2020-10-21 23:59:59
26,-1,0,2020-10-21 20:46:20,2020-10-21 23:59:59
8,-1,308,2020-10-21 20:46:24,2020-10-21 20:46:54
76,0,0,2020-10-21 20:46:24,2020-10-21 20:57:17
33,0,0,2020-10-21 20:46:25,2020-10-21 20:56:13
45,-1,0,2020-10-21 20:46:29,2020-10-21 23:59:59
62,0,0,2020-10-21 20:46:30,2020-10-21 20:58:09
106,0,0,2020-10-21 20:46:37,2020-10-21 20:57:18
89,0,0,2020-10-21 20:46:38,2020-10-21 20:57:38
18,0,0,2020-10-21 20:46:41,2020-10-21 20:56:45
44,0,0,2020-10-21 20:46:43,2020-10-21 20:57:25
144,0,0,2020-10-21 20:46:49,2020-10-21 20:57:35
38,0,0,2020-10-21 20:46:51,2020-10-21 20:56:58
28,0,0,2020-10-21 20:46:54,2020-10-21 20:55:25
8,-1,307,2020-10-21 20:46:54,2020-10-21 20:53:21
50,0,0,2020-10-21 20:46:58,2020-10-21 20:59:20
118,0,0,2020-10-21 20:46:59,2020-10-21 20:57:48
74,-1,0,2020-10-21 20:47:01,2020-10-21 23:59:59
114,0,0,2020-10-21 20:47:04,2020-10-21 20:57:00
100,0,0,2020-10-21 20:47:09,2020-10-21 20:57:39
49,0,0,2020-10-21 20:47:17,2020-10-21 20:57:11
103,0,0,2020-10-21 20:47:18,2020-10-21 20:58:01
109,0,0,2020-10-21 20:47:19,2020-10-21 20:57:45
2,0,0,2020-10-21 20:47:20,2020-10-21 20:56:35
141,0,313,2020-10-21 20:47:24,2020-10-21 20:59:40
23,0,0,2020-10-21 20:47:25,2020-10-21 20:57:06
53,0,0,2020-10-21 20:47:26,2020-10-21 20:57:42
135,0,0,2020-10-21 20:47:29,2020-10-21 20:51:05
86,0,0,2020-10-21 20:47:42,2020-10-21 20:57:27
56,0,0,2020-10-21 20:47:44,2020-10-21 20:56:24
138,0,0,2020-10-21 20:47:50,2020-10-21 20:57:35
101,0,0,2020-10-21 20:47:59,2020-10-21 20:57:51
111,0,0,2020-10-21 20:48:03,2020-10-21 20:58:44
136,0,0,2020-10-21 20:48:05,2020-10-21 20:59:32
67,-1,0,2020-10-21 20:48:13,2020-10-21 23:59:59
71,0,0,2020-10-21 20:48:15,2020-10-21 20:59:12
35,0,0,2020-10-21 20:48:20,2020-10-21 20:52:19
65,0,0,2020-10-21 20:48:22,2020-10-21 20:58:15
72,0,0,2020-10-21 20:48:40,2020-10-21 20:58:07
83,0,0,2020-10-21 20:48:44,2020-10-21 20:56:42
66,0,0,2020-10-21 20:48:44,2020-10-21 20:58:54
84,0,0,2020-10-21 20:48:58,2020-10-21 20:58:55
10,0,0,2020-10-21 20:48:59,2020-10-21 20:58:35
31,0,0,2020-10-21 20:49:04,2020-10-21 20:59:03
146,0,0,2020-10-21 20:49:13,2020-10-21 20:59:05
137,0,0,2020-10-21 20:49:16,2020-10-21 20:59:25
36,0,0,2020-10-21 20:49:19,2020-10-21 20:59:35
151,0,0,2020-10-21 20:49:24,2020-10-21 21:01:06
81,0,0,2020-10-21 20:49:27,2020-10-21 21:00:17
41,-1,0,2020-10-21 20:49:42,2020-10-21 23:59:59
55,0,0,2020-10-21 20:49:53,2020-10-21 20:58:54
132,0,0,2020-10-21 20:49:55,2020-10-21 21:00:16
32,0,0,2020-10-21 20:49:58,2020-10-21 20:59:40
98,0,0,2020-10-21 20:49:59,2020-10-21 20:58:42
140,0,0,2020-10-21 20:50:01,2020-10-21 21:00:52
6,-1,0,2020-10-21 20:50:03,2020-10-21 23:59:59
97,0,0,2020-10-21 20:50:06,2020-10-21 21:00:15
94,0,0,2020-10-21 20:50:12,2020-10-21 21:00:50
126,0,0,2020-10-21 20:50:20,2020-10-21 20:59:52
60,-1,0,2020-10-21 20:50:23,2020-10-21 23:59:59
129,0,0,2020-10-21 20:50:26,2020-10-21 21:01:36
20,0,0,2020-10-21 20:50:29,2020-10-21 21:00:23
68,0,0,2020-10-21 20:50:31,2020-10-21 21:01:43
5,0,0,2020-10-21 20:50:44,2020-10-21 21:00:16
113,0,0,2020-10-21 20:50:50,2020-10-21 21:00:49
120,0,0,2020-10-21 20:50:50,2020-10-21 21:00:24
125,0,0,2020-10-21 20:50:52,2020-10-21 21:01:00
99,0,0,2020-10-21 20:50:55,2020-10-21 20:59:21
102,0,0,2020-10-21 20:50:56,2020-10-21 21:00:12
139,0,215,2020-10-21 20:51:01,2020-10-21 20:51:30
135,0,0,2020-10-21 20:51:05,2020-10-21 21:01:27
133,0,0,2020-10-21 20:51:09,2020-10-21 21:00:32
77,0,0,2020-10-21 20:51:27,2020-10-21 21:00:34
54,0,0,2020-10-21 20:51:27,2020-10-21 21:01:40
139,0,410,2020-10-21 20:51:30,2020-10-21 20:51:39
73,-1,0,2020-10-21 20:51:36,2020-10-21 23:59:59
139,0,313,2020-10-21 20:51:39,2020-10-21 20:59:34
104,0,0,2020-10-21 20:51:41,2020-10-21 21:03:04
37,0,0,2020-10-21 20:51:49,2020-10-21 21:02:58
147,0,0,2020-10-21 20:51:50,2020-10-21 21:01:43
105,0,0,2020-10-21 20:51:52,2020-10-21 21:01:41
116,0,0,2020-10-21 20:51:56,2020-10-21 21:02:58
85,0,0,2020-10-21 20:52:10,2020-10-21 21:01:02
75,0,0,2020-10-21 20:52:11,2020-10-21 21:01:42
14,0,0,2020-10-21 20:52:13,2020-10-21 21:00:50
51,-1,0,2020-10-21 20:52:17,2020-10-21 23:59:59
35,0,0,2020-10-21 20:52:19,2020-10-21 21:05:10
12,0,0,2020-10-21 20:52:28,2020-10-21 21:02:43
115,0,0,2020-10-21 20:52:42,2020-10-21 21:01:21
17,-1,0,2020-10-21 20:52:45,2020-10-21 23:59:59
121,0,0,2020-10-21 20:53:01,2020-10-21 21:04:39
142,0,0,2020-10-21 20:53:12,2020-10-21 21:04:36
123,0,0,2020-10-21 20:53:14,2020-10-21 21:03:14
148,0,0,2020-10-21 20:53:21,2020-10-21 21:03:09
8,-1,0,2020-10-21 20:53:21,2020-10-21 23:59:59
93,0,0,2020-10-21 20:53:29,2020-10-21 21:03:50
124,0,0,2020-10-21 20:53:30,2020-10-21 21:03:49
119,0,0,2020-10-21 20:53:42,2020-10-21 21:04:32
63,0,0,2020-10-21 20:53:48,2020-10-21 21:04:10
134,0,0,2020-10-21 20:53:51,2020-10-21 21:02:45
122,0,0,2020-10-21 20:53:52,2020-10-21 21:02:06
128,0,0,2020-10-21 20:53:58,2020-10-21 21:03:46
107,0,0,2020-10-21 20:54:04,2020-10-21 21:04:04
108,0,0,2020-10-21 20:54:17,2020-10-21 21:04:11
4,0,0,2020-10-21 20:54:24,2020-10-21 21:04:43
141,0,0,2020-10-21 20:54:34,2020-10-21 21:05:33
64,0,0,2020-10-21 20:54:34,2020-10-21 21:04:11
130,0,0,2020-10-21 20:54:35,2020-10-21 21:04:35
110,0,0,2020-10-21 20:54:35,2020-10-21 21:05:46
9,-1,0,2020-10-21 20:54:48,2020-10-21 23:59:59
70,0,0,2020-10-21 20:55:00,2020-10-21 21:05:28
158,0,0,2020-10-21 20:55:13,2020-10-21 21:04:51
28,0,0,2020-10-21 20:55:25,2020-10-21 21:05:26
30,0,0,2020-10-21 20:55:27,2020-10-21 21:06:06
160,0,0,2020-10-21 20:55:28,2020-10-21 21:06:27
131,0,0,2020-10-21 20:55:36,2020-10-21 21:04:53
78,0,0,2020-10-21 20:55:48,2020-10-21 21:05:22
40,0,0,2020-10-21 20:56:03,2020-10-21 21:06:10
33,0,0,2020-10-21 20:56:13,2020-10-21 21:04:54
127,0,0,2020-10-21 20:56:15,2020-10-21 21:06:10
11,0,0,2020-10-21 20:56:22,2020-10-21 21:07:58
117,0,0,2020-10-21 20:56:23,2020-10-21 21:04:28
56,0,0,2020-10-21 20:56:24,2020-10-21 21:07:26
2,-1,0,2020-10-21 20:56:35,2020-10-21 23:59:59
143,0,0,2020-10-21 20:56:39,2020-10-21 21:07:09
83,-1,0,2020-10-21 20:56:42,2020-10-21 23:59:59
18,0,0,2020-10-21 20:56:45,2020-10-21 21:07:30
38,0,0,2020-10-21 20:56:58,2020-10-21 21:06:37
114,0,0,2020-10-21 20:57:00,2020-10-21 21:06:04
23,-1,0,2020-10-21 20:57:06,2020-10-21 23:59:59
49,0,0,2020-10-21 20:57:11,2020-10-21 21:07:31
76,0,0,2020-10-21 20:57:17,2020-10-21 21:07:32
106,0,0,2020-10-21 20:57:18,2020-10-21 21:06:48
44,0,0,2020-10-21 20:57:25,2020-10-21 21:06:42
86,0,0,2020-10-21 20:57:27,2020-10-21 21:06:33
138,0,0,2020-10-21 20:57:35,2020-10-21 21:06:59
144,0,0,2020-10-21 20:57:35,2020-10-21 21:07:12
89,0,0,2020-10-21 20:57:38,2020-10-21 21:07:07
100,0,0,2020-10-21 20:57:39,2020-10-21 21:08:21
53,-1,0,2020-10-21 20:57:42,2020-10-21 23:59:59
109,0,0,2020-10-21 20:57:45,2020-10-21 21:07:20
118,0,0,2020-10-21 20:57:48,2020-10-21 21:08:44
101,0,0,2020-10-21 20:57:51,2020-10-21 21:08:18
103,0,0,2020-10-21 20:58:01,2020-10-21 21:08:47
59,0,0,2020-10-21 20:58:02,2020-10-21 21:06:39
72,0,0,2020-10-21 20:58:07,2020-10-21 21:10:15
62,0,0,2020-10-21 20:58:09,2020-10-21 21:08:10
65,0,0,2020-10-21 20:58:15,2020-10-21 21:06:03
10,0,0,2020-10-21 20:58:35,2020-10-21 21:09:56
98,0,0,2020-10-21 20:58:42,2020-10-21 21:09:28
111,0,0,2020-10-21 20:58:44,2020-10-21 21:09:18
55,-1,0,2020-10-21 20:58:54,2020-10-21 23:59:59
66,-1,0,2020-10-21 20:58:54,2020-10-21 23:59:59
84,0,0,2020-10-21 20:58:55,2020-10-21 21:10:01
31,0,0,2020-10-21 20:59:03,2020-10-21 21:07:32
146,0,0,2020-10-21 20:59:05,2020-10-21 21:09:15
71,0,0,2020-10-21 20:59:12,2020-10-21 21:08:52
50,-1,0,2020-10-21 20:59:20,2020-10-21 23:59:59
99,0,0,2020-10-21 20:59:21,2020-10-21 21:08:56
137,0,0,2020-10-21 20:59:25,2020-10-21 21:09:45
136,0,0,2020-10-21 20:59:32,2020-10-21 21:09:35
139,0,0,2020-10-21 20:59:34,2020-10-21 21:01:30
36,0,0,2020-10-21 20:59:35,2020-10-21 21:10:56
141,0,0,2020-10-21 20:59:40,2020-10-21 20:54:34
32,0,0,2020-10-21 20:59:40,2020-10-21 21:08:40
126,0,0,2020-10-21 20:59:52,2020-10-21 21:09:34
102,0,0,2020-10-21 21:00:12,2020-10-21 21:08:19
97,0,0,2020-10-21 21:00:15,2020-10-21 21:12:12
132,0,0,2020-10-21 21:00:16,2020-10-21 21:10:26
5,0,0,2020-10-21 21:00:16,2020-10-21 21:11:36
81,0,0,2020-10-21 21:00:17,2020-10-21 21:10:01
20,-1,0,2020-10-21 21:00:23,2020-10-21 23:59:59
120,0,0,2020-10-21 21:00:24,2020-10-21 21:08:50
133,0,0,2020-10-21 21:00:32,2020-10-21 21:12:08
77,0,0,2020-10-21 21:00:34,2020-10-21 21:11:35
113,0,0,2020-10-21 21:00:49,2020-10-21 21:12:17
94,-1,0,2020-10-21 21:00:50,2020-10-21 23:59:59
14,0,0,2020-10-21 21:00:50,2020-10-21 21:08:22
140,0,0,2020-10-21 21:00:52,2020-10-21 21:10:10
125,0,0,2020-10-21 21:01:00,2020-10-21 21:11:40
85,0,0,2020-10-21 21:01:02,2020-10-21 21:08:00
151,0,0,2020-10-21 21:01:06,2020-10-21 21:14:02
115,0,0,2020-10-21 21:01:21,2020-10-21 21:12:16
135,0,0,2020-10-21 21:01:27,2020-10-21 21:12:56
139,0,0,2020-10-21 21:01:30,2020-10-21 21:11:07
129,0,0,2020-10-21 21:01:36,2020-10-21 21:09:07
54,0,0,2020-10-21 21:01:40,2020-10-21 21:11:36
105,0,0,2020-10-21 21:01:41,2020-10-21 21:12:24
75,0,0,2020-10-21 21:01:42,2020-10-21 21:12:12
147,0,0,2020-10-21 21:01:43,2020-10-21 21:11:15
68,-1,0,2020-10-21 21:01:43,2020-10-21 23:59:59
122,0,0,2020-10-21 21:02:06,2020-10-21 21:10:49
12,-1,0,2020-10-21 21:02:43,2020-10-21 23:59:59
134,0,0,2020-10-21 21:02:45,2020-10-21 21:11:53
116,0,0,2020-10-21 21:02:58,2020-10-21 21:11:51
37,-1,0,2020-10-21 21:02:58,2020-10-21 23:59:59
104,0,0,2020-10-21 21:03:04,2020-10-21 21:12:32
148,0,0,2020-10-21 21:03:09,2020-10-21 21:12:44
123,0,0,2020-10-21 21:03:14,2020-10-21 21:13:23
128,0,0,2020-10-21 21:03:46,2020-10-21 21:15:28
124,0,0,2020-10-21 21:03:49,2020-10-21 21:14:29
93,0,0,2020-10-21 21:03:50,2020-10-21 21:14:13
107,0,0,2020-10-21 21:04:04,2020-10-21 21:15:06
63,0,0,2020-10-21 21:04:10,2020-10-21 21:15:28
108,0,0,2020-10-21 21:04:11,2020-10-21 21:14:05
64,0,0,2020-10-21 21:04:11,2020-10-21 21:14:04
117,0,0,2020-10-21 21:04:28,2020-10-21 21:15:39
119,0,0,2020-10-21 21:04:32,2020-10-21 21:15:06
130,0,0,2020-10-21 21:04:35,2020-10-21 21:13:37
142,0,0,2020-10-21 21:04:36,2020-10-21 21:13:58
121,0,0,2020-10-21 21:04:39,2020-10-21 21:14:02
4,0,0,2020-10-21 21:04:43,2020-10-21 21:12:45
158,0,0,2020-10-21 21:04:51,2020-10-21 21:14:14
131,0,0,2020-10-21 21:04:53,2020-10-21 21:14:02
33,-1,0,2020-10-21 21:04:54,2020-10-21 23:59:59
35,0,0,2020-10-21 21:05:10,2020-10-21 21:13:59
78,0,0,2020-10-21 21:05:22,2020-10-21 21:15:47
28,0,0,2020-10-21 21:05:26,2020-10-21 21:14:39
70,0,0,2020-10-21 21:05:28,2020-10-21 21:17:54
141,0,0,2020-10-21 21:05:33,2020-10-21 21:15:29
110,0,0,2020-10-21 21:05:46,2020-10-21 21:15:59
65,0,0,2020-10-21 21:06:03,2020-10-21 21:15:40
114,0,0,2020-10-21 21:06:04,2020-10-21 21:17:11
30,0,0,2020-10-21 21:06:06,2020-10-21 21:16:55
127,0,0,2020-10-21 21:06:10,2020-10-21 21:16:47
40,0,0,2020-10-21 21:06:10,2020-10-21 21:16:36
160,0,0,2020-10-21 21:06:27,2020-10-21 21:17:21
86,0,0,2020-10-21 21:06:33,2020-10-21 21:15:28
38,0,0,2020-10-21 21:06:37,2020-10-21 21:16:44
59,0,0,2020-10-21 21:06:39,2020-10-21 21:17:00
44,0,0,2020-10-21 21:06:42,2020-10-21 21:18:42
106,0,0,2020-10-21 21:06:48,2020-10-21 21:16:09
138,0,0,2020-10-21 21:06:59,2020-10-21 21:18:30
58,-1,176,2020-10-21 21:07:05,2020-10-21 21:08:12
89,0,0,2020-10-21 21:07:07,2020-10-21 21:17:09
143,0,0,2020-10-21 21:07:09,2020-10-21 21:17:25
144,0,0,2020-10-21 21:07:12,2020-10-21 21:15:25
109,0,0,2020-10-21 21:07:20,2020-10-21 21:16:12
56,-1,0,2020-10-21 21:07:26,2020-10-21 23:59:59
18,-1,0,2020-10-21 21:07:30,2020-10-21 23:59:59
49,0,0,2020-10-21 21:07:31,2020-10-21 21:17:49
76,0,0,2020-10-21 21:07:32,2020-10-21 21:17:49
31,0,0,2020-10-21 21:07:32,2020-10-21 21:15:41
11,0,0,2020-10-21 21:07:58,2020-10-21 21:18:54
85,0,0,2020-10-21 21:08:00,2020-10-21 21:15:26
62,-1,0,2020-10-21 21:08:10,2020-10-21 23:59:59
58,-1,324,2020-10-21 21:08:12,2020-10-21 21:14:32
101,0,0,2020-10-21 21:08:18,2020-10-21 21:18:03
102,0,0,2020-10-21 21:08:19,2020-10-21 21:19:03
100,0,0,2020-10-21 21:08:21,2020-10-21 21:18:04
14,-1,0,2020-10-21 21:08:22,2020-10-21 23:59:59
32,0,0,2020-10-21 21:08:40,2020-10-21 21:19:49
118,0,0,2020-10-21 21:08:44,2020-10-21 21:18:14
103,0,0,2020-10-21 21:08:47,2020-10-21 21:17:27
120,0,0,2020-10-21 21:08:50,2020-10-21 21:21:21
71,0,0,2020-10-21 21:08:52,2020-10-21 21:19:05
99,0,0,2020-10-21 21:08:56,2020-10-21 21:18:15
129,0,0,2020-10-21 21:09:07,2020-10-21 21:20:00
146,-1,0,2020-10-21 21:09:15,2020-10-21 23:59:59
111,0,0,2020-10-21 21:09:18,2020-10-21 21:17:48
98,0,0,2020-10-21 21:09:28,2020-10-21 21:19:22
126,0,0,2020-10-21 21:09:34,2020-10-21 21:21:02
136,0,0,2020-10-21 21:09:35,2020-10-21 21:19:12
137,0,0,2020-10-21 21:09:45,2020-10-21 21:19:30
10,-1,0,2020-10-21 21:09:56,2020-10-21 23:59:59
81,0,0,2020-10-21 21:10:01,2020-10-21 21:20:05
84,-1,0,2020-10-21 21:10:01,2020-10-21 23:59:59
140,0,0,2020-10-21 21:10:10,2020-10-21 21:21:18
72,0,0,2020-10-21 21:10:15,2020-10-21 21:18:59
132,0,0,2020-10-21 21:10:26,2020-10-21 21:20:00
122,0,0,2020-10-21 21:10:49,2020-10-21 21:20:58
36,0,0,2020-10-21 21:10:56,2020-10-21 21:21:40
139,0,0,2020-10-21 21:11:07,2020-10-21 21:20:49
147,-1,0,2020-10-21 21:11:15,2020-10-21 23:59:59
77,-1,0,2020-10-21 21:11:35,2020-10-21 23:59:59
5,0,0,2020-10-21 21:11:36,2020-10-21 21:21:58
54,0,0,2020-10-21 21:11:36,2020-10-21 21:20:42
125,0,0,2020-10-21 21:11:40,2020-10-21 21:21:58
116,0,0,2020-10-21 21:11:51,2020-10-21 21:22:48
134,0,0,2020-10-21 21:11:53,2020-10-21 21:22:17
133,0,0,2020-10-21 21:12:08,2020-10-21 21:23:12
97,0,0,2020-10-21 21:12:12,2020-10-21 21:21:46
75,0,0,2020-10-21 21:12:12,2020-10-21 21:22:02
115,0,0,2020-10-21 21:12:16,2020-10-21 21:22:52
113,0,0,2020-10-21 21:12:17,2020-10-21 21:20:33
105,0,0,2020-10-21 21:12:24,2020-10-21 21:22:05
104,0,0,2020-10-21 21:12:32,2020-10-21 21:24:29
148,0,0,2020-10-21 21:12:44,2020-10-21 21:22:40
4,0,0,2020-10-21 21:12:45,2020-10-21 21:21:47
135,0,0,2020-10-21 21:12:56,2020-10-21 21:23:04
123,0,0,2020-10-21 21:13:23,2020-10-21 21:21:12
130,0,0,2020-10-21 21:13:37,2020-10-21 21:23:00
142,0,0,2020-10-21 21:13:58,2020-10-21 21:23:44
35,0,0,2020-10-21 21:13:59,2020-10-21 21:23:07
151,136,0,2020-10-21 21:14:02,2020-10-21 21:18:46
131,-1,0,2020-10-21 21:14:02,2020-10-21 23:59:59
121,0,0,2020-10-21 21:14:02,2020-10-21 21:22:03
64,-1,0,2020-10-21 21:14:04,2020-10-21 23:59:59
108,0,0,2020-10-21 21:14:05,2020-10-21 21:23:19
93,0,0,2020-10-21 21:14:13,2020-10-21 21:24:04
158,0,0,2020-10-21 21:14:14,2020-10-21 21:24:23
124,0,0,2020-10-21 21:14:29,2020-10-21 21:25:46
58,-1,0,2020-10-21 21:14:32,2020-10-21 23:59:59
28,-1,0,2020-10-21 21:14:39,2020-10-21 23:59:59
107,0,0,2020-10-21 21:15:06,2020-10-21 21:25:20
119,0,0,2020-10-21 21:15:06,2020-10-21 21:25:00
144,0,0,2020-10-21 21:15:25,2020-10-21 21:25:53
85,0,0,2020-10-21 21:15:26,2020-10-21 21:27:05
63,-1,0,2020-10-21 21:15:28,2020-10-21 23:59:59
86,-1,0,2020-10-21 21:15:28,2020-10-21 23:59:59
128,0,0,2020-10-21 21:15:28,2020-10-21 21:25:00
141,0,0,2020-10-21 21:15:29,2020-10-21 21:24:14
117,0,0,2020-10-21 21:15:39,2020-10-21 21:25:35
65,0,0,2020-10-21 21:15:40,2020-10-21 21:24:56
31,0,0,2020-10-21 21:15:41,2020-10-21 21:24:11
78,0,0,2020-10-21 21:15:47,2020-10-21 21:25:47
110,0,0,2020-10-21 21:15:59,2020-10-21 21:25:14
106,0,0,2020-10-21 21:16:09,2020-10-21 21:26:30
109,0,0,2020-10-21 21:16:12,2020-10-21 21:26:11
40,0,0,2020-10-21 21:16:36,2020-10-21 21:27:17
38,0,0,2020-10-21 21:16:44,2020-10-21 21:25:04
127,0,0,2020-10-21 21:16:47,2020-10-21 21:27:34
30,0,0,2020-10-21 21:16:55,2020-10-21 21:26:37
59,0,0,2020-10-21 21:17:00,2020-10-21 21:27:16
89,0,0,2020-10-21 21:17:09,2020-10-21 21:26:36
114,0,0,2020-10-21 21:17:11,2020-10-21 21:28:15
160,-1,0,2020-10-21 21:17:21,2020-10-21 23:59:59
43,-1,117,2020-10-21 21:17:24,2020-10-21 21:18:04
143,0,0,2020-10-21 21:17:25,2020-10-21 21:26:46
103,0,0,2020-10-21 21:17:27,2020-10-21 21:27:53
111,0,0,2020-10-21 21:17:48,2020-10-21 21:27:54
49,0,0,2020-10-21 21:17:49,2020-10-21 21:28:50
76,-1,0,2020-10-21 21:17:49,2020-10-21 23:59:59
70,-1,0,2020-10-21 21:17:54,2020-10-21 23:59:59
101,0,0,2020-10-21 21:18:03,2020-10-21 21:27:16
100,0,0,2020-10-21 21:18:04,2020-10-21 21:28:54
43,-1,315,2020-10-21 21:18:04,2020-10-21 21:19:35
118,0,0,2020-10-21 21:18:14,2020-10-21 21:27:24
99,-1,0,2020-10-21 21:18:15,2020-10-21 23:59:59
138,-1,0,2020-10-21 21:18:30,2020-10-21 23:59:59
44,-1,0,2020-10-21 21:18:42,2020-10-21 23:59:59
151,136,325,2020-10-21 21:18:46,2020-10-21 21:19:59
11,0,0,2020-10-21 21:18:54,2020-10-21 21:28:49
72,-1,0,2020-10-21 21:18:59,2020-10-21 23:59:59
102,0,0,2020-10-21 21:19:03,2020-10-21 21:30:40
71,-1,0,2020-10-21 21:19:05,2020-10-21 23:59:59
136,0,0,2020-10-21 21:19:12,2020-10-21 21:28:56
152,-1,204,2020-10-21 21:19:19,2020-10-21 21:19:34
98,0,0,2020-10-21 21:19:22,2020-10-21 21:29:20
137,0,0,2020-10-21 21:19:30,2020-10-21 21:27:30
152,-1,403,2020-10-21 21:19:34,2020-10-21 21:20:10
43,-1,320,2020-10-21 21:19:35,2020-10-21 21:19:52
32,0,0,2020-10-21 21:19:49,2020-10-21 21:30:09
43,-1,326,2020-10-21 21:19:52,2020-10-21 21:20:34
151,136,421,2020-10-21 21:19:59,2020-10-21 21:20:22
129,0,0,2020-10-21 21:20:00,2020-10-21 21:30:06
132,0,0,2020-10-21 21:20:00,2020-10-21 21:29:05
81,0,0,2020-10-21 21:20:05,2020-10-21 21:31:23
152,-1,402,2020-10-21 21:20:10,2020-10-21 21:20:24
151,136,419,2020-10-21 21:20:22,2020-10-21 21:21:06
152,-1,401,2020-10-21 21:20:24,2020-10-21 21:20:34
113,0,0,2020-10-21 21:20:33,2020-10-21 21:29:36
43,-1,0,2020-10-21 21:20:34,2020-10-21 23:59:59
152,-1,301,2020-10-21 21:20:34,2020-10-21 21:22:41
54,0,0,2020-10-21 21:20:42,2020-10-21 21:30:42
139,0,0,2020-10-21 21:20:49,2020-10-21 21:30:26
122,0,0,2020-10-21 21:20:58,2020-10-21 21:30:58
126,0,0,2020-10-21 21:21:02,2020-10-21 21:30:41
151,136,253,2020-10-21 21:21:06,2020-10-21 21:47:23
123,0,0,2020-10-21 21:21:12,2020-10-21 21:31:12
140,0,0,2020-10-21 21:21:18,2020-10-21 21:29:23
120,0,0,2020-10-21 21:21:21,2020-10-21 21:30:39
36,0,0,2020-10-21 21:21:40,2020-10-21 21:29:50
97,0,0,2020-10-21 21:21:46,2020-10-21 21:32:05
4,0,0,2020-10-21 21:21:47,2020-10-21 21:31:43
125,0,0,2020-10-21 21:21:58,2020-10-21 21:30:15
5,-1,0,2020-10-21 21:21:58,2020-10-21 23:59:59
75,0,0,2020-10-21 21:22:02,2020-10-21 21:33:14
121,0,0,2020-10-21 21:22:03,2020-10-21 21:31:46
105,0,0,2020-10-21 21:22:05,2020-10-21 21:33:52
134,0,0,2020-10-21 21:22:17,2020-10-21 21:32:40
148,0,0,2020-10-21 21:22:40,2020-10-21 21:30:56
152,-1,0,2020-10-21 21:22:41,2020-10-21 23:59:59
116,0,0,2020-10-21 21:22:48,2020-10-21 21:33:45
115,0,0,2020-10-21 21:22:52,2020-10-21 21:32:46
130,0,0,2020-10-21 21:23:00,2020-10-21 21:33:05
135,0,0,2020-10-21 21:23:04,2020-10-21 21:32:56
35,0,0,2020-10-21 21:23:07,2020-10-21 21:32:06
133,0,0,2020-10-21 21:23:12,2020-10-21 21:35:13
108,0,0,2020-10-21 21:23:19,2020-10-21 21:34:32
142,0,0,2020-10-21 21:23:44,2020-10-21 21:34:32
93,0,0,2020-10-21 21:24:04,2020-10-21 21:35:06
31,0,0,2020-10-21 21:24:11,2020-10-21 21:33:18
141,0,0,2020-10-21 21:24:14,2020-10-21 21:33:58
158,-1,0,2020-10-21 21:24:23,2020-10-21 23:59:59
104,0,0,2020-10-21 21:24:29,2020-10-21 21:35:12
65,0,0,2020-10-21 21:24:56,2020-10-21 21:36:38
119,0,0,2020-10-21 21:25:00,2020-10-21 21:34:56
128,0,0,2020-10-21 21:25:00,2020-10-21 21:33:59
38,-1,0,2020-10-21 21:25:04,2020-10-21 23:59:59
110,0,0,2020-10-21 21:25:14,2020-10-21 21:36:04
107,0,0,2020-10-21 21:25:20,2020-10-21 21:35:20
117,0,0,2020-10-21 21:25:35,2020-10-21 21:37:57
124,0,0,2020-10-21 21:25:46,2020-10-21 21:36:19
78,0,0,2020-10-21 21:25:47,2020-10-21 21:37:12
144,0,0,2020-10-21 21:25:53,2020-10-21 21:36:31
109,0,0,2020-10-21 21:26:11,2020-10-21 21:37:39
106,0,0,2020-10-21 21:26:30,2020-10-21 21:35:54
89,0,0,2020-10-21 21:26:36,2020-10-21 21:35:32
30,-1,0,2020-10-21 21:26:37,2020-10-21 23:59:59
143,0,0,2020-10-21 21:26:46,2020-10-21 21:36:01
85,-1,0,2020-10-21 21:27:05,2020-10-21 23:59:59
59,-1,0,2020-10-21 21:27:16,2020-10-21 23:59:59
101,-1,0,2020-10-21 21:27:16,2020-10-21 23:59:59
40,0,0,2020-10-21 21:27:17,2020-10-21 21:39:10
118,0,0,2020-10-21 21:27:24,2020-10-21 21:38:42
137,0,0,2020-10-21 21:27:30,2020-10-21 21:39:43
127,0,0,2020-10-21 21:27:34,2020-10-21 21:36:25
103,0,0,2020-10-21 21:27:53,2020-10-21 21:37:44
111,0,0,2020-10-21 21:27:54,2020-10-21 21:38:41
114,-1,0,2020-10-21 21:28:15,2020-10-21 23:59:59
11,0,0,2020-10-21 21:28:49,2020-10-21 21:39:15
49,-1,0,2020-10-21 21:28:50,2020-10-21 23:59:59
100,0,0,2020-10-21 21:28:54,2020-10-21 21:40:12
136,0,0,2020-10-21 21:28:56,2020-10-21 21:39:59
132,0,0,2020-10-21 21:29:05,2020-10-21 21:37:20
98,0,0,2020-10-21 21:29:20,2020-10-21 21:39:41
140,0,0,2020-10-21 21:29:23,2020-10-21 21:39:11
113,0,0,2020-10-21 21:29:36,2020-10-21 21:40:40
36,-1,0,2020-10-21 21:29:50,2020-10-21 23:59:59
129,0,0,2020-10-21 21:30:06,2020-10-21 21:39:32
32,-1,0,2020-10-21 21:30:09,2020-10-21 23:59:59
125,0,0,2020-10-21 21:30:15,2020-10-21 21:39:32
139,0,0,2020-10-21 21:30:26,2020-10-21 21:39:17
120,0,0,2020-10-21 21:30:39,2020-10-21 21:42:01
102,0,0,2020-10-21 21:30:40,2020-10-21 21:40:06
126,0,0,2020-10-21 21:30:41,2020-10-21 21:42:07
54,0,0,2020-10-21 21:30:42,2020-10-21 21:41:17
148,0,0,2020-10-21 21:30:56,2020-10-21 21:40:45
122,0,0,2020-10-21 21:30:58,2020-10-21 21:41:58
123,0,0,2020-10-21 21:31:12,2020-10-21 21:42:03
81,-1,0,2020-10-21 21:31:23,2020-10-21 23:59:59
4,0,0,2020-10-21 21:31:43,2020-10-21 21:41:03
121,0,0,2020-10-21 21:31:46,2020-10-21 21:43:07
97,0,0,2020-10-21 21:32:05,2020-10-21 21:41:22
35,0,0,2020-10-21 21:32:06,2020-10-21 21:42:35
134,0,0,2020-10-21 21:32:40,2020-10-21 21:44:31
115,0,0,2020-10-21 21:32:46,2020-10-21 21:43:45
135,0,0,2020-10-21 21:32:56,2020-10-21 21:42:46
130,0,0,2020-10-21 21:33:05,2020-10-21 21:42:00
75,-1,0,2020-10-21 21:33:14,2020-10-21 23:59:59
31,-1,0,2020-10-21 21:33:18,2020-10-21 23:59:59
116,0,0,2020-10-21 21:33:45,2020-10-21 21:44:14
105,-1,0,2020-10-21 21:33:52,2020-10-21 23:59:59
141,0,0,2020-10-21 21:33:58,2020-10-21 21:43:41
128,-1,0,2020-10-21 21:33:59,2020-10-21 23:59:59
142,0,0,2020-10-21 21:34:32,2020-10-21 21:42:54
108,0,0,2020-10-21 21:34:32,2020-10-21 21:45:06
119,0,0,2020-10-21 21:34:56,2020-10-21 21:45:07
93,0,0,2020-10-21 21:35:06,2020-10-21 21:44:52
104,0,0,2020-10-21 21:35:12,2020-10-21 21:45:08
133,0,0,2020-10-21 21:35:13,2020-10-21 21:44:16
107,0,0,2020-10-21 21:35:20,2020-10-21 21:44:23
89,-1,0,2020-10-21 21:35:32,2020-10-21 23:59:59
106,0,0,2020-10-21 21:35:54,2020-10-21 21:46:45
143,-1,0,2020-10-21 21:36:01,2020-10-21 23:59:59
110,0,0,2020-10-21 21:36:04,2020-10-21 21:46:16
124,0,0,2020-10-21 21:36:19,2020-10-21 21:46:19
127,0,0,2020-10-21 21:36:25,2020-10-21 21:48:45
144,-1,0,2020-10-21 21:36:31,2020-10-21 23:59:59
65,-1,0,2020-10-21 21:36:38,2020-10-21 23:59:59
78,0,0,2020-10-21 21:37:12,2020-10-21 21:47:02
132,0,0,2020-10-21 21:37:20,2020-10-21 21:45:42
109,0,0,2020-10-21 21:37:39,2020-10-21 21:47:25
103,0,0,2020-10-21 21:37:44,2020-10-21 21:48:17
117,0,0,2020-10-21 21:37:57,2020-10-21 21:48:38
111,0,0,2020-10-21 21:38:41,2020-10-21 21:49:46
118,0,0,2020-10-21 21:38:42,2020-10-21 21:48:35
40,0,0,2020-10-21 21:39:10,2020-10-21 21:49:02
140,0,0,2020-10-21 21:39:11,2020-10-21 21:49:54
11,-1,0,2020-10-21 21:39:15,2020-10-21 23:59:59
139,0,0,2020-10-21 21:39:17,2020-10-21 21:49:02
129,0,0,2020-10-21 21:39:32,2020-10-21 21:49:32
125,0,0,2020-10-21 21:39:32,2020-10-21 21:48:42
98,-1,0,2020-10-21 21:39:41,2020-10-21 23:59:59
137,0,0,2020-10-21 21:39:43,2020-10-21 21:51:19
136,0,0,2020-10-21 21:39:59,2020-10-21 21:50:19
102,0,0,2020-10-21 21:40:06,2020-10-21 21:49:49
100,0,0,2020-10-21 21:40:12,2020-10-21 21:47:52
113,0,0,2020-10-21 21:40:40,2020-10-21 21:52:52
148,0,0,2020-10-21 21:40:45,2020-10-21 21:50:58
4,-1,0,2020-10-21 21:41:03,2020-10-21 23:59:59
54,-1,0,2020-10-21 21:41:17,2020-10-21 23:59:59
97,0,0,2020-10-21 21:41:22,2020-10-21 21:53:33
122,0,0,2020-10-21 21:41:58,2020-10-21 21:51:34
130,0,0,2020-10-21 21:42:00,2020-10-21 21:52:36
120,0,0,2020-10-21 21:42:01,2020-10-21 21:50:26
123,0,0,2020-10-21 21:42:03,2020-10-21 21:54:37
126,-1,0,2020-10-21 21:42:07,2020-10-21 23:59:59
35,-1,0,2020-10-21 21:42:35,2020-10-21 23:59:59
135,0,0,2020-10-21 21:42:46,2020-10-21 21:51:07
142,0,0,2020-10-21 21:42:54,2020-10-21 21:53:28
121,0,0,2020-10-21 21:43:07,2020-10-21 21:52:37
141,0,0,2020-10-21 21:43:41,2020-10-21 21:53:27
115,0,0,2020-10-21 21:43:45,2020-10-21 21:55:26
116,0,0,2020-10-21 21:44:14,2020-10-21 21:53:44
133,0,0,2020-10-21 21:44:16,2020-10-21 21:54:59
107,0,0,2020-10-21 21:44:23,2020-10-21 21:55:16
134,0,0,2020-10-21 21:44:31,2020-10-21 21:54:34
93,-1,0,2020-10-21 21:44:52,2020-10-21 23:59:59
108,0,0,2020-10-21 21:45:06,2020-10-21 21:57:08
119,0,0,2020-10-21 21:45:07,2020-10-21 21:54:12
104,0,0,2020-10-21 21:45:08,2020-10-21 21:54:20
132,0,0,2020-10-21 21:45:42,2020-10-21 21:56:07
110,0,0,2020-10-21 21:46:16,2020-10-21 21:55:06
124,0,0,2020-10-21 21:46:19,2020-10-21 21:56:09
106,0,0,2020-10-21 21:46:45,2020-10-21 21:55:16
78,0,0,2020-10-21 21:47:02,2020-10-21 21:57:05
151,-1,253,2020-10-21 21:47:23,2020-10-21 21:48:02
109,0,0,2020-10-21 21:47:25,2020-10-21 21:56:59
100,0,0,2020-10-21 21:47:52,2020-10-21 21:56:38
151,-1,419,2020-10-21 21:48:02,2020-10-21 21:48:27
103,0,0,2020-10-21 21:48:17,2020-10-21 21:57:46
151,-1,421,2020-10-21 21:48:27,2020-10-21 21:50:27
118,0,0,2020-10-21 21:48:35,2020-10-21 21:59:11
117,0,0,2020-10-21 21:48:38,2020-10-21 21:59:08
125,0,0,2020-10-21 21:48:42,2020-10-21 21:58:07
127,0,0,2020-10-21 21:48:45,2020-10-21 21:57:57
40,-1,0,2020-10-21 21:49:02,2020-10-21 23:59:59
139,0,0,2020-10-21 21:49:02,2020-10-21 21:58:39
129,0,0,2020-10-21 21:49:32,2020-10-21 21:59:21
111,0,0,2020-10-21 21:49:46,2020-10-21 21:59:58
102,0,0,2020-10-21 21:49:49,2020-10-21 22:01:12
140,0,0,2020-10-21 21:49:54,2020-10-21 22:00:30
136,0,0,2020-10-21 21:50:19,2020-10-21 22:01:42
120,0,0,2020-10-21 21:50:26,2020-10-21 22:01:30
151,-1,325,2020-10-21 21:50:27,2020-10-21 21:56:27
154,-1,117,2020-10-21 21:50:41,2020-10-21 21:51:21
148,-1,0,2020-10-21 21:50:58,2020-10-21 23:59:59
135,0,0,2020-10-21 21:51:07,2020-10-21 22:01:25
137,0,0,2020-10-21 21:51:19,2020-10-21 22:01:17
154,-1,315,2020-10-21 21:51:21,2020-10-21 21:52:52
122,0,0,2020-10-21 21:51:34,2020-10-21 22:01:56
130,-1,0,2020-10-21 21:52:36,2020-10-21 23:59:59
121,0,0,2020-10-21 21:52:37,2020-10-21 22:03:07
154,-1,320,2020-10-21 21:52:52,2020-10-21 21:53:09
113,0,0,2020-10-21 21:52:52,2020-10-21 22:02:40
154,-1,326,2020-10-21 21:53:09,2020-10-21 21:53:51
141,0,0,2020-10-21 21:53:27,2020-10-21 22:03:55
142,0,0,2020-10-21 21:53:28,2020-10-21 22:04:23
97,0,0,2020-10-21 21:53:33,2020-10-21 22:02:10
116,0,0,2020-10-21 21:53:44,2020-10-21 22:03:19
154,-1,0,2020-10-21 21:53:51,2020-10-21 23:59:59
119,0,0,2020-10-21 21:54:12,2020-10-21 22:03:25
104,0,0,2020-10-21 21:54:20,2020-10-21 22:03:26
134,0,0,2020-10-21 21:54:34,2020-10-21 22:04:47
123,-1,0,2020-10-21 21:54:37,2020-10-21 23:59:59
133,-1,0,2020-10-21 21:54:59,2020-10-21 23:59:59
110,0,0,2020-10-21 21:55:06,2020-10-21 22:04:15
106,0,0,2020-10-21 21:55:16,2020-10-21 22:05:16
107,0,0,2020-10-21 21:55:16,2020-10-21 22:03:23
115,0,0,2020-10-21 21:55:26,2020-10-21 22:04:25
132,0,0,2020-10-21 21:56:07,2020-10-21 22:07:08
124,-1,0,2020-10-21 21:56:09,2020-10-21 23:59:59
151,-1,0,2020-10-21 21:56:27,2020-10-21 23:59:59
100,0,0,2020-10-21 21:56:38,2020-10-21 22:05:35
109,0,0,2020-10-21 21:56:59,2020-10-21 22:07:17
78,0,0,2020-10-21 21:57:05,2020-10-21 22:08:42
108,0,0,2020-10-21 21:57:08,2020-10-21 22:06:18
103,0,0,2020-10-21 21:57:46,2020-10-21 22:07:54
127,0,0,2020-10-21 21:57:57,2020-10-21 22:07:12
125,0,0,2020-10-21 21:58:07,2020-10-21 22:09:18
139,0,0,2020-10-21 21:58:39,2020-10-21 22:08:39
157,-1,230,2020-10-21 21:58:52,2020-10-21 21:59:10
117,0,0,2020-10-21 21:59:08,2020-10-21 22:08:42
157,-1,411,2020-10-21 21:59:10,2020-10-21 21:59:31
118,0,0,2020-10-21 21:59:11,2020-10-21 22:09:33
129,-1,0,2020-10-21 21:59:21,2020-10-21 23:59:59
157,-1,412,2020-10-21 21:59:31,2020-10-21 22:00:48
111,-1,0,2020-10-21 21:59:58,2020-10-21 23:59:59
140,0,0,2020-10-21 22:00:30,2020-10-21 22:12:21
157,-1,403,2020-10-21 22:00:48,2020-10-21 22:01:15
102,0,0,2020-10-21 22:01:12,2020-10-21 22:10:42
157,-1,402,2020-10-21 22:01:15,2020-10-21 22:01:37
137,0,0,2020-10-21 22:01:17,2020-10-21 22:10:53
135,-1,0,2020-10-21 22:01:25,2020-10-21 23:59:59
120,0,0,2020-10-21 22:01:30,2020-10-21 22:12:04
157,-1,401,2020-10-21 22:01:37,2020-10-21 22:01:48
136,0,0,2020-10-21 22:01:42,2020-10-21 22:12:13
157,-1,301,2020-10-21 22:01:48,2020-10-21 22:03:50
122,0,0,2020-10-21 22:01:56,2020-10-21 22:10:34
97,0,0,2020-10-21 22:02:10,2020-10-21 22:12:10
113,0,0,2020-10-21 22:02:40,2020-10-21 22:12:51
121,-1,0,2020-10-21 22:03:07,2020-10-21 23:59:59
116,0,0,2020-10-21 22:03:19,2020-10-21 22:12:53
107,-1,0,2020-10-21 22:03:23,2020-10-21 23:59:59
119,0,0,2020-10-21 22:03:25,2020-10-21 22:14:57
104,-1,0,2020-10-21 22:03:26,2020-10-21 23:59:59
157,-1,0,2020-10-21 22:03:50,2020-10-21 23:59:59
141,-1,0,2020-10-21 22:03:55,2020-10-21 23:59:59
110,-1,0,2020-10-21 22:04:15,2020-10-21 23:59:59
142,-1,0,2020-10-21 22:04:23,2020-10-21 23:59:59
115,0,0,2020-10-21 22:04:25,2020-10-21 22:14:37
134,-1,0,2020-10-21 22:04:47,2020-10-21 23:59:59
106,0,0,2020-10-21 22:05:16,2020-10-21 22:14:03
100,-1,0,2020-10-21 22:05:35,2020-10-21 23:59:59
108,0,0,2020-10-21 22:06:18,2020-10-21 22:18:07
132,0,0,2020-10-21 22:07:08,2020-10-21 22:17:40
127,0,0,2020-10-21 22:07:12,2020-10-21 22:19:19
109,0,0,2020-10-21 22:07:17,2020-10-21 22:18:27
103,0,0,2020-10-21 22:07:54,2020-10-21 22:18:53
139,0,0,2020-10-21 22:08:39,2020-10-21 22:17:47
78,-1,0,2020-10-21 22:08:42,2020-10-21 23:59:59
117,0,0,2020-10-21 22:08:42,2020-10-21 22:19:22
125,0,0,2020-10-21 22:09:18,2020-10-21 22:19:26
118,0,0,2020-10-21 22:09:33,2020-10-21 22:19:40
122,0,0,2020-10-21 22:10:34,2020-10-21 22:20:26
102,-1,0,2020-10-21 22:10:42,2020-10-21 23:59:59
137,0,0,2020-10-21 22:10:53,2020-10-21 22:20:23
120,0,0,2020-10-21 22:12:04,2020-10-21 22:21:20
97,-1,0,2020-10-21 22:12:10,2020-10-21 23:59:59
136,0,0,2020-10-21 22:12:13,2020-10-21 22:20:18
140,-1,0,2020-10-21 22:12:21,2020-10-21 23:59:59
113,0,0,2020-10-21 22:12:51,2020-10-21 22:21:42
116,0,0,2020-10-21 22:12:53,2020-10-21 22:22:34
106,0,0,2020-10-21 22:14:03,2020-10-21 22:23:35
115,0,0,2020-10-21 22:14:37,2020-10-21 22:24:14
119,0,0,2020-10-21 22:14:57,2020-10-21 22:24:07
132,0,0,2020-10-21 22:17:40,2020-10-21 22:27:04
139,0,0,2020-10-21 22:17:47,2020-10-21 22:26:24
108,0,0,2020-10-21 22:18:07,2020-10-21 22:29:20
109,-1,0,2020-10-21 22:18:27,2020-10-21 23:59:59
103,0,0,2020-10-21 22:18:53,2020-10-21 22:29:04
127,0,0,2020-10-21 22:19:19,2020-10-21 22:28:03
117,0,0,2020-10-21 22:19:22,2020-10-21 22:29:35
125,0,0,2020-10-21 22:19:26,2020-10-21 22:31:13
118,-1,0,2020-10-21 22:19:40,2020-10-21 23:59:59
136,0,0,2020-10-21 22:20:18,2020-10-21 22:29:07
137,0,0,2020-10-21 22:20:23,2020-10-21 22:30:13
122,0,0,2020-10-21 22:20:26,2020-10-21 22:31:30
120,-1,0,2020-10-21 22:21:20,2020-10-21 23:59:59
113,-1,0,2020-10-21 22:21:42,2020-10-21 23:59:59
116,-1,0,2020-10-21 22:22:34,2020-10-21 23:59:59
106,-1,0,2020-10-21 22:23:35,2020-10-21 23:59:59
119,-1,0,2020-10-21 22:24:07,2020-10-21 23:59:59
115,0,0,2020-10-21 22:24:14,2020-10-21 22:34:03
139,0,0,2020-10-21 22:26:24,2020-10-21 22:36:19
132,-1,0,2020-10-21 22:27:04,2020-10-21 23:59:59
127,0,0,2020-10-21 22:28:03,2020-10-21 22:37:13
103,0,0,2020-10-21 22:29:04,2020-10-21 22:39:27
136,0,0,2020-10-21 22:29:07,2020-10-21 22:39:07
108,0,0,2020-10-21 22:29:20,2020-10-21 22:38:52
117,0,0,2020-10-21 22:29:35,2020-10-21 22:41:09
137,0,0,2020-10-21 22:30:13,2020-10-21 22:39:13
125,0,0,2020-10-21 22:31:13,2020-10-21 22:40:15
122,-1,0,2020-10-21 22:31:30,2020-10-21 23:59:59
115,-1,0,2020-10-21 22:34:03,2020-10-21 23:59:59
139,-1,0,2020-10-21 22:36:19,2020-10-21 23:59:59
127,0,0,2020-10-21 22:37:13,2020-10-21 22:48:09
108,0,0,2020-10-21 22:38:52,2020-10-21 22:49:35
136,0,0,2020-10-21 22:39:07,2020-10-21 22:50:04
137,0,0,2020-10-21 22:39:13,2020-10-21 22:48:50
103,0,0,2020-10-21 22:39:27,2020-10-21 22:48:53
125,-1,0,2020-10-21 22:40:15,2020-10-21 23:59:59
117,-1,0,2020-10-21 22:41:09,2020-10-21 23:59:59
127,-1,0,2020-10-21 22:48:09,2020-10-21 23:59:59
137,-1,0,2020-10-21 22:48:50,2020-10-21 23:59:59
103,0,0,2020-10-21 22:48:53,2020-10-21 22:59:05
108,0,0,2020-10-21 22:49:35,2020-10-21 22:59:43
136,0,0,2020-10-21 22:50:04,2020-10-21 22:58:51
136,-1,0,2020-10-21 22:58:51,2020-10-21 23:59:59
103,-1,0,2020-10-21 22:59:05,2020-10-21 23:59:59
108,-1,0,2020-10-21 22:59:43,2020-10-21 23:59:59
